/*--------------------------------*- C++ -*----------------------------------*\
| =========                 |                                                 |
| \\      /  F ield         | OpenFOAM: The Open Source CFD Toolbox           |
|  \\    /   O peration     | Version:  2412                                  |
|   \\  /    A nd           | Website:  www.openfoam.com                      |
|    \\/     M anipulation  |                                                 |
\*---------------------------------------------------------------------------*/
FoamFile
{
    version     2.0;
    format      ascii;
    arch        "LSB;label=32;scalar=64";
    class       volScalarField;
    location    "900";
    object      p;
}
// * * * * * * * * * * * * * * * * * * * * * * * * * * * * * * * * * * * * * //

dimensions      [0 2 -2 0 0 0 0];

internalField   nonuniform List<scalar> 
8000
(
0.0508492
0.0508231
0.0507498
0.0506319
0.0504943
0.0503144
0.0501089
0.0498668
0.0496032
0.0493084
0.0489938
0.0486528
0.0482947
0.0479148
0.04752
0.0471072
0.0466816
0.0462412
0.0457899
0.0453262
0.0448532
0.0443701
0.0438789
0.0433794
0.0428732
0.04236
0.0418414
0.0413172
0.0407886
0.0402558
0.0397197
0.0391806
0.0386395
0.0380967
0.0375531
0.0370091
0.0364657
0.0359233
0.0353828
0.034845
0.0343104
0.03378
0.0332544
0.0327344
0.0322208
0.0317143
0.0312156
0.0307254
0.0302442
0.0297728
0.0293115
0.0288609
0.0284214
0.0279933
0.0275768
0.0271722
0.0267793
0.0263985
0.0260293
0.0256719
0.0253259
0.0249911
0.0246671
0.0243536
0.02405
0.0237561
0.0234711
0.0231947
0.0229262
0.0226653
0.0224112
0.0221637
0.021922
0.0216859
0.0214545
0.0212278
0.021005
0.0207862
0.0205704
0.0203578
0.0201477
0.0199403
0.0197347
0.0195313
0.0193293
0.0191291
0.01893
0.0187323
0.0185355
0.0183398
0.0181448
0.0179508
0.0177574
0.0175648
0.0173727
0.0171814
0.0169903
0.0168002
0.0166102
0.0164211
0.0162322
0.0160441
0.0158562
0.0156691
0.0154822
0.0152961
0.0151102
0.0149251
0.0147403
0.0145562
0.0143723
0.0141892
0.0140063
0.0138243
0.0136424
0.0134614
0.0132805
0.0131005
0.0129206
0.0127416
0.0125628
0.012385
0.0122072
0.0120305
0.0118539
0.0116782
0.0115028
0.0113284
0.0111541
0.0109809
0.0108078
0.0106358
0.010464
0.0102932
0.0101225
0.00995293
0.00978346
0.00961502
0.0094467
0.0092794
0.0091122
0.00894603
0.00877993
0.00861487
0.00844985
0.00828589
0.00812195
0.00795909
0.00779622
0.00763446
0.00747265
0.00731198
0.00715123
0.00699163
0.00683193
0.00667338
0.0065147
0.00635718
0.0061995
0.00604296
0.00588625
0.00573066
0.0055749
0.00542021
0.00526536
0.00511156
0.00495757
0.00480463
0.00465148
0.00449937
0.00434702
0.00419571
0.00404413
0.00389359
0.00374274
0.00359294
0.00344277
0.00329367
0.00314417
0.00299574
0.00284687
0.00269909
0.00255084
0.00240367
0.00225604
0.00210947
0.00196243
0.00181644
0.00166997
0.00152452
0.00137858
0.0012336
0.00108813
0.000943562
0.00079846
0.000654198
0.000509352
0.000365239
0.000220273
7.47438e-05
0.0508584
0.0508323
0.0507587
0.0506404
0.0505026
0.0503222
0.0501163
0.0498737
0.0496097
0.0493144
0.0489993
0.0486579
0.0482994
0.0479191
0.0475239
0.0471108
0.0466849
0.0462442
0.0457926
0.0453287
0.0448555
0.0443721
0.0438808
0.0433811
0.0428747
0.0423614
0.0418426
0.0413182
0.0407895
0.0402565
0.0397203
0.039181
0.0386398
0.0380968
0.037553
0.0370089
0.0364652
0.0359227
0.035382
0.034844
0.0343092
0.0337786
0.0332528
0.0327327
0.0322189
0.0317123
0.0312133
0.030723
0.0302417
0.0297701
0.0293087
0.0288581
0.0284185
0.0279903
0.0275738
0.0271691
0.0267763
0.0263954
0.0260263
0.025669
0.0253231
0.0249884
0.0246644
0.0243511
0.0240476
0.0237538
0.0234689
0.0231926
0.0229243
0.0226635
0.0224096
0.0221622
0.0219206
0.0216846
0.0214533
0.0212268
0.0210041
0.0207853
0.0205696
0.0203572
0.0201471
0.0199397
0.0197342
0.0195308
0.0193289
0.0191287
0.0189297
0.018732
0.0185352
0.0183396
0.0181446
0.0179506
0.0177572
0.0175646
0.0173725
0.0171812
0.0169902
0.0168
0.0166101
0.016421
0.0162321
0.016044
0.0158561
0.015669
0.0154821
0.015296
0.0151101
0.014925
0.0147401
0.014556
0.0143722
0.0141891
0.0140062
0.0138241
0.0136423
0.0134612
0.0132803
0.0131003
0.0129205
0.0127415
0.0125627
0.0123848
0.0122071
0.0120303
0.0118537
0.0116781
0.0115026
0.0113282
0.011154
0.0109807
0.0108077
0.0106357
0.0104638
0.010293
0.0101224
0.00995277
0.0097833
0.00961486
0.00944654
0.00927924
0.00911205
0.00894587
0.00877978
0.00861472
0.0084497
0.00828574
0.0081218
0.00795894
0.00779607
0.00763431
0.0074725
0.00731183
0.00715108
0.00699149
0.00683178
0.00667324
0.00651456
0.00635704
0.00619937
0.00604283
0.00588612
0.00573053
0.00557477
0.00542009
0.00526524
0.00511144
0.00495746
0.00480451
0.00465137
0.00449926
0.00434691
0.00419561
0.00404403
0.00389349
0.00374264
0.00359284
0.00344267
0.00329358
0.00314408
0.00299565
0.00284678
0.002699
0.00255075
0.00240359
0.00225595
0.00210939
0.00196235
0.00181636
0.0016699
0.00152444
0.00137851
0.00123354
0.00108807
0.000943509
0.000798415
0.00065416
0.000509323
0.00036522
0.000220275
7.47508e-05
0.0508767
0.0508507
0.0507764
0.0506576
0.0505192
0.050338
0.0501311
0.0498877
0.0496226
0.0493264
0.0490104
0.0486681
0.0483087
0.0479276
0.0475317
0.0471179
0.0466914
0.0462501
0.045798
0.0453336
0.04486
0.0443762
0.0438845
0.0433844
0.0428777
0.042364
0.0418449
0.0413202
0.0407912
0.0402579
0.0397214
0.0391819
0.0386403
0.038097
0.0375528
0.0370084
0.0364644
0.0359215
0.0353805
0.034842
0.0343069
0.0337759
0.0332498
0.0327293
0.0322151
0.0317081
0.0312089
0.0307182
0.0302366
0.0297648
0.0293032
0.0288524
0.0284126
0.0279844
0.0275677
0.027163
0.0267702
0.0263894
0.0260204
0.0256632
0.0253174
0.0249829
0.0246591
0.024346
0.0240427
0.0237492
0.0234645
0.0231886
0.0229205
0.02266
0.0224063
0.0221592
0.0219178
0.021682
0.021451
0.0212247
0.0210022
0.0207836
0.0205681
0.0203558
0.0201459
0.0199386
0.0197332
0.0195299
0.0193281
0.019128
0.018929
0.0187314
0.0185347
0.0183391
0.0181442
0.0179502
0.0177568
0.0175643
0.0173722
0.0171809
0.0169899
0.0167997
0.0166098
0.0164207
0.0162318
0.0160437
0.0158558
0.0156687
0.0154818
0.0152957
0.0151098
0.0149247
0.0147398
0.0145557
0.0143719
0.0141888
0.0140059
0.0138238
0.013642
0.0134609
0.01328
0.0131
0.0129202
0.0127412
0.0125624
0.0123845
0.0122068
0.01203
0.0118534
0.0116778
0.0115023
0.0113279
0.0111536
0.0109804
0.0108073
0.0106353
0.0104635
0.0102927
0.0101221
0.00995244
0.00978299
0.00961454
0.00944623
0.00927893
0.00911175
0.00894557
0.00877948
0.00861441
0.0084494
0.00828544
0.00812151
0.00795865
0.00779578
0.00763402
0.00747221
0.00731154
0.00715079
0.0069912
0.0068315
0.00667296
0.00651429
0.00635677
0.0061991
0.00604256
0.00588586
0.00573028
0.00557452
0.00541984
0.00526499
0.0051112
0.00495722
0.00480428
0.00465114
0.00449903
0.0043467
0.00419539
0.00404382
0.00389328
0.00374244
0.00359264
0.00344248
0.00329339
0.00314389
0.00299547
0.0028466
0.00269882
0.00255058
0.00240342
0.00225578
0.00210922
0.00196219
0.0018162
0.00166974
0.0015243
0.00137837
0.00123341
0.00108795
0.000943404
0.000798323
0.000654082
0.000509263
0.000365176
0.000220258
7.47507e-05
0.0509042
0.0508782
0.0508031
0.0506834
0.0505442
0.0503618
0.0501534
0.0499085
0.0496421
0.0493444
0.049027
0.0486834
0.0483226
0.0479404
0.0475434
0.0471286
0.0467011
0.046259
0.0458061
0.045341
0.0448667
0.0443823
0.04389
0.0433894
0.0428822
0.042368
0.0418485
0.0413233
0.0407939
0.0402601
0.0397231
0.0391831
0.038641
0.0380972
0.0375526
0.0370076
0.0364631
0.0359197
0.0353781
0.0348391
0.0343034
0.0337719
0.0332452
0.0327241
0.0322094
0.0317019
0.0312022
0.030711
0.030229
0.0297568
0.0292949
0.0288438
0.0284038
0.0279754
0.0275586
0.0271539
0.0267611
0.0263804
0.0260114
0.0256544
0.0253088
0.0249746
0.0246512
0.0243383
0.0240355
0.0237422
0.023458
0.0231824
0.0229148
0.0226547
0.0224014
0.0221547
0.0219137
0.0216782
0.0214475
0.0212215
0.0209993
0.020781
0.0205658
0.0203537
0.020144
0.019937
0.0197317
0.0195286
0.0193269
0.0191269
0.0189281
0.0187305
0.0185339
0.0183384
0.0181435
0.0179496
0.0177563
0.0175638
0.0173717
0.0171804
0.0169894
0.0167993
0.0166094
0.0164203
0.0162314
0.0160433
0.0158554
0.0156683
0.0154814
0.0152953
0.0151094
0.0149243
0.0147394
0.0145553
0.0143714
0.0141884
0.0140055
0.0138234
0.0136415
0.0134605
0.0132796
0.0130996
0.0129197
0.0127408
0.0125619
0.012384
0.0122063
0.0120295
0.0118529
0.0116773
0.0115018
0.0113274
0.0111531
0.0109799
0.0108068
0.0106348
0.010463
0.0102922
0.0101216
0.00995196
0.00978251
0.00961407
0.00944577
0.00927847
0.00911129
0.00894512
0.00877903
0.00861396
0.00844896
0.008285
0.00812106
0.0079582
0.00779533
0.00763357
0.00747177
0.0073111
0.00715036
0.00699077
0.00683107
0.00667254
0.00651387
0.00635636
0.00619869
0.00604217
0.00588548
0.00572989
0.00557414
0.00541947
0.00526463
0.00511084
0.00495687
0.00480393
0.0046508
0.0044987
0.00434637
0.00419507
0.0040435
0.00389298
0.00374214
0.00359235
0.00344219
0.00329311
0.00314361
0.0029952
0.00284633
0.00269856
0.00255032
0.00240316
0.00225553
0.00210897
0.00196194
0.00181596
0.00166951
0.00152408
0.00137816
0.00123322
0.00108778
0.000943246
0.000798185
0.000653967
0.000509171
0.000365108
0.000220217
7.47338e-05
0.0509411
0.050915
0.0508387
0.0507179
0.0505775
0.0503934
0.0501832
0.0499364
0.049668
0.0493685
0.0490491
0.0487037
0.0483412
0.0479575
0.0475589
0.0471428
0.046714
0.0462709
0.0458168
0.0453508
0.0448756
0.0443904
0.0438974
0.0433961
0.0428882
0.0423734
0.0418532
0.0413274
0.0407973
0.0402629
0.0397254
0.0391847
0.038642
0.0380976
0.0375523
0.0370066
0.0364614
0.0359173
0.0353749
0.0348352
0.0342988
0.0337665
0.033239
0.0327173
0.0322018
0.0316936
0.0311932
0.0307015
0.0302189
0.0297462
0.0292838
0.0288323
0.028392
0.0279634
0.0275465
0.0271417
0.0267489
0.0263683
0.0259995
0.0256427
0.0252974
0.0249635
0.0246405
0.0243281
0.0240258
0.023733
0.0234494
0.0231743
0.0229072
0.0226476
0.0223949
0.0221486
0.0219081
0.0216732
0.0214429
0.0212173
0.0209955
0.0207776
0.0205627
0.020351
0.0201416
0.0199347
0.0197298
0.0195268
0.0193254
0.0191255
0.0189268
0.0187294
0.0185329
0.0183374
0.0181427
0.0179488
0.0177555
0.0175631
0.017371
0.0171798
0.0169888
0.0167987
0.0166088
0.0164197
0.0162308
0.0160427
0.0158548
0.0156677
0.0154808
0.0152947
0.0151088
0.0149237
0.0147388
0.0145548
0.0143709
0.0141878
0.0140049
0.0138229
0.013641
0.0134599
0.013279
0.013099
0.0129191
0.0127402
0.0125613
0.0123834
0.0122057
0.0120289
0.0118523
0.0116766
0.0115012
0.0113267
0.0111525
0.0109792
0.0108062
0.0106342
0.0104623
0.0102915
0.0101209
0.00995132
0.00978188
0.00961344
0.00944515
0.00927786
0.00911068
0.00894451
0.00877843
0.00861336
0.00844836
0.0082844
0.00812047
0.00795761
0.00779474
0.00763298
0.00747118
0.00731052
0.00714978
0.0069902
0.00683051
0.00667198
0.00651332
0.00635581
0.00619816
0.00604164
0.00588496
0.00572938
0.00557364
0.00541898
0.00526414
0.00511036
0.0049564
0.00480347
0.00465035
0.00449825
0.00434593
0.00419464
0.00404308
0.00389256
0.00374173
0.00359195
0.00344181
0.00329273
0.00314324
0.00299483
0.00284598
0.0026982
0.00254997
0.00240281
0.00225519
0.00210863
0.00196161
0.00181564
0.0016692
0.00152378
0.00137788
0.00123296
0.00108754
0.000943034
0.000798
0.000653812
0.000509045
0.000365013
0.000220148
7.46978e-05
0.0509873
0.0509612
0.0508834
0.0507611
0.0506193
0.0504331
0.0502204
0.0499712
0.0497004
0.0493985
0.0490767
0.0487291
0.0483644
0.0479787
0.0475782
0.0471605
0.0467302
0.0462856
0.0458302
0.0453631
0.0448867
0.0444006
0.0439066
0.0434044
0.0428957
0.0423801
0.0418591
0.0413325
0.0408017
0.0402665
0.0397282
0.0391868
0.0386433
0.038098
0.0375519
0.0370054
0.0364592
0.0359142
0.035371
0.0348303
0.034293
0.0337597
0.0332313
0.0327086
0.0321923
0.0316832
0.031182
0.0306895
0.0302062
0.0297329
0.0292699
0.028818
0.0283773
0.0279484
0.0275313
0.0271264
0.0267336
0.0263531
0.0259846
0.0256281
0.0252832
0.0249497
0.0246272
0.0243154
0.0240136
0.0237215
0.0234385
0.0231641
0.0228977
0.0226388
0.0223867
0.0221411
0.0219012
0.0216669
0.0214372
0.0212121
0.0209908
0.0207734
0.0205589
0.0203475
0.0201385
0.019932
0.0197273
0.0195246
0.0193234
0.0191237
0.0189252
0.018728
0.0185316
0.0183362
0.0181416
0.0179478
0.0177546
0.0175622
0.0173702
0.017179
0.016988
0.0167979
0.016608
0.016419
0.0162301
0.016042
0.0158541
0.015667
0.0154801
0.015294
0.0151081
0.014923
0.0147381
0.014554
0.0143702
0.0141871
0.0140042
0.0138221
0.0136403
0.0134592
0.0132783
0.0130983
0.0129184
0.0127394
0.0125606
0.0123827
0.0122049
0.0120281
0.0118515
0.0116758
0.0115004
0.0113259
0.0111516
0.0109784
0.0108054
0.0106333
0.0104615
0.0102907
0.0101201
0.00995051
0.00978108
0.00961266
0.00944437
0.00927709
0.00910992
0.00894375
0.00877768
0.00861261
0.00844762
0.00828365
0.00811973
0.00795686
0.00779401
0.00763224
0.00747045
0.00730979
0.00714906
0.00698948
0.0068298
0.00667128
0.00651263
0.00635513
0.00619749
0.00604098
0.00588431
0.00572874
0.00557301
0.00541836
0.00526354
0.00510976
0.00495581
0.00480289
0.00464978
0.00449769
0.00434539
0.0041941
0.00404256
0.00389205
0.00374123
0.00359146
0.00344133
0.00329226
0.00314278
0.00299438
0.00284553
0.00269776
0.00254953
0.00240238
0.00225476
0.00210822
0.0019612
0.00181524
0.00166881
0.00152341
0.00137753
0.00123263
0.00108724
0.00094277
0.000797769
0.000653619
0.000508889
0.000364895
0.000220062
7.46524e-05
0.0510431
0.0510169
0.0509372
0.0508133
0.0506696
0.0504808
0.0502652
0.0500131
0.0497392
0.0494345
0.0491097
0.0487595
0.0483922
0.0480041
0.0476014
0.0471817
0.0467494
0.0463032
0.0458463
0.0453777
0.0449001
0.0444127
0.0439176
0.0434143
0.0429046
0.042388
0.0418662
0.0413387
0.0408069
0.0402709
0.0397316
0.0391892
0.0386448
0.0380985
0.0375514
0.0370039
0.0364567
0.0359106
0.0353662
0.0348245
0.034286
0.0337516
0.0332221
0.0326983
0.0321809
0.0316708
0.0311686
0.0306751
0.0301909
0.0297168
0.0292532
0.0288007
0.0283595
0.0279303
0.027513
0.027108
0.0267152
0.0263349
0.0259666
0.0256104
0.025266
0.0249331
0.0246112
0.0243
0.023999
0.0237077
0.0234255
0.0231519
0.0228863
0.0226282
0.0223769
0.0221321
0.0218929
0.0216593
0.0214303
0.0212059
0.0209852
0.0207683
0.0205543
0.0203434
0.0201348
0.0199287
0.0197244
0.019522
0.0193211
0.0191216
0.0189234
0.0187262
0.0185301
0.0183348
0.0181403
0.0179466
0.0177535
0.0175611
0.0173692
0.017178
0.0169871
0.0167971
0.0166072
0.0164181
0.0162292
0.0160412
0.0158533
0.0156662
0.0154793
0.0152932
0.0151073
0.0149222
0.0147373
0.0145532
0.0143693
0.0141862
0.0140034
0.0138213
0.0136394
0.0134583
0.0132775
0.0130974
0.0129175
0.0127385
0.0125597
0.0123817
0.012204
0.0120271
0.0118505
0.0116748
0.0114994
0.0113249
0.0111506
0.0109774
0.0108044
0.0106323
0.0104605
0.0102897
0.0101191
0.00994955
0.00978013
0.00961171
0.00944344
0.00927616
0.00910901
0.00894284
0.00877678
0.00861171
0.00844673
0.00828276
0.00811884
0.00795597
0.00779312
0.00763136
0.00746957
0.00730891
0.00714819
0.00698861
0.00682894
0.00667043
0.00651179
0.00635431
0.00619668
0.00604018
0.00588353
0.00572798
0.00557226
0.00541762
0.00526281
0.00510904
0.00495511
0.00480219
0.0046491
0.00449702
0.00434473
0.00419345
0.00404193
0.00389143
0.00374063
0.00359087
0.00344076
0.0032917
0.00314223
0.00299383
0.00284499
0.00269723
0.002549
0.00240186
0.00225424
0.00210771
0.0019607
0.00181476
0.00166834
0.00152296
0.00137711
0.00123224
0.00108688
0.000942449
0.000797488
0.000653385
0.000508699
0.000364752
0.00021996
7.46023e-05
0.0511085
0.0510822
0.0510003
0.0508744
0.0507286
0.0505366
0.0503175
0.0500619
0.0497846
0.0494764
0.0491482
0.0487948
0.0484244
0.0480336
0.0476283
0.0472063
0.0467718
0.0463236
0.0458649
0.0453947
0.0449155
0.0444268
0.0439304
0.0434259
0.042915
0.0423973
0.0418744
0.0413458
0.0408131
0.0402759
0.0397356
0.0391921
0.0386466
0.0380992
0.0375509
0.0370021
0.0364537
0.0359064
0.0353607
0.0348177
0.0342778
0.0337422
0.0332113
0.0326862
0.0321675
0.0316562
0.0311528
0.0306582
0.0301731
0.029698
0.0292336
0.0287804
0.0283387
0.0279091
0.0274915
0.0270864
0.0266937
0.0263135
0.0259455
0.0255898
0.0252459
0.0249136
0.0245925
0.0242821
0.0239819
0.0236915
0.0234103
0.0231376
0.022873
0.0226158
0.0223655
0.0221215
0.0218833
0.0216505
0.0214223
0.0211986
0.0209786
0.0207624
0.020549
0.0203387
0.0201306
0.0199249
0.019721
0.019519
0.0193184
0.0191192
0.0189212
0.0187243
0.0185283
0.0183332
0.0181388
0.0179452
0.0177522
0.0175599
0.017368
0.0171769
0.0169861
0.016796
0.0166062
0.0164171
0.0162282
0.0160402
0.0158523
0.0156652
0.0154783
0.0152922
0.0151063
0.0149212
0.0147363
0.0145522
0.0143683
0.0141852
0.0140024
0.0138203
0.0136384
0.0134574
0.0132765
0.0130964
0.0129165
0.0127375
0.0125586
0.0123807
0.0122029
0.012026
0.0118494
0.0116737
0.0114982
0.0113237
0.0111495
0.0109762
0.0108032
0.0106312
0.0104594
0.0102886
0.010118
0.00994842
0.00977902
0.00961061
0.00944236
0.00927508
0.00910794
0.00894178
0.00877573
0.00861066
0.00844569
0.00828171
0.0081178
0.00795493
0.00779209
0.00763032
0.00746854
0.00730788
0.00714717
0.0069876
0.00682795
0.00666945
0.00651083
0.00635335
0.00619574
0.00603926
0.00588262
0.00572708
0.00557139
0.00541675
0.00526196
0.00510821
0.00495429
0.00480138
0.00464831
0.00449624
0.00434397
0.0041927
0.0040412
0.00389071
0.00373993
0.00359019
0.00344009
0.00329104
0.00314159
0.0029932
0.00284437
0.00269662
0.00254839
0.00240126
0.00225365
0.00210712
0.00196012
0.0018142
0.0016678
0.00152244
0.00137661
0.00123178
0.00108646
0.000942074
0.000797162
0.000653113
0.000508482
0.000364591
0.00021985
7.45499e-05
0.0511837
0.0511572
0.0510728
0.0509446
0.0507963
0.0506006
0.0503773
0.0501178
0.0498363
0.0495242
0.0491921
0.0488351
0.0484611
0.0480672
0.0476588
0.0472342
0.0467972
0.0463469
0.0458861
0.0454141
0.0449332
0.0444429
0.043945
0.0434391
0.0429269
0.0424079
0.0418838
0.041354
0.04082
0.0402816
0.0397401
0.0391954
0.0386486
0.0380999
0.0375503
0.0370002
0.0364503
0.0359016
0.0353544
0.0348099
0.0342685
0.0337313
0.0331989
0.0326723
0.0321522
0.0316394
0.0311347
0.0306389
0.0301526
0.0296765
0.0292112
0.0287572
0.0283149
0.0278848
0.0274669
0.0270617
0.026669
0.026289
0.0259214
0.0255662
0.0252229
0.0248913
0.024571
0.0242616
0.0239624
0.023673
0.0233929
0.0231213
0.0228578
0.0226017
0.0223524
0.0221095
0.0218723
0.0216405
0.0214132
0.0211904
0.0209711
0.0207557
0.0205429
0.0203333
0.0201257
0.0199206
0.0197171
0.0195156
0.0193153
0.0191165
0.0189187
0.018722
0.0185263
0.0183313
0.0181372
0.0179437
0.0177508
0.0175586
0.0173667
0.0171757
0.0169849
0.0167949
0.016605
0.016416
0.0162271
0.016039
0.0158511
0.015664
0.0154772
0.015291
0.0151052
0.01492
0.0147352
0.014551
0.0143672
0.0141841
0.0140013
0.0138192
0.0136373
0.0134562
0.0132753
0.0130952
0.0129154
0.0127363
0.0125574
0.0123794
0.0122017
0.0120248
0.0118481
0.0116724
0.0114969
0.0113224
0.0111482
0.0109749
0.0108019
0.0106298
0.0104581
0.0102873
0.0101167
0.00994713
0.00977775
0.00960935
0.00944111
0.00927385
0.00910673
0.00894057
0.00877453
0.00860946
0.00844449
0.00828052
0.00811662
0.00795374
0.0077909
0.00762913
0.00746737
0.00730671
0.00714601
0.00698644
0.00682681
0.00666831
0.00650971
0.00635226
0.00619467
0.0060382
0.00588158
0.00572606
0.00557038
0.00541576
0.00526099
0.00510724
0.00495335
0.00480045
0.0046474
0.00449534
0.00434309
0.00419184
0.00404036
0.00388988
0.00373913
0.0035894
0.00343932
0.00329029
0.00314085
0.00299247
0.00284365
0.00269591
0.00254769
0.00240057
0.00225296
0.00210645
0.00195945
0.00181355
0.00166716
0.00152184
0.00137604
0.00123125
0.00108597
0.000941641
0.000796784
0.000652797
0.00050823
0.000364406
0.000219726
7.44948e-05
0.0512691
0.0512421
0.0511548
0.0510241
0.0508728
0.0506728
0.0504449
0.0501807
0.0498945
0.049578
0.0492413
0.0488802
0.0485023
0.0481048
0.047693
0.0472655
0.0468257
0.0463729
0.0459097
0.0454357
0.0449529
0.0444608
0.0439613
0.0434539
0.0429402
0.0424198
0.0418943
0.0413631
0.0408279
0.0402881
0.0397453
0.0391992
0.0386509
0.0381008
0.0375496
0.036998
0.0364466
0.0358962
0.0353474
0.0348011
0.0342581
0.0337191
0.033185
0.0326567
0.0321349
0.0316205
0.0311143
0.030617
0.0301294
0.0296521
0.0291858
0.0287309
0.0282879
0.0278573
0.0274391
0.0270337
0.0266411
0.0262613
0.0258941
0.0255394
0.0251969
0.0248662
0.0245468
0.0242384
0.0239404
0.0236522
0.0233733
0.0231029
0.0228407
0.0225858
0.0223378
0.0220961
0.02186
0.0216292
0.0214029
0.0211812
0.0209628
0.0207482
0.0205362
0.0203273
0.0201203
0.0199158
0.0197129
0.0195117
0.0193119
0.0191134
0.018916
0.0187195
0.0185241
0.0183293
0.0181353
0.0179419
0.0177491
0.017557
0.0173653
0.0171743
0.0169835
0.0167936
0.0166037
0.0164147
0.0162258
0.0160378
0.0158499
0.0156628
0.0154759
0.0152897
0.0151039
0.0149187
0.0147339
0.0145498
0.0143659
0.0141828
0.014
0.0138179
0.013636
0.0134549
0.013274
0.013094
0.0129141
0.012735
0.0125561
0.0123781
0.0122003
0.0120234
0.0118467
0.0116709
0.0114955
0.0113209
0.0111467
0.0109734
0.0108004
0.0106283
0.0104566
0.0102858
0.0101152
0.00994568
0.00977632
0.00960794
0.00943973
0.00927247
0.00910537
0.00893921
0.00877319
0.00860812
0.00844316
0.00827918
0.00811529
0.0079524
0.00778958
0.0076278
0.00746605
0.00730538
0.0071447
0.00698515
0.00682553
0.00666705
0.00650847
0.00635103
0.00619346
0.00603701
0.00588042
0.00572491
0.00556926
0.00541465
0.00525991
0.00510617
0.0049523
0.00479941
0.00464638
0.00449433
0.00434211
0.00419087
0.00403942
0.00388896
0.00373824
0.00358852
0.00343847
0.00328945
0.00314003
0.00299167
0.00284285
0.00269512
0.00254691
0.00239979
0.00225218
0.00210569
0.0019587
0.00181282
0.00166645
0.00152116
0.00137539
0.00123065
0.00108542
0.000941152
0.000796361
0.000652445
0.000507954
0.000364207
0.000219606
7.4448e-05
0.0513649
0.051337
0.0512467
0.0511132
0.0509582
0.0507534
0.0505201
0.0502506
0.0499592
0.0496376
0.0492959
0.0489302
0.0485477
0.0481463
0.0477308
0.0473
0.0468571
0.0464016
0.0459359
0.0454596
0.0449746
0.0444807
0.0439793
0.0434702
0.042955
0.042433
0.041906
0.0413733
0.0408366
0.0402954
0.039751
0.0392033
0.0386536
0.0381018
0.037549
0.0369956
0.0364424
0.0358902
0.0353395
0.0347914
0.0342464
0.0337056
0.0331695
0.0326393
0.0321157
0.0315995
0.0310916
0.0305927
0.0301036
0.0296249
0.0291574
0.0287016
0.0282578
0.0278266
0.027408
0.0270025
0.0266099
0.0262304
0.0258636
0.0255096
0.0251679
0.0248381
0.0245199
0.0242126
0.0239159
0.023629
0.0233515
0.0230825
0.0228217
0.0225682
0.0223215
0.0220811
0.0218463
0.0216168
0.0213916
0.0211709
0.0209536
0.0207399
0.0205288
0.0203207
0.0201144
0.0199105
0.0197081
0.0195075
0.0193082
0.01911
0.018913
0.0187168
0.0185216
0.018327
0.0181332
0.01794
0.0177474
0.0175553
0.0173637
0.0171728
0.016982
0.0167921
0.0166023
0.0164133
0.0162244
0.0160364
0.0158485
0.0156614
0.0154745
0.0152883
0.0151025
0.0149173
0.0147325
0.0145483
0.0143645
0.0141814
0.0139986
0.0138165
0.0136346
0.0134535
0.0132726
0.0130925
0.0129126
0.0127335
0.0125546
0.0123765
0.0121987
0.0120218
0.0118451
0.0116693
0.0114938
0.0113192
0.011145
0.0109717
0.0107987
0.0106266
0.0104549
0.0102841
0.0101136
0.00994407
0.00977473
0.00960636
0.00943817
0.00927093
0.00910385
0.00893769
0.00877169
0.00860662
0.00844167
0.00827768
0.0081138
0.00795091
0.00778809
0.00762631
0.00746457
0.00730391
0.00714324
0.00698369
0.00682409
0.00666563
0.00650708
0.00634965
0.00619211
0.00603568
0.00587912
0.00572363
0.005568
0.00541341
0.00525869
0.00510497
0.00495112
0.00479824
0.00464524
0.0044932
0.00434101
0.00418979
0.00403837
0.00388793
0.00373723
0.00358753
0.00343751
0.00328851
0.00313911
0.00299076
0.00284196
0.00269424
0.00254603
0.00239892
0.00225132
0.00210484
0.00195786
0.001812
0.00166565
0.0015204
0.00137467
0.00122998
0.0010848
0.000940599
0.000795881
0.000652044
0.000507642
0.000363983
0.000219483
7.44104e-05
0.0514717
0.0514418
0.0513487
0.051212
0.0510528
0.0508424
0.050603
0.0503276
0.0500302
0.049703
0.0493556
0.0489848
0.0485974
0.0481917
0.047772
0.0473376
0.0468913
0.0464329
0.0459644
0.0454857
0.0449984
0.0445024
0.0439991
0.0434881
0.0429711
0.0424475
0.0419188
0.0413845
0.0408462
0.0403033
0.0397574
0.039208
0.0386565
0.0381029
0.0375483
0.0369931
0.0364379
0.0358837
0.0353309
0.0347808
0.0342336
0.0336907
0.0331525
0.0326202
0.0320945
0.0315763
0.0310664
0.0305657
0.030075
0.0295949
0.029126
0.0286691
0.0282245
0.0277926
0.0273736
0.0269679
0.0265754
0.0261962
0.0258299
0.0254767
0.0251358
0.0248072
0.0244901
0.0241842
0.0238889
0.0236035
0.0233275
0.02306
0.0228008
0.0225488
0.0223037
0.0220647
0.0218313
0.0216032
0.0213793
0.0211598
0.0209435
0.0207309
0.0205206
0.0203134
0.0201079
0.0199048
0.019703
0.019503
0.0193041
0.0191063
0.0189098
0.0187138
0.018519
0.0183245
0.018131
0.0179379
0.0177454
0.0175535
0.0173619
0.0171711
0.0169804
0.0167905
0.0166007
0.0164118
0.0162229
0.0160349
0.0158469
0.0156598
0.0154729
0.0152868
0.0151009
0.0149157
0.0147309
0.0145468
0.014363
0.0141798
0.013997
0.0138149
0.0136331
0.013452
0.0132711
0.0130909
0.012911
0.0127319
0.012553
0.0123749
0.0121971
0.01202
0.0118433
0.0116675
0.011492
0.0113174
0.0111431
0.0109698
0.0107968
0.0106248
0.0104531
0.0102823
0.0101118
0.0099423
0.00977299
0.00960464
0.00943648
0.00926925
0.00910219
0.00893604
0.00877006
0.00860498
0.00844005
0.00827605
0.00811218
0.00794927
0.00778647
0.00762468
0.00746295
0.00730229
0.00714165
0.0069821
0.00682253
0.00666408
0.00650555
0.00634815
0.00619064
0.00603423
0.0058777
0.00572223
0.00556664
0.00541206
0.00525737
0.00510365
0.00494984
0.00479697
0.004644
0.00449197
0.00433981
0.0041886
0.00403722
0.0038868
0.00373614
0.00358646
0.00343647
0.00328749
0.00313811
0.00298978
0.00284099
0.00269328
0.00254507
0.00239798
0.00225037
0.0021039
0.00195693
0.00181109
0.00166477
0.00151955
0.00137386
0.00122923
0.00108412
0.000939989
0.000795355
0.000651606
0.000507306
0.000363745
0.000219365
7.43829e-05
0.0515898
0.0515567
0.0514611
0.0513209
0.0511566
0.0509399
0.0506937
0.0504116
0.0501075
0.0497741
0.0494205
0.0490441
0.0486512
0.0482408
0.0478166
0.0473784
0.0469284
0.0464668
0.0459953
0.0455139
0.0450242
0.0445259
0.0440205
0.0435076
0.0429887
0.0424632
0.0419328
0.0413967
0.0408567
0.040312
0.0397643
0.0392131
0.0386597
0.0381042
0.0375475
0.0369903
0.036433
0.0358766
0.0353216
0.0347691
0.0342196
0.0336744
0.0331338
0.0325992
0.0320712
0.0315508
0.0310389
0.0305362
0.0300436
0.0295618
0.0290916
0.0286334
0.0281878
0.0277552
0.0273359
0.02693
0.0265375
0.0261587
0.025793
0.0254405
0.0251007
0.0247732
0.0244575
0.0241531
0.0238594
0.0235755
0.0233013
0.0230355
0.022778
0.0225277
0.0222843
0.0220469
0.0218151
0.0215884
0.0213658
0.0211477
0.0209326
0.0207212
0.0205119
0.0203057
0.0201009
0.0198986
0.0196975
0.019498
0.0192997
0.0191024
0.0189063
0.0187106
0.0185161
0.0183219
0.0181286
0.0179356
0.0177434
0.0175515
0.0173601
0.0171693
0.0169786
0.0167888
0.016599
0.0164101
0.0162212
0.0160332
0.0158453
0.0156581
0.0154712
0.015285
0.0150992
0.014914
0.0147292
0.014545
0.0143613
0.0141781
0.0139953
0.0138132
0.0136314
0.0134503
0.0132694
0.0130892
0.0129093
0.0127301
0.0125512
0.012373
0.0121952
0.0120181
0.0118414
0.0116655
0.01149
0.0113154
0.0111411
0.0109678
0.0107948
0.0106228
0.0104511
0.0102803
0.0101099
0.00994035
0.00977107
0.00960275
0.00943461
0.0092674
0.00910037
0.00893422
0.00876826
0.00860317
0.00843827
0.00827425
0.0081104
0.00794747
0.00778469
0.00762288
0.00746118
0.0073005
0.00713988
0.00698034
0.0068208
0.00666236
0.00650388
0.00634649
0.00618902
0.00603264
0.00587614
0.00572069
0.00556513
0.00541057
0.00525591
0.00510221
0.00494842
0.00479557
0.00464263
0.00449061
0.00433849
0.0041873
0.00403596
0.00388556
0.00373494
0.00358528
0.00343532
0.00328636
0.00313701
0.00298869
0.00283992
0.00269222
0.00254402
0.00239693
0.00224933
0.00210287
0.00195591
0.00181009
0.00166379
0.00151862
0.00137297
0.0012284
0.00108336
0.000939309
0.000794767
0.000651115
0.000506927
0.000363476
0.000219225
7.43477e-05
0.0517199
0.0516818
0.0515842
0.0514401
0.0512699
0.0510461
0.0507922
0.0505027
0.0501911
0.049851
0.0494904
0.0491079
0.048709
0.0482936
0.0478645
0.0474221
0.0469681
0.0465031
0.0460284
0.0455443
0.0450518
0.0445512
0.0440435
0.0435285
0.0430076
0.0424801
0.0419479
0.0414099
0.0408681
0.0403214
0.0397718
0.0392186
0.0386632
0.0381057
0.0375468
0.0369874
0.0364277
0.035869
0.0353115
0.0347566
0.0342045
0.0336567
0.0331136
0.0325764
0.0320459
0.0315231
0.0310089
0.030504
0.0300094
0.0295259
0.0290541
0.0285945
0.0281479
0.0277145
0.0272946
0.0268886
0.0264962
0.0261178
0.0257527
0.0254011
0.0250624
0.0247363
0.0244221
0.0241192
0.0238273
0.0235452
0.0232729
0.0230089
0.0227534
0.0225048
0.0222633
0.0220277
0.0217975
0.0215724
0.0213514
0.0211347
0.0209208
0.0207107
0.0205025
0.0202973
0.0200935
0.019892
0.0196916
0.0194928
0.0192951
0.0190982
0.0189026
0.0187072
0.0185131
0.0183191
0.0181261
0.0179332
0.0177412
0.0175494
0.0173581
0.0171674
0.0169767
0.016787
0.0165972
0.0164083
0.0162194
0.0160314
0.0158434
0.0156563
0.0154694
0.0152832
0.0150974
0.0149121
0.0147274
0.0145432
0.0143594
0.0141763
0.0139935
0.0138114
0.0136296
0.0134485
0.0132675
0.0130874
0.0129074
0.0127282
0.0125493
0.0123711
0.0121932
0.0120161
0.0118393
0.0116634
0.0114879
0.0113132
0.0111389
0.0109656
0.0107926
0.0106206
0.0104489
0.0102782
0.0101077
0.00993827
0.00976902
0.00960073
0.00943262
0.00926543
0.00909842
0.00893228
0.00876634
0.00860125
0.00843636
0.00827232
0.00810849
0.00794554
0.00778277
0.00762095
0.00745927
0.00729859
0.00713799
0.00697846
0.00681895
0.00666053
0.00650208
0.00634472
0.00618729
0.00603092
0.00587447
0.00571904
0.00556352
0.00540897
0.00525435
0.00510066
0.00494691
0.00479406
0.00464116
0.00448915
0.00433708
0.0041859
0.0040346
0.00388422
0.00373365
0.00358402
0.0034341
0.00328516
0.00313584
0.00298754
0.00283878
0.00269109
0.00254289
0.00239581
0.00224821
0.00210176
0.0019548
0.00180901
0.00166273
0.0015176
0.001372
0.0012275
0.00108253
0.000938571
0.00079413
0.000650586
0.00050652
0.000363191
0.000219077
7.43057e-05
0.0518624
0.0518178
0.0517183
0.05157
0.0513929
0.0511611
0.0508986
0.0506007
0.0502809
0.0499333
0.0495652
0.0491761
0.0487707
0.0483498
0.0479155
0.0474687
0.0470105
0.0465419
0.0460637
0.0455767
0.0450814
0.0445782
0.0440682
0.0435509
0.0430279
0.0424983
0.0419642
0.041424
0.0408803
0.0403316
0.03978
0.0392246
0.0386671
0.0381073
0.0375461
0.0369843
0.0364221
0.0358609
0.0353007
0.0347431
0.0341883
0.0336377
0.0330918
0.0325518
0.0320186
0.0314931
0.0309764
0.0304691
0.0299724
0.0294868
0.0290133
0.0285523
0.0281045
0.0276703
0.0272499
0.0268437
0.0264514
0.0260734
0.025709
0.0253585
0.0250209
0.0246963
0.0243837
0.0240826
0.0237926
0.0235125
0.0232422
0.0229803
0.0227269
0.0224803
0.0222408
0.022007
0.0217787
0.0215553
0.0213359
0.0211208
0.0209083
0.0206996
0.0204924
0.0202885
0.0200855
0.019885
0.0196853
0.0194872
0.0192902
0.0190937
0.0188987
0.0187036
0.0185099
0.0183161
0.0181234
0.0179307
0.0177388
0.0175472
0.0173559
0.0171653
0.0169747
0.0167851
0.0165952
0.0164064
0.0162174
0.0160295
0.0158415
0.0156543
0.0154674
0.0152812
0.0150954
0.0149101
0.0147254
0.0145411
0.0143575
0.0141743
0.0139915
0.0138094
0.0136276
0.0134465
0.0132655
0.0130854
0.0129054
0.0127262
0.0125472
0.0123689
0.012191
0.0120138
0.0118371
0.011661
0.0114855
0.0113108
0.0111366
0.0109632
0.0107902
0.0106182
0.0104465
0.0102758
0.0101054
0.009936
0.00976678
0.00959852
0.00943044
0.00926327
0.00909629
0.00893016
0.00876425
0.00859914
0.00843428
0.00827022
0.0081064
0.00794343
0.00778068
0.00761884
0.00745718
0.00729649
0.00713593
0.0069764
0.00681693
0.00665852
0.00650011
0.00634278
0.00618539
0.00602906
0.00587265
0.00571724
0.00556176
0.00540723
0.00525265
0.00509897
0.00494525
0.00479242
0.00463956
0.00448756
0.00433553
0.00418437
0.00403312
0.00388277
0.00373225
0.00358264
0.00343277
0.00328386
0.00313457
0.00298629
0.00283754
0.00268986
0.00254166
0.00239459
0.00224698
0.00210054
0.00195359
0.00180782
0.00166157
0.00151648
0.00137094
0.0012265
0.00108162
0.000937754
0.000793423
0.000649996
0.000506063
0.000362867
0.000218896
7.42492e-05
0.0520178
0.0519653
0.051864
0.0517108
0.0515258
0.0512849
0.0510128
0.0507058
0.0503769
0.0500212
0.0496449
0.0492485
0.0488362
0.0484095
0.0479696
0.0475181
0.0470554
0.046583
0.0461012
0.045611
0.0451127
0.0446069
0.0440944
0.0435747
0.0430495
0.0425177
0.0419815
0.0414392
0.0408935
0.0403425
0.0397888
0.0392312
0.0386714
0.0381092
0.0375455
0.0369811
0.0364162
0.0358522
0.0352892
0.0347287
0.0341708
0.0336172
0.0330683
0.0325253
0.0319892
0.0314608
0.0309413
0.0304315
0.0299324
0.0294447
0.0289693
0.0285067
0.0280577
0.0276225
0.0272015
0.0267951
0.0264029
0.0260254
0.0256618
0.0253124
0.0249762
0.0246532
0.0243424
0.0240433
0.0237553
0.0234773
0.0232094
0.0229496
0.0226985
0.022454
0.0222167
0.021985
0.0217587
0.0215372
0.0213195
0.0211061
0.020895
0.0206878
0.0204818
0.0202791
0.0200772
0.0198776
0.0196788
0.0194814
0.019285
0.0190891
0.0188946
0.0186998
0.0185066
0.0183129
0.0181206
0.017928
0.0177363
0.0175448
0.0173536
0.0171632
0.0169725
0.016783
0.0165931
0.0164044
0.0162153
0.0160274
0.0158394
0.0156522
0.0154654
0.015279
0.0150933
0.0149079
0.0147233
0.014539
0.0143554
0.0141722
0.0139895
0.0138073
0.0136255
0.0134444
0.0132635
0.0130833
0.0129033
0.012724
0.012545
0.0123667
0.0121887
0.0120114
0.0118347
0.0116586
0.0114831
0.0113082
0.011134
0.0109606
0.0107877
0.0106157
0.010444
0.0102734
0.010103
0.0099336
0.00976442
0.0095962
0.00942816
0.00926101
0.00909407
0.00892794
0.00876205
0.00859693
0.00843209
0.008268
0.00810421
0.0079412
0.00777848
0.00761661
0.00745497
0.00729427
0.00713374
0.00697421
0.00681478
0.00665639
0.00649804
0.00634072
0.0061834
0.00602709
0.00587073
0.00571535
0.00555991
0.0054054
0.00525085
0.00509719
0.00494351
0.00479068
0.00463786
0.00448588
0.00433389
0.00418275
0.00403156
0.00388123
0.00373077
0.00358119
0.00343137
0.00328249
0.00313323
0.00298497
0.00283624
0.00268857
0.00254037
0.00239329
0.00224568
0.00209925
0.00195229
0.00180655
0.00166032
0.00151528
0.00136979
0.00122543
0.00108064
0.000936877
0.000792665
0.000649366
0.00050558
0.000362527
0.000218715
7.41936e-05
0.0521865
0.0521253
0.0520216
0.051863
0.051669
0.0514178
0.0511349
0.0508177
0.050479
0.0501144
0.0497292
0.049325
0.0489053
0.0484723
0.0480266
0.0475701
0.0471026
0.0466263
0.0461406
0.0456472
0.0451459
0.0446373
0.0441221
0.0436
0.0430725
0.0425383
0.042
0.0414554
0.0409075
0.0403542
0.0397983
0.0392382
0.038676
0.0381112
0.0375449
0.0369778
0.0364099
0.0358431
0.0352769
0.0347134
0.0341523
0.0335954
0.0330432
0.032497
0.0319577
0.0314262
0.0309038
0.0303911
0.0298895
0.0293993
0.028922
0.0284577
0.0280073
0.0275711
0.0271495
0.0267429
0.0263508
0.0259739
0.0256111
0.0252629
0.0249282
0.0246069
0.0242981
0.0240011
0.0237155
0.0234398
0.0231743
0.0229168
0.0226682
0.0224261
0.0221911
0.0219615
0.0217374
0.0215179
0.021302
0.0210905
0.0208809
0.0206754
0.0204706
0.0202693
0.0200683
0.0198699
0.0196719
0.0194752
0.0192796
0.0190841
0.0188903
0.0186958
0.0185031
0.0183096
0.0181177
0.0179251
0.0177337
0.0175423
0.0173512
0.0171609
0.0169702
0.0167808
0.0165908
0.0164022
0.0162131
0.0160252
0.0158371
0.01565
0.0154631
0.0152767
0.015091
0.0149056
0.014721
0.0145366
0.0143531
0.0141699
0.0139872
0.0138051
0.0136232
0.0134422
0.0132612
0.013081
0.0129009
0.0127216
0.0125426
0.0123642
0.0121862
0.0120088
0.0118321
0.0116559
0.0114804
0.0113055
0.0111313
0.0109578
0.0107849
0.0106129
0.0104413
0.0102707
0.0101003
0.00993099
0.00976184
0.00959367
0.00942567
0.00925855
0.00909164
0.00892552
0.00875966
0.00859452
0.00842971
0.00826559
0.00810182
0.00793877
0.00777608
0.00761417
0.00745257
0.00729185
0.00713136
0.00697183
0.00681245
0.00665408
0.00649578
0.0063385
0.00618123
0.00602495
0.00586864
0.00571329
0.0055579
0.00540341
0.00524891
0.00509525
0.00494161
0.00478879
0.00463602
0.00448405
0.00433212
0.00418099
0.00402986
0.00387956
0.00372916
0.00357962
0.00342986
0.003281
0.00313178
0.00298354
0.00283483
0.00268717
0.00253896
0.00239189
0.00224427
0.00209784
0.00195088
0.00180516
0.00165895
0.00151396
0.00136853
0.00122426
0.00107956
0.000935911
0.000791829
0.000648668
0.000505038
0.000362141
0.000218503
7.41281e-05
0.0523691
0.0522986
0.0521917
0.0520269
0.0518227
0.0515599
0.0512648
0.0509365
0.0505869
0.0502128
0.0498179
0.0494054
0.0489778
0.0485383
0.0480863
0.0476246
0.0471522
0.0466717
0.0461821
0.0456853
0.0451807
0.0446693
0.0441513
0.0436266
0.0430968
0.0425601
0.0420196
0.0414725
0.0409225
0.0403667
0.0398085
0.0392458
0.038681
0.0381136
0.0375444
0.0369744
0.0364034
0.0358335
0.035264
0.0346971
0.0341326
0.0335723
0.0330165
0.0324668
0.0319241
0.0313892
0.0308636
0.0303478
0.0298434
0.0293507
0.0288712
0.028405
0.0279532
0.0275159
0.0270937
0.0266868
0.0262949
0.0259186
0.0255568
0.02521
0.0248768
0.0245575
0.0242508
0.0239561
0.023673
0.0233998
0.023137
0.022882
0.0226362
0.0223964
0.0221641
0.0219368
0.021715
0.0214977
0.0212838
0.0210742
0.0208662
0.0206624
0.0204589
0.0202591
0.0200592
0.0198619
0.0196647
0.0194689
0.019274
0.0190791
0.0188859
0.0186916
0.0184996
0.0183061
0.0181147
0.0179222
0.0177311
0.0175398
0.0173487
0.0171586
0.0169679
0.0167786
0.0165885
0.0164
0.0162108
0.0160229
0.0158348
0.0156476
0.0154607
0.0152743
0.0150887
0.0149031
0.0147186
0.0145342
0.0143507
0.0141675
0.0139848
0.0138028
0.0136209
0.0134399
0.0132589
0.0130787
0.0128986
0.0127192
0.0125401
0.0123617
0.0121837
0.0120062
0.0118294
0.0116531
0.0114776
0.0113026
0.0111284
0.0109549
0.010782
0.01061
0.0104384
0.0102679
0.0100976
0.00992829
0.00975917
0.00959106
0.0094231
0.00925601
0.00908914
0.00892302
0.0087572
0.00859203
0.00842725
0.00826308
0.00809935
0.00793625
0.00777358
0.00761164
0.00745007
0.00728932
0.00712888
0.00696935
0.00681002
0.00665166
0.00649343
0.00633617
0.00617896
0.00602272
0.00586648
0.00571115
0.00555582
0.00540134
0.00524688
0.00509323
0.00493964
0.00478682
0.0046341
0.00448213
0.00433026
0.00417915
0.00402809
0.00387782
0.00372749
0.00357799
0.00342829
0.00327946
0.00313029
0.00298207
0.00283337
0.00268571
0.00253751
0.00239043
0.00224279
0.00209636
0.00194939
0.00180369
0.0016575
0.00151256
0.00136719
0.001223
0.0010784
0.000934881
0.000790939
0.000647927
0.000504468
0.000361739
0.000218292
7.4064e-05
0.0525662
0.0524864
0.052375
0.0522029
0.0519873
0.0517112
0.0514024
0.051062
0.0507006
0.0503162
0.0499109
0.0494895
0.0490534
0.0486071
0.0481486
0.0476814
0.0472039
0.0467191
0.0462253
0.0457251
0.0452172
0.0447028
0.044182
0.0436546
0.0431223
0.0425831
0.0420403
0.0414907
0.0409384
0.04038
0.0398193
0.0392539
0.0386864
0.0381162
0.0375439
0.0369709
0.0363967
0.0358235
0.0352504
0.03468
0.0341117
0.0335477
0.0329882
0.0324347
0.0318883
0.0313497
0.0308207
0.0303016
0.0297943
0.0292988
0.0288169
0.0283487
0.0278953
0.0274569
0.0270339
0.0266268
0.0262351
0.0258595
0.0254987
0.0251534
0.024822
0.0245047
0.0242003
0.0239081
0.0236277
0.0233572
0.0230974
0.0228451
0.0226022
0.0223651
0.0221355
0.0219107
0.0216914
0.0214763
0.0212645
0.0210571
0.0208507
0.0206488
0.0204466
0.0202484
0.0200495
0.0198535
0.0196572
0.0194623
0.0192682
0.0190737
0.0188813
0.0186873
0.0184958
0.0183025
0.0181115
0.0179191
0.0177282
0.017537
0.0173461
0.0171561
0.0169652
0.0167762
0.0165859
0.0163976
0.0162082
0.0160204
0.0158323
0.015645
0.0154582
0.0152716
0.015086
0.0149004
0.014716
0.0145315
0.0143481
0.0141649
0.0139822
0.0138002
0.0136183
0.0134373
0.0132563
0.0130761
0.012896
0.0127166
0.0125374
0.0123589
0.0121808
0.0120032
0.0118264
0.01165
0.0114745
0.0112994
0.0111252
0.0109517
0.0107789
0.0106069
0.0104353
0.0102648
0.0100945
0.00992534
0.00975626
0.00958822
0.00942029
0.00925325
0.00908642
0.0089203
0.00875452
0.00858932
0.00842458
0.00826035
0.00809666
0.0079335
0.00777087
0.00760887
0.00744735
0.00728657
0.00712618
0.00696664
0.00680738
0.00664904
0.00649087
0.00633365
0.00617651
0.00602031
0.00586413
0.00570884
0.00555356
0.00539911
0.00524469
0.00509105
0.00493751
0.00478469
0.00463201
0.00448006
0.00432824
0.00417716
0.00402617
0.00387593
0.00372569
0.00357622
0.00342659
0.0032778
0.00312869
0.00298048
0.00283181
0.00268415
0.00253594
0.00238884
0.00224119
0.00209475
0.00194778
0.00180208
0.00165592
0.00151103
0.00136573
0.00122163
0.00107714
0.00093375
0.00078996
0.000647108
0.000503831
0.000361282
0.000218036
7.39809e-05
0.0527788
0.0526899
0.0525722
0.0523915
0.052163
0.0518718
0.0515477
0.051194
0.0508199
0.0504243
0.0500078
0.049577
0.0491321
0.0486785
0.0482132
0.0477405
0.0472576
0.0467683
0.0462704
0.0457666
0.0452552
0.0447378
0.0442141
0.043684
0.0431492
0.0426073
0.0420622
0.0415098
0.0409552
0.040394
0.0398308
0.0392626
0.0386923
0.0381191
0.0375437
0.0369675
0.0363897
0.0358131
0.0352362
0.0346621
0.0340898
0.0335218
0.0329583
0.0324007
0.0318503
0.0313079
0.0307751
0.0302525
0.0297419
0.0292435
0.0287591
0.0282886
0.0278335
0.0273939
0.0269702
0.0265629
0.0261714
0.0257966
0.0254368
0.0250932
0.0247636
0.0244488
0.0241468
0.0238574
0.0235799
0.0233123
0.0230556
0.0228062
0.0225665
0.0223321
0.0221056
0.0218834
0.0216667
0.0214541
0.0212445
0.0210393
0.0208347
0.0206349
0.020434
0.0202376
0.0200397
0.019845
0.0196497
0.0194556
0.0192624
0.0190684
0.0188768
0.0186829
0.0184922
0.0182988
0.0181084
0.017916
0.0177254
0.0175343
0.0173434
0.0171536
0.0169627
0.0167739
0.0165834
0.0163953
0.0162057
0.016018
0.0158297
0.0156424
0.0154556
0.0152689
0.0150834
0.0148977
0.0147134
0.0145288
0.0143455
0.0141622
0.0139797
0.0137977
0.0136158
0.0134348
0.0132537
0.0130736
0.0128934
0.012714
0.0125347
0.0123561
0.012178
0.0120002
0.0118234
0.0116468
0.0114714
0.0112962
0.011122
0.0109484
0.0107756
0.0106036
0.0104321
0.0102617
0.0100914
0.00992234
0.00975329
0.00958533
0.00941744
0.00925045
0.00908366
0.00891753
0.00875181
0.00858656
0.00842186
0.00825757
0.00809391
0.00793068
0.00776808
0.00760603
0.00744454
0.00728373
0.00712339
0.00696385
0.00680465
0.00664633
0.00648823
0.00633105
0.00617399
0.00601783
0.00586172
0.00570646
0.00555124
0.00539681
0.00524244
0.00508881
0.0049353
0.00478249
0.00462986
0.0044779
0.00432616
0.00417509
0.00402419
0.00387398
0.00372382
0.0035744
0.00342486
0.0032761
0.00312704
0.00297886
0.00283021
0.00268254
0.00253432
0.0023872
0.00223952
0.00209306
0.00194608
0.00180039
0.00165425
0.00150941
0.00136417
0.00122017
0.00107581
0.00093255
0.000788924
0.000646245
0.000503164
0.000360808
0.000217775
7.38904e-05
0.0530079
0.0529102
0.0527841
0.0525933
0.05235
0.0520418
0.0517005
0.0513324
0.0509445
0.050537
0.0501085
0.0496677
0.0492135
0.0487525
0.0482801
0.0478016
0.0473131
0.0468194
0.046317
0.0458096
0.0452947
0.0447742
0.0442476
0.0437146
0.0431772
0.0426326
0.0420851
0.04153
0.0409729
0.0404089
0.0398431
0.039272
0.0386986
0.0381223
0.0375435
0.0369641
0.0363825
0.0358023
0.0352213
0.0346433
0.0340667
0.0334946
0.0329266
0.0323648
0.0318101
0.0312634
0.0307267
0.0302002
0.0296862
0.0291845
0.0286974
0.0282246
0.0277677
0.0273267
0.0269022
0.0264947
0.0261034
0.0257295
0.0253709
0.0250292
0.0247016
0.0243893
0.02409
0.0238035
0.0235292
0.0232647
0.0230115
0.0227651
0.0225289
0.0222974
0.0220742
0.0218546
0.0216408
0.0214308
0.0212235
0.0210208
0.0208179
0.0206203
0.0204207
0.0202262
0.0200293
0.0198361
0.0196417
0.0194485
0.0192562
0.0190627
0.018872
0.0186782
0.0184883
0.0182949
0.018105
0.0179126
0.0177223
0.0175314
0.0173405
0.0171509
0.0169598
0.0167713
0.0165805
0.0163926
0.0162028
0.0160152
0.0158268
0.0156394
0.0154527
0.0152658
0.0150805
0.0148945
0.0147104
0.0145258
0.0143425
0.0141593
0.0139767
0.0137948
0.0136129
0.013432
0.0132508
0.0130708
0.0128904
0.012711
0.0125317
0.0123529
0.0121748
0.0119969
0.0118201
0.0116433
0.0114679
0.0112925
0.0111184
0.0109448
0.010772
0.0106001
0.0104286
0.0102583
0.010088
0.00991905
0.00975003
0.00958217
0.00941432
0.00924738
0.00908064
0.00891451
0.00874884
0.00858354
0.0084189
0.00825452
0.00809091
0.0079276
0.00776505
0.00760293
0.00744149
0.00728064
0.00712036
0.00696081
0.00680168
0.00664339
0.00648537
0.00632824
0.00617126
0.00601515
0.00585912
0.0057039
0.00554874
0.00539433
0.00524001
0.00508639
0.00493292
0.00478011
0.00462753
0.00447558
0.00432391
0.00417285
0.00402204
0.00387187
0.00372182
0.00357244
0.003423
0.00327428
0.00312529
0.00297712
0.0028285
0.00268082
0.00253259
0.00238544
0.00223774
0.00209124
0.00194425
0.00179855
0.00165244
0.00150764
0.00136248
0.00121858
0.00107435
0.000931238
0.000787789
0.000645293
0.000502422
0.000360272
0.000217459
7.37741e-05
0.0532548
0.0531486
0.0530117
0.0528086
0.0525488
0.0522211
0.0518606
0.0514769
0.0510742
0.0506539
0.0502125
0.0497613
0.0492973
0.0488286
0.048349
0.0478645
0.0473704
0.046872
0.0463653
0.0458542
0.0453356
0.044812
0.0442824
0.0437465
0.0432065
0.042659
0.0421092
0.0415511
0.0409917
0.0404246
0.0398561
0.0392819
0.0387055
0.038126
0.0375436
0.0369607
0.0363752
0.0357912
0.0352059
0.0346237
0.0340426
0.033466
0.0328934
0.032327
0.0317677
0.0312165
0.0306756
0.0301449
0.0296273
0.0291221
0.0286321
0.0281567
0.0276979
0.0272554
0.0268301
0.0264224
0.0260314
0.0256585
0.0253012
0.0249615
0.024636
0.0243265
0.0240302
0.0237469
0.023476
0.0232148
0.0229654
0.0227222
0.0224898
0.0222613
0.0220416
0.0218249
0.0216142
0.0214069
0.021202
0.0210019
0.0208008
0.0206056
0.0204074
0.0202149
0.020019
0.0198273
0.0196338
0.0194416
0.0192503
0.0190571
0.0188674
0.0186736
0.0184846
0.0182911
0.0181019
0.0179094
0.0177195
0.0175286
0.0173377
0.0171485
0.016957
0.016769
0.0165778
0.0163902
0.0162001
0.0160126
0.0158241
0.0156366
0.0154499
0.0152628
0.0150777
0.0148915
0.0147076
0.0145228
0.0143397
0.0141564
0.0139739
0.0137921
0.0136101
0.0134294
0.0132481
0.0130681
0.0128877
0.0127082
0.0125288
0.0123499
0.0121718
0.0119936
0.0118168
0.0116398
0.0114644
0.0112889
0.0111149
0.0109412
0.0107684
0.0105965
0.010425
0.0102548
0.0100846
0.00991576
0.00974676
0.00957903
0.00941121
0.00924432
0.00907764
0.0089115
0.00874588
0.00858051
0.00841593
0.00825145
0.00808789
0.00792447
0.00776197
0.00759976
0.00743837
0.00727748
0.00711725
0.00695769
0.00679864
0.00664038
0.00648245
0.00632536
0.00616847
0.00601242
0.00585646
0.00570129
0.00554619
0.00539181
0.00523753
0.00508391
0.00493049
0.00477766
0.00462514
0.00447318
0.00432158
0.00417055
0.00401984
0.0038697
0.00371977
0.00357044
0.0034211
0.00327243
0.00312352
0.00297536
0.00282677
0.00267906
0.00253083
0.00238363
0.00223589
0.00208935
0.00194233
0.00179662
0.00165052
0.00150576
0.00136069
0.00121689
0.0010728
0.000929845
0.000786592
0.00064429
0.000501647
0.000359718
0.000217144
7.36578e-05
0.0535212
0.0534062
0.0532559
0.0530383
0.0527592
0.0524096
0.0520278
0.0516271
0.0512087
0.0507746
0.0503196
0.0498574
0.0493834
0.0489067
0.0484197
0.0479291
0.0474292
0.0469262
0.0464149
0.0459001
0.0453779
0.0448511
0.0443185
0.0437796
0.0432371
0.0426866
0.0421344
0.0415733
0.0410114
0.0404412
0.03987
0.0392925
0.0387129
0.03813
0.0375439
0.0369574
0.0363677
0.0357797
0.0351899
0.0346033
0.0340173
0.0334359
0.0328585
0.032287
0.0317229
0.0311669
0.0306214
0.0300863
0.0295646
0.0290557
0.0285625
0.0280844
0.0276235
0.0271795
0.0267533
0.0263454
0.0259546
0.0255829
0.0252269
0.0248895
0.0245664
0.0242599
0.0239667
0.0236869
0.0234197
0.0231621
0.0229166
0.0226769
0.0224485
0.0222232
0.0220074
0.0217936
0.0215861
0.0213817
0.0211794
0.020982
0.0207828
0.0205901
0.0203932
0.0202029
0.020008
0.019818
0.0196254
0.0194342
0.0192439
0.019051
0.0188624
0.0186685
0.0184806
0.0182868
0.0180984
0.0179058
0.0177161
0.0175254
0.0173344
0.0171456
0.0169538
0.0167661
0.0165745
0.0163873
0.0161968
0.0160094
0.0158208
0.0156332
0.0154466
0.0152592
0.0150744
0.0148879
0.0147043
0.0145193
0.0143364
0.0141531
0.0139707
0.0137889
0.0136069
0.0134263
0.0132449
0.013065
0.0128844
0.0127049
0.0125255
0.0123464
0.0121682
0.0119898
0.0118131
0.0116358
0.0114605
0.0112848
0.0111108
0.0109371
0.0107644
0.0105925
0.0104211
0.010251
0.0100808
0.00991214
0.00974314
0.00957556
0.00940778
0.00924097
0.00907434
0.00890819
0.00874265
0.0085772
0.00841269
0.00824809
0.0080846
0.00792106
0.00775862
0.00759631
0.00743498
0.00727403
0.00711387
0.00695431
0.00679534
0.00663712
0.00647928
0.00632226
0.00616547
0.00600948
0.00585361
0.00569849
0.00554345
0.0053891
0.00523487
0.00508125
0.00492787
0.00477503
0.00462256
0.0044706
0.00431908
0.00416806
0.00401747
0.00386737
0.00371757
0.00356829
0.00341909
0.00327045
0.00312164
0.00297348
0.00282494
0.0026772
0.00252895
0.00238169
0.00223392
0.00208731
0.00194027
0.00179452
0.00164846
0.00150372
0.00135875
0.00121504
0.00107112
0.000928328
0.000785289
0.000643191
0.000500793
0.000359098
0.000216786
7.35317e-05
0.0538095
0.0536845
0.053518
0.0532827
0.0529815
0.0526071
0.0522017
0.0517829
0.0513474
0.0508987
0.0504292
0.0499556
0.0494713
0.0489865
0.0484918
0.047995
0.0474894
0.0469817
0.0464659
0.0459474
0.0454215
0.0448916
0.0443558
0.043814
0.0432688
0.0427153
0.0421607
0.0415965
0.0410321
0.0404587
0.0398847
0.0393038
0.0387209
0.0381346
0.0375446
0.0369544
0.0363603
0.0357682
0.0351735
0.0345823
0.0339912
0.0334048
0.0328221
0.0322454
0.0316761
0.0311149
0.0305646
0.0300246
0.0294988
0.0289857
0.0284893
0.0280081
0.0275451
0.0270994
0.0266723
0.0262642
0.0258738
0.0255033
0.0251488
0.0248139
0.0244933
0.0241902
0.0239003
0.0236243
0.0233611
0.0231073
0.0228662
0.0226301
0.0224062
0.0221841
0.0219724
0.0217617
0.0215578
0.0213563
0.0211566
0.0209622
0.0207648
0.020575
0.0203792
0.0201914
0.0199974
0.0198092
0.0196175
0.0194273
0.0192381
0.0190454
0.0188581
0.0186639
0.0184772
0.0182829
0.0180954
0.0179026
0.0177133
0.0175228
0.0173316
0.0171433
0.0169509
0.0167639
0.0165716
0.0163849
0.0161939
0.0160067
0.0158179
0.0156301
0.0154437
0.015256
0.0150715
0.0148846
0.0147013
0.014516
0.0143334
0.0141501
0.0139677
0.0137861
0.0136039
0.0134236
0.013242
0.0130622
0.0128814
0.0127019
0.0125224
0.0123431
0.0121649
0.0119862
0.0118095
0.011632
0.0114567
0.0112808
0.0111069
0.010933
0.0107603
0.0105886
0.0104171
0.0102472
0.010077
0.00990858
0.00973957
0.00957216
0.0094044
0.00923767
0.0090711
0.00890492
0.00873946
0.0085739
0.00840948
0.00824473
0.00808131
0.00791761
0.00775524
0.00759281
0.00743154
0.00727052
0.00711043
0.00695086
0.00679197
0.00663379
0.00647605
0.0063191
0.00616241
0.0060065
0.00585071
0.00569566
0.00554068
0.00538636
0.00523216
0.00507855
0.00492519
0.00477234
0.00461992
0.00446794
0.00431651
0.00416549
0.00401503
0.00386496
0.00371533
0.00356609
0.00341705
0.00326845
0.00311975
0.0029716
0.00282311
0.00267531
0.00252705
0.0023797
0.00223188
0.00208518
0.00193811
0.00179231
0.00164628
0.00150156
0.00135669
0.00121308
0.00106935
0.000926715
0.000783916
0.000642028
0.000499902
0.000358455
0.000216437
7.34179e-05
0.054122
0.0539851
0.0537992
0.0535426
0.0532155
0.0528132
0.0523818
0.0519436
0.0514901
0.0510257
0.0505409
0.0500556
0.0495608
0.0490678
0.0485653
0.0480623
0.0475508
0.0470384
0.046518
0.045996
0.0454663
0.0449332
0.0443943
0.0438495
0.0433017
0.0427451
0.0421881
0.0416206
0.0410538
0.0404769
0.0399001
0.0393158
0.0387294
0.0381395
0.0375454
0.0369514
0.0363525
0.0357562
0.0351563
0.0345602
0.0339637
0.0333719
0.0327836
0.0322013
0.0316265
0.0310596
0.0305042
0.029959
0.0294286
0.0289112
0.0284112
0.0279268
0.0274614
0.0270139
0.0265858
0.0261775
0.0257875
0.0254184
0.0250655
0.0247334
0.0244154
0.024116
0.0238296
0.0235578
0.0232988
0.0230491
0.0228127
0.0225804
0.0223613
0.0221426
0.0219354
0.0217279
0.0215277
0.0213293
0.0211325
0.0209412
0.0207456
0.0205589
0.0203641
0.020179
0.0199857
0.0197995
0.0196086
0.0194195
0.0192314
0.019039
0.0188531
0.0186583
0.0184731
0.0182781
0.0180918
0.0178985
0.0177098
0.0175193
0.0173279
0.0171402
0.0169471
0.0167609
0.0165678
0.0163817
0.0161901
0.0160032
0.0158142
0.0156263
0.0154401
0.0152518
0.0150678
0.0148804
0.0146976
0.0145121
0.0143297
0.0141464
0.013964
0.0137827
0.0136003
0.0134203
0.0132384
0.0130589
0.0128779
0.0126984
0.0125187
0.0123392
0.0121611
0.011982
0.0118055
0.0116275
0.0114524
0.0112762
0.0111024
0.0109285
0.0107558
0.0105842
0.0104127
0.0102431
0.0100728
0.00990463
0.00973561
0.00956841
0.00940068
0.00923405
0.00906755
0.00890134
0.00873599
0.0085703
0.00840599
0.00824106
0.00807774
0.00791387
0.00775157
0.00758901
0.0074278
0.00726672
0.0071067
0.00694713
0.00678833
0.00663021
0.00647257
0.00631572
0.00615913
0.00600332
0.00584762
0.00569264
0.00553772
0.00538344
0.00522928
0.00507566
0.00492234
0.00476946
0.00461709
0.00446509
0.00431376
0.00416274
0.00401243
0.0038624
0.00371295
0.00356376
0.0034149
0.00326634
0.00311778
0.00296961
0.00282119
0.00267332
0.00252506
0.00237759
0.00222973
0.0020829
0.00193581
0.00178993
0.00164394
0.00149921
0.00135448
0.00121096
0.00106744
0.000924967
0.000782435
0.000640761
0.000498932
0.00035774
0.000216046
7.32951e-05
0.0544619
0.0543103
0.0541008
0.0538183
0.0534611
0.0530273
0.0525677
0.0521089
0.0516359
0.0511549
0.0506542
0.0501568
0.0496514
0.04915
0.0486398
0.0481305
0.0476131
0.0470962
0.0465713
0.0460457
0.0455122
0.0449761
0.0444341
0.0438863
0.0433359
0.0427762
0.0422169
0.0416459
0.0410769
0.0404964
0.0399168
0.0393289
0.038739
0.0381454
0.037547
0.0369491
0.0363453
0.0357446
0.0351393
0.0345382
0.033936
0.0333385
0.0327443
0.0321559
0.0315753
0.0310025
0.0304415
0.0298908
0.0293556
0.0288335
0.0283297
0.0278417
0.0273739
0.0269245
0.0264954
0.026087
0.0256973
0.0253299
0.0249787
0.0246497
0.0243345
0.0240392
0.0237566
0.0234893
0.0232348
0.0229895
0.0227582
0.0225298
0.022316
0.0221008
0.0218984
0.0216941
0.021498
0.0213028
0.0211089
0.020921
0.0207271
0.0205438
0.0203498
0.0201679
0.019975
0.0197911
0.0196009
0.0194129
0.019226
0.0190335
0.0188492
0.0186537
0.0184702
0.0182743
0.0180892
0.0178954
0.0177072
0.0175169
0.0173252
0.0171382
0.0169442
0.0167589
0.0165648
0.0163794
0.0161871
0.0160004
0.0158112
0.015623
0.0154371
0.0152482
0.0150648
0.0148767
0.0146945
0.0145085
0.0143265
0.0141432
0.0139608
0.0137798
0.0135972
0.0134176
0.0132353
0.0130561
0.0128747
0.0126953
0.0125154
0.0123357
0.0121575
0.011978
0.0118016
0.0116232
0.0114482
0.0112717
0.011098
0.010924
0.0107514
0.0105799
0.0104083
0.010239
0.0100686
0.0099008
0.00973171
0.00956477
0.00939703
0.00923051
0.00906408
0.00889782
0.00873258
0.00856672
0.00840253
0.00823738
0.00807417
0.00791009
0.00774786
0.00758515
0.007424
0.00726284
0.00710288
0.00694332
0.0067846
0.00662655
0.00646901
0.00631227
0.00615578
0.00600009
0.00584447
0.00568959
0.00553472
0.00538048
0.00522634
0.00507272
0.00491941
0.00476651
0.00461418
0.00446214
0.00431091
0.00415989
0.00400975
0.00385974
0.00371051
0.00356137
0.00341273
0.0032642
0.00311581
0.00296762
0.00281927
0.00267131
0.00252304
0.00237542
0.00222751
0.00208052
0.0019334
0.0017874
0.00164145
0.00149671
0.00135212
0.00120868
0.0010654
0.000923099
0.000780869
0.000639412
0.000497913
0.000356981
0.000215647
7.31724e-05
0.0548327
0.0546629
0.0544242
0.0541101
0.0537176
0.0532487
0.0527587
0.0522781
0.0517844
0.0512857
0.0507685
0.0502591
0.049743
0.0492331
0.0487151
0.0481995
0.0476764
0.047155
0.0466255
0.0460964
0.0455592
0.04502
0.0444748
0.043924
0.043371
0.0428079
0.0422464
0.0416719
0.0411005
0.0405163
0.0399338
0.0393421
0.0387485
0.0381511
0.0375482
0.0369463
0.0363372
0.0357319
0.0351208
0.0345144
0.0339061
0.0333026
0.0327021
0.0321073
0.0315205
0.0309412
0.0303743
0.0298176
0.0292772
0.02875
0.0282421
0.0277504
0.02728
0.0268284
0.0263983
0.0259897
0.0256005
0.0252348
0.0248855
0.0245599
0.0242477
0.0239569
0.0236783
0.0234159
0.0231663
0.0229257
0.0226999
0.0224756
0.0222675
0.0220558
0.0218588
0.0216577
0.021466
0.0212741
0.0210832
0.0208989
0.0207066
0.0205271
0.0203337
0.0201552
0.0199626
0.0197812
0.0195916
0.0194047
0.0192192
0.0190265
0.0188442
0.0186476
0.0184662
0.0182689
0.0180855
0.0178909
0.0177033
0.0175132
0.017321
0.017135
0.0169398
0.0167558
0.0165603
0.016376
0.0161828
0.0159964
0.0158071
0.0156185
0.0154331
0.0152434
0.0150608
0.0148719
0.0146904
0.0145041
0.0143224
0.0141391
0.0139567
0.0137761
0.0135932
0.0134141
0.0132314
0.0130526
0.0128709
0.0126915
0.0125115
0.0123315
0.0121534
0.0119734
0.0117972
0.0116182
0.0114435
0.0112667
0.0110931
0.010919
0.0107464
0.0105751
0.0104034
0.0102345
0.010064
0.00989658
0.00972741
0.00956079
0.00939305
0.00922666
0.00906032
0.008894
0.00872891
0.00856286
0.00839883
0.00823342
0.00807034
0.00790602
0.00774388
0.007581
0.00741992
0.00725868
0.00709879
0.00693924
0.00678061
0.00662264
0.00646522
0.00630861
0.00615224
0.00599669
0.00584116
0.00568639
0.00553156
0.00537738
0.00522325
0.00506963
0.00491633
0.00476338
0.0046111
0.00445902
0.0043079
0.00415686
0.00400691
0.00385693
0.00370794
0.00355887
0.00341047
0.00326198
0.00311377
0.00296557
0.0028173
0.00266923
0.00252095
0.00237315
0.00222517
0.00207799
0.00193083
0.00178469
0.00163879
0.00149401
0.0013496
0.00120623
0.00106323
0.000921088
0.0007792
0.000637953
0.000496817
0.000356139
0.000215202
7.30346e-05
0.0552388
0.0550466
0.054771
0.0544181
0.0539843
0.0534764
0.0529541
0.0524504
0.0519344
0.0514171
0.0508831
0.0503616
0.0498349
0.0493165
0.0487907
0.048269
0.0477402
0.0472145
0.0466807
0.0461483
0.0456074
0.0450653
0.0445171
0.0439634
0.0434079
0.0428416
0.042278
0.0416998
0.0411263
0.0405382
0.039953
0.0393575
0.0387603
0.0381591
0.0375514
0.0369455
0.0363309
0.035721
0.0351038
0.034492
0.0338772
0.0332674
0.0326603
0.0320587
0.0314652
0.0308791
0.0303058
0.0297428
0.0291968
0.0286642
0.028152
0.0276561
0.027183
0.0267291
0.026298
0.0258892
0.0255006
0.0251369
0.0247895
0.0244677
0.0241586
0.023873
0.0235985
0.0233415
0.0230971
0.0228615
0.0226417
0.0224216
0.0222197
0.0220114
0.0218205
0.0216224
0.0214355
0.0212469
0.0210592
0.0208787
0.0206879
0.0205126
0.0203195
0.0201449
0.0199521
0.0197736
0.0195843
0.0193987
0.0192145
0.0190213
0.0188413
0.018643
0.0184641
0.0182651
0.0180836
0.017888
0.017701
0.0175111
0.0173182
0.0171335
0.0169367
0.0167543
0.0165571
0.016374
0.0161796
0.0159936
0.015804
0.0156149
0.01543
0.0152393
0.0150577
0.0148678
0.0146872
0.0145002
0.014319
0.0141357
0.0139533
0.0137732
0.0135898
0.0134114
0.0132281
0.0130497
0.0128676
0.0126882
0.012508
0.0123276
0.0121497
0.011969
0.011793
0.0116134
0.0114389
0.0112616
0.0110882
0.010914
0.0107414
0.0105703
0.0103985
0.0102301
0.0100593
0.00989247
0.00972314
0.00955689
0.00938912
0.00922287
0.00905662
0.00889021
0.00872529
0.00855897
0.00839514
0.00822941
0.00806648
0.00790186
0.00773982
0.00757674
0.00741572
0.00725439
0.00709455
0.00693503
0.00677648
0.00661862
0.00646131
0.00630486
0.0061486
0.00599322
0.00583777
0.00568313
0.00552834
0.00537422
0.00522009
0.00506646
0.00491315
0.00476014
0.00460789
0.00445575
0.00430475
0.00415368
0.00400395
0.00385399
0.0037053
0.00355627
0.00340817
0.00325973
0.00311174
0.0029635
0.00281534
0.00266714
0.00251883
0.00237081
0.00222275
0.00207533
0.00192811
0.0017818
0.00163595
0.00149111
0.00134689
0.00120359
0.00106091
0.00091893
0.00077743
0.000636388
0.000495656
0.000355214
0.000214723
7.28766e-05
0.0556859
0.0554658
0.0551424
0.0547413
0.0542597
0.0537094
0.0531532
0.052625
0.0520851
0.0515484
0.0509976
0.0504643
0.049927
0.0494001
0.0488666
0.0483387
0.0478045
0.0472744
0.0467362
0.0462005
0.0456559
0.0451109
0.0445595
0.0440027
0.0434446
0.0428748
0.042309
0.0417269
0.0411512
0.0405591
0.0399711
0.0393716
0.0387705
0.0381654
0.0375526
0.0369426
0.036322
0.0357073
0.0350837
0.0344661
0.0338445
0.033228
0.032614
0.032005
0.0314045
0.0308109
0.030231
0.029661
0.0291091
0.0285705
0.0280538
0.0275535
0.0270775
0.0266211
0.0261889
0.0257799
0.0253919
0.0250305
0.0246851
0.0243677
0.0240619
0.0237819
0.0235118
0.0232608
0.0230219
0.0227917
0.0225783
0.0223625
0.0221676
0.0219627
0.0217783
0.0215832
0.0214017
0.0212164
0.021032
0.0208557
0.0206661
0.0204956
0.0203022
0.0201322
0.0199388
0.0197636
0.0195745
0.0193902
0.0192076
0.0190136
0.0188364
0.018636
0.0184603
0.018259
0.0180799
0.017883
0.0176969
0.0175073
0.0173135
0.0171303
0.0169315
0.0167514
0.0165519
0.0163705
0.0161747
0.0159893
0.0157995
0.0156098
0.0154258
0.0152338
0.0150535
0.0148623
0.0146829
0.0144951
0.0143146
0.0141314
0.0139488
0.0137695
0.0135854
0.013408
0.0132239
0.0130463
0.0128635
0.0126844
0.012504
0.0123231
0.0121454
0.0119639
0.0117884
0.0116079
0.0114339
0.011256
0.0110828
0.0109085
0.0107359
0.0105651
0.0103932
0.0102253
0.0100543
0.00988806
0.00971853
0.00955275
0.00938493
0.00921885
0.00905273
0.00888619
0.00872151
0.00855487
0.00839128
0.00822517
0.00806243
0.00789748
0.00773556
0.00757225
0.00741128
0.00724987
0.00709008
0.0069306
0.00677213
0.00661441
0.00645721
0.00630095
0.00614481
0.00598963
0.00583426
0.00567978
0.00552501
0.00537098
0.00521682
0.00506318
0.00490985
0.00475677
0.00460455
0.00445232
0.00430146
0.00415034
0.00400086
0.00385092
0.00370256
0.00355359
0.00340583
0.00325743
0.00310971
0.00296143
0.00281337
0.00266501
0.00251667
0.0023684
0.00222023
0.00207254
0.00192525
0.00177872
0.00163293
0.001488
0.001344
0.00120076
0.00105844
0.00091663
0.000775563
0.000634717
0.000494423
0.00035418
0.000214176
7.2666e-05
0.0561809
0.0559264
0.05554
0.0550787
0.0545422
0.0539465
0.053355
0.0528007
0.0522351
0.0516783
0.051111
0.0505662
0.0500186
0.0494834
0.0489425
0.0484088
0.0478695
0.0473356
0.0467934
0.046255
0.0457069
0.0451596
0.0446053
0.0440459
0.0434854
0.0429122
0.0423445
0.0417584
0.0411809
0.0405846
0.0399942
0.0393906
0.0387857
0.0381767
0.0375588
0.0369446
0.0363177
0.0356982
0.0350677
0.0344442
0.0338155
0.0331919
0.0325705
0.0319537
0.0313458
0.0307443
0.0301571
0.0295797
0.0290214
0.0284764
0.0279548
0.0274496
0.0269706
0.0265115
0.0260782
0.025669
0.0252818
0.0249228
0.0245796
0.024267
0.0239645
0.0236908
0.0234253
0.0231809
0.0229478
0.0227233
0.0225169
0.0223055
0.0221182
0.0219164
0.0217393
0.021547
0.0213713
0.0211892
0.0210083
0.0208364
0.0206477
0.0204825
0.0202881
0.0201234
0.0199287
0.0197574
0.019568
0.0193851
0.019204
0.0190088
0.0188349
0.0186314
0.0184596
0.0182551
0.0180789
0.0178802
0.017695
0.0175057
0.0173106
0.0171295
0.0169279
0.0167505
0.0165481
0.0163689
0.0161712
0.0159864
0.0157963
0.0156057
0.0154228
0.0152289
0.0150503
0.0148573
0.0146794
0.0144907
0.0143108
0.0141277
0.0139449
0.0137665
0.0135816
0.0134053
0.0132201
0.0130434
0.0128599
0.0126809
0.0125002
0.0123189
0.0121413
0.0119589
0.0117839
0.0116023
0.0114288
0.0112502
0.0110774
0.0109029
0.0107302
0.0105599
0.0103876
0.0102205
0.0100491
0.00988366
0.00971382
0.00954859
0.00938068
0.00921479
0.0090488
0.00888209
0.00871769
0.00855063
0.00838735
0.00822076
0.00805825
0.0078929
0.0077311
0.00756754
0.00740662
0.00724512
0.00708536
0.00692594
0.00676753
0.00660998
0.00645289
0.00629688
0.00614085
0.00598591
0.00583062
0.00567633
0.00552157
0.00536763
0.00521343
0.00505978
0.00490639
0.00475322
0.00460103
0.00444869
0.00429798
0.00414678
0.0039976
0.00384766
0.00369969
0.0035508
0.00340343
0.00325509
0.00310766
0.00295935
0.00281141
0.00266288
0.00251448
0.00236591
0.0022176
0.00206958
0.00192218
0.00177541
0.00162965
0.00148463
0.00134087
0.0011977
0.00105578
0.000914157
0.000773571
0.000632924
0.000493101
0.000353008
0.000213527
7.2351e-05
0.0567331
0.056435
0.055964
0.0554271
0.0548288
0.0541861
0.0535583
0.0529761
0.0523832
0.0518064
0.0512231
0.0506673
0.0501095
0.0495657
0.0490173
0.0484775
0.0479328
0.0473946
0.0468481
0.0463067
0.0457549
0.0452051
0.0446476
0.0440853
0.0435222
0.0429453
0.0423756
0.0417852
0.0412058
0.040605
0.0400121
0.0394043
0.0387955
0.0381826
0.0375592
0.0369409
0.0363073
0.035683
0.0350452
0.0344155
0.0337793
0.0331482
0.0325192
0.0318941
0.0312783
0.0306684
0.0300735
0.0294881
0.028923
0.0283711
0.0278443
0.0273339
0.0268518
0.0263897
0.0259555
0.0255461
0.0251597
0.0248035
0.0244625
0.0241555
0.0238564
0.0235899
0.023329
0.023092
0.022865
0.0226468
0.022448
0.0222411
0.0220623
0.0218634
0.0216946
0.0215046
0.0213356
0.0211567
0.0209796
0.0208124
0.0206243
0.0204653
0.0202693
0.020111
0.0199142
0.0197476
0.0195576
0.0193763
0.0191972
0.0190003
0.0188306
0.0186233
0.0184564
0.018248
0.0180756
0.0178747
0.0176907
0.0175019
0.0173052
0.0171269
0.0169219
0.0167481
0.0165421
0.0163657
0.0161658
0.0159819
0.0157917
0.0155999
0.0154186
0.0152225
0.0150463
0.014851
0.0146751
0.0144852
0.0143062
0.0141233
0.0139402
0.013763
0.0135769
0.0134023
0.0132158
0.0130402
0.0128557
0.012677
0.0124962
0.0123142
0.0121371
0.0119533
0.0117791
0.0115963
0.0114235
0.011244
0.0110716
0.0108969
0.0107242
0.0105544
0.0103817
0.0102156
0.0100436
0.00987918
0.00970893
0.0095444
0.00937636
0.00921068
0.00904488
0.00887792
0.00871389
0.00854632
0.00838343
0.00821626
0.00805404
0.00788822
0.00772655
0.00756271
0.00740182
0.00724024
0.00708049
0.00692115
0.0067628
0.00660546
0.00644848
0.00629274
0.00613683
0.00598218
0.00582695
0.00567289
0.00551812
0.00536429
0.00521001
0.00505635
0.00490289
0.0047496
0.00459742
0.00444493
0.00429438
0.00414309
0.00399424
0.0038443
0.00369678
0.00354795
0.00340105
0.00325277
0.00310567
0.00295733
0.00280951
0.00266078
0.0025123
0.0023634
0.00221489
0.0020665
0.00191896
0.0017719
0.00162617
0.00148105
0.00133753
0.00119445
0.00105297
0.000911553
0.000771491
0.000631049
0.00049171
0.000351696
0.000212727
7.18586e-05
0.0573544
0.0570004
0.0564138
0.0557829
0.0551178
0.0544269
0.0537616
0.0531486
0.0525269
0.0519305
0.0513328
0.0507673
0.0502003
0.0496492
0.0490946
0.04855
0.048001
0.0474596
0.0469095
0.0463659
0.045811
0.0452596
0.0446993
0.0441347
0.0435694
0.042989
0.0424175
0.0418227
0.0412416
0.0406361
0.0400408
0.0394287
0.038816
0.0381991
0.03757
0.0369476
0.0363068
0.0356775
0.0350318
0.0343956
0.0337514
0.0331124
0.0324751
0.0318411
0.031217
0.0305979
0.0299947
0.0294007
0.0288281
0.0282688
0.0277363
0.0272201
0.0267347
0.0262692
0.0258341
0.0254244
0.025039
0.0246859
0.0243473
0.0240463
0.0237508
0.0234922
0.023236
0.0230072
0.0227865
0.0225751
0.0223843
0.0221818
0.0220123
0.0218158
0.0216563
0.021468
0.0213063
0.0211301
0.0209569
0.0207946
0.0206065
0.0204544
0.0202556
0.0201046
0.0199044
0.0197433
0.0195518
0.0193723
0.019195
0.0189957
0.0188307
0.0186183
0.0184573
0.0182434
0.0180756
0.0178716
0.017689
0.0175006
0.0173017
0.0171269
0.0169173
0.016748
0.0165373
0.0163643
0.0161615
0.0159786
0.0157882
0.0155948
0.0154156
0.0152164
0.0150431
0.0148449
0.0146714
0.0144799
0.0143019
0.0141192
0.0139355
0.01376
0.0135723
0.0133997
0.0132114
0.0130373
0.0128516
0.0126733
0.0124921
0.0123093
0.0121328
0.0119474
0.0117743
0.0115897
0.011418
0.0112373
0.0110654
0.0108905
0.0107177
0.0105486
0.0103753
0.0102104
0.0100377
0.00987449
0.00970368
0.00953998
0.00937178
0.00920632
0.00904075
0.00887347
0.0087099
0.00854168
0.00837929
0.00821141
0.00804954
0.00788317
0.00772165
0.00755751
0.00739662
0.00723498
0.00707521
0.00691599
0.00675768
0.0066006
0.00644372
0.00628832
0.00613253
0.00597823
0.00582307
0.00566929
0.00551447
0.0053608
0.0052064
0.00505272
0.00489915
0.00474573
0.00459355
0.00444087
0.00429051
0.00413909
0.00399062
0.00384067
0.00369367
0.00354494
0.00339857
0.00325039
0.00310368
0.00295531
0.00280762
0.00265868
0.00251007
0.0023608
0.00221204
0.00206323
0.00191547
0.00176811
0.00162237
0.00147714
0.00133388
0.00119092
0.00104991
0.000908762
0.000769265
0.000629071
0.000490209
0.000350204
0.000211644
7.10283e-05
0.0580615
0.0576326
0.0568844
0.0561391
0.0554051
0.0546683
0.0539642
0.053318
0.0526657
0.0520497
0.0514372
0.050861
0.050284
0.0497243
0.0491629
0.0486124
0.0480585
0.0475131
0.0469588
0.0464128
0.0458543
0.045301
0.0447378
0.0441709
0.0436034
0.0430194
0.0424465
0.0418469
0.0412646
0.0406541
0.0400568
0.0394403
0.0388238
0.0382032
0.0375682
0.0369422
0.0362939
0.0356598
0.0350059
0.0343632
0.0337106
0.0330633
0.0324177
0.0317743
0.0311415
0.0305127
0.0299008
0.0292977
0.0287172
0.0281498
0.0276114
0.027089
0.0266004
0.0261311
0.0256954
0.0252853
0.0249012
0.0245517
0.0242155
0.0239216
0.0236295
0.0233801
0.0231287
0.0229092
0.0226952
0.0224912
0.0223094
0.0221113
0.0219525
0.021758
0.0216093
0.0214221
0.021269
0.0210956
0.0209267
0.0207701
0.0205815
0.0204379
0.0202351
0.0200933
0.0198886
0.0197345
0.019541
0.0193638
0.019189
0.0189866
0.0188281
0.018609
0.0184559
0.0182352
0.0180735
0.0178658
0.0176851
0.0174976
0.0172959
0.0171257
0.0169103
0.0167471
0.0165305
0.0163621
0.0161558
0.0159742
0.0157839
0.0155885
0.0154122
0.015209
0.0150397
0.0148377
0.0146674
0.014474
0.0142973
0.014115
0.0139306
0.0137572
0.0135674
0.0133975
0.0132069
0.0130348
0.0128476
0.0126697
0.0124883
0.0123044
0.0121288
0.0119414
0.0117697
0.011583
0.0114125
0.0112306
0.0110593
0.0108842
0.0107112
0.010543
0.0103689
0.0102055
0.0100318
0.00987011
0.00969854
0.00953585
0.00936742
0.0092022
0.00903692
0.00886918
0.00870624
0.00853717
0.00837541
0.00820666
0.00804522
0.00787819
0.00771684
0.00755235
0.00739144
0.00722973
0.0070699
0.00691084
0.00675253
0.00659576
0.00643898
0.00628397
0.0061283
0.0059744
0.00581929
0.00566583
0.00551094
0.00535742
0.00520287
0.00504917
0.00489545
0.00474185
0.00458964
0.00443673
0.00428657
0.00413497
0.00398694
0.00383696
0.00369056
0.00354192
0.00339616
0.0032481
0.00310182
0.00295345
0.00280588
0.00265671
0.00250791
0.00235823
0.00220913
0.00205985
0.00191182
0.0017641
0.00161832
0.00147298
0.00132999
0.00118718
0.00104668
0.000905855
0.000766958
0.000627077
0.000488654
0.000348594
0.00021015
6.96595e-05
0.058877
0.0583424
0.0573704
0.0564882
0.0556861
0.0549042
0.0541612
0.053481
0.0528014
0.0521702
0.0515474
0.0509641
0.0503796
0.0498141
0.049248
0.0486936
0.0481363
0.0475879
0.0470303
0.0464821
0.0459203
0.0453655
0.0447991
0.0442302
0.0436601
0.0430727
0.0424978
0.0418933
0.0413095
0.0406934
0.0400939
0.0394722
0.0388519
0.038227
0.0375857
0.0369557
0.0362992
0.0356601
0.0349972
0.0343474
0.0336858
0.0330294
0.0323747
0.031721
0.0310787
0.0304395
0.029818
0.029205
0.0286158
0.0280397
0.0274947
0.0269653
0.0264732
0.0259996
0.0255634
0.0251527
0.0247701
0.0244243
0.0240908
0.0238046
0.0235157
0.0232767
0.0230296
0.0228206
0.022613
0.0224171
0.0222444
0.0220505
0.0219033
0.0217094
0.0215728
0.0213852
0.0212418
0.0210696
0.0209055
0.0207541
0.0205641
0.0204296
0.0202209
0.0200897
0.0198781
0.0197322
0.0195351
0.0193604
0.0191876
0.0189811
0.0188299
0.0186021
0.0184585
0.0182287
0.0180745
0.0178616
0.0176831
0.0174963
0.0172909
0.0171264
0.0169034
0.0167478
0.0165234
0.0163608
0.01615
0.0159701
0.0157797
0.0155817
0.015409
0.0152007
0.0150364
0.0148295
0.0146633
0.0144673
0.0142921
0.0141104
0.0139248
0.0137541
0.0135616
0.0133951
0.0132015
0.0130319
0.0128428
0.0126656
0.0124839
0.0122988
0.0121242
0.0119344
0.0117644
0.0115752
0.0114064
0.0112227
0.0110522
0.0108769
0.0107037
0.0105366
0.0103615
0.0101999
0.010025
0.00986521
0.00969265
0.00953122
0.00936249
0.00919754
0.00903266
0.00886433
0.00870218
0.00853206
0.00837112
0.00820131
0.00804041
0.00787264
0.00771146
0.00754662
0.00738564
0.00722393
0.00706397
0.00690515
0.00674682
0.00659044
0.00643376
0.00627923
0.00612369
0.00597028
0.00581521
0.00566215
0.00550715
0.00535386
0.00519908
0.00504537
0.00489146
0.00473765
0.00458541
0.00443222
0.00428228
0.00413047
0.00398295
0.00383292
0.00368722
0.00353871
0.00339366
0.00324576
0.00309997
0.00295163
0.00280417
0.00265479
0.00250573
0.00235561
0.00220606
0.00205627
0.00190787
0.00175976
0.00161391
0.00146846
0.00132574
0.00118312
0.00104318
0.000902765
0.000764516
0.000625059
0.000487037
0.000346921
0.000208062
6.75192e-05
0.0598346
0.0591325
0.057857
0.0568278
0.055963
0.0551357
0.0543458
0.0536245
0.0529119
0.0522628
0.0516272
0.0510343
0.0504411
0.0498685
0.0492978
0.0487394
0.0481794
0.0476285
0.0470681
0.0465188
0.045954
0.0453986
0.0448297
0.0442594
0.0436877
0.0430973
0.042522
0.0419126
0.0413286
0.0407071
0.0401063
0.03948
0.0388559
0.0382277
0.03758
0.0369469
0.0362821
0.0356386
0.0349666
0.03431
0.0336393
0.0329735
0.0323097
0.031645
0.0309932
0.0303429
0.0297114
0.029088
0.0284896
0.0279042
0.0273525
0.0268155
0.0263201
0.0258417
0.0254054
0.024994
0.0246134
0.024272
0.0239413
0.0236643
0.0233788
0.0231519
0.0229094
0.0227125
0.022512
0.0223251
0.0221632
0.0219736
0.0218403
0.0216466
0.0215247
0.021336
0.0212044
0.0210339
0.020875
0.0207306
0.0205384
0.0204159
0.0201993
0.0200819
0.0198617
0.0197264
0.0195252
0.0193536
0.0191842
0.0189721
0.018831
0.0185919
0.018461
0.0182198
0.0180753
0.0178563
0.0176805
0.0174954
0.0172848
0.0171284
0.0168955
0.0167499
0.0165159
0.0163607
0.0161445
0.0159664
0.0157767
0.0155748
0.0154073
0.0151922
0.0150346
0.0148215
0.0146603
0.0144613
0.0142878
0.014107
0.0139196
0.0137527
0.0135564
0.0133943
0.0131969
0.0130305
0.0128391
0.0126626
0.0124807
0.0122938
0.0121209
0.0119278
0.0117603
0.0115677
0.0114011
0.0112153
0.0110458
0.0108702
0.0106966
0.010531
0.0103543
0.0101953
0.0100185
0.00986113
0.00968727
0.0095273
0.00935822
0.00919346
0.00902915
0.00885993
0.00869887
0.00852735
0.00836746
0.00819633
0.00803609
0.00786742
0.00770641
0.00754119
0.00738005
0.00721837
0.00705818
0.00689966
0.00674124
0.00658531
0.0064287
0.00627471
0.00611929
0.00596643
0.00581138
0.00565877
0.00550362
0.00535057
0.00519552
0.00504178
0.00488762
0.00473354
0.00458125
0.00442767
0.00427799
0.00412587
0.00397893
0.00382881
0.00368391
0.00353554
0.00339127
0.0032436
0.00309833
0.00295008
0.00280271
0.00265313
0.00250373
0.00235313
0.00220302
0.00205266
0.00190379
0.00175526
0.00160927
0.00146369
0.00132125
0.00117884
0.0010395
0.00089956
0.000762023
0.000623111
0.000485499
0.000345443
0.000205537
6.46766e-05
0.0609852
0.0600003
0.0583149
0.0571348
0.0562281
0.0553712
0.0545499
0.0537977
0.0530618
0.0524011
0.0517566
0.0511565
0.050555
0.0499759
0.0494001
0.0488372
0.0482738
0.0477193
0.0471552
0.0466032
0.0460342
0.045477
0.0449037
0.0443315
0.0437563
0.0431625
0.0425852
0.0419705
0.0413854
0.0407572
0.0401548
0.0395222
0.0388943
0.0382613
0.0376068
0.0369698
0.0362957
0.0356476
0.0349652
0.0343014
0.0336204
0.0329444
0.0322705
0.0315939
0.0309315
0.030269
0.0296264
0.0289918
0.028383
0.0277877
0.0272284
0.0266829
0.0261841
0.0256998
0.0252639
0.0248508
0.0244729
0.0241354
0.0238077
0.0235404
0.0232574
0.023044
0.0228044
0.0226212
0.022426
0.0222492
0.0220969
0.021911
0.021792
0.0215959
0.0214904
0.021297
0.0211792
0.0210069
0.0208544
0.0207152
0.0205195
0.0204096
0.0201819
0.0200806
0.0198476
0.0197255
0.0195168
0.0193495
0.0191823
0.0189636
0.018834
0.0185805
0.0184652
0.0182088
0.018077
0.0178492
0.0176772
0.0174933
0.0172767
0.0171299
0.0168844
0.0167517
0.016505
0.0163595
0.0161363
0.0159608
0.0157716
0.0155651
0.0154042
0.0151805
0.0150315
0.0148103
0.0146557
0.0144528
0.0142814
0.0141017
0.0139121
0.01375
0.0135488
0.0133925
0.0131902
0.0130279
0.0128336
0.0126581
0.0124761
0.012287
0.0121164
0.0119193
0.0117551
0.0115584
0.0113946
0.0112062
0.011038
0.0108622
0.0106879
0.0105243
0.0103457
0.0101898
0.0100107
0.00985629
0.00968081
0.00952261
0.00935316
0.00918857
0.00902507
0.00885472
0.00869508
0.00852186
0.00836333
0.00819066
0.00803122
0.00786161
0.00770074
0.00753523
0.00737381
0.00721229
0.00705177
0.00689366
0.00673509
0.00657971
0.00642319
0.00626982
0.00611455
0.00596234
0.00580731
0.00565526
0.00549992
0.00534719
0.00519183
0.00503807
0.00488365
0.00472924
0.00457691
0.00442286
0.00427347
0.00412097
0.00397466
0.00382443
0.0036804
0.00353221
0.0033888
0.00324145
0.00309674
0.0029487
0.00280138
0.00265169
0.00250186
0.00235082
0.00220004
0.00204909
0.00189966
0.00175064
0.00160448
0.00145873
0.00131657
0.00117436
0.00103566
0.000896219
0.000759469
0.000621208
0.000484153
0.000344449
0.000203389
6.19778e-05
0.0623882
0.0609366
0.0587587
0.0574061
0.0564196
0.0555089
0.0546458
0.0538629
0.053105
0.0524365
0.0517872
0.0511844
0.0505799
0.0499987
0.0494232
0.04886
0.0482976
0.0477435
0.0471791
0.0466278
0.0460568
0.0455002
0.0449245
0.044352
0.0437755
0.0431792
0.0426024
0.0419828
0.0413988
0.0407647
0.0401619
0.0395242
0.0388926
0.0382565
0.0375945
0.0369556
0.0362717
0.0356201
0.0349275
0.0342565
0.0335659
0.032879
0.0321955
0.031506
0.030833
0.0301577
0.0295036
0.0288574
0.0282378
0.027632
0.027065
0.0265106
0.0260087
0.0255183
0.0250835
0.0246695
0.0242947
0.0239633
0.0236389
0.0233843
0.0231042
0.0229076
0.0226719
0.022505
0.0223175
0.0221517
0.0220131
0.0218304
0.0217305
0.0215312
0.0214463
0.0212483
0.0211464
0.0209744
0.0208275
0.0206979
0.0204958
0.020404
0.0201617
0.0200811
0.0198333
0.0197261
0.0195109
0.0193461
0.0191852
0.0189554
0.0188428
0.0185699
0.0184748
0.0182004
0.0180826
0.0178466
0.0176764
0.0174974
0.0172701
0.0171378
0.0168753
0.016759
0.0164971
0.0163623
0.0161324
0.0159576
0.0157717
0.0155571
0.0154062
0.0151706
0.0150325
0.0148017
0.0146541
0.0144476
0.0142771
0.0141003
0.0139062
0.013751
0.0135429
0.0133939
0.0131857
0.0130278
0.0128307
0.0126554
0.0124745
0.0122818
0.0121149
0.0119122
0.0117524
0.0115507
0.01139
0.011199
0.0110315
0.0108563
0.0106803
0.0105197
0.0103379
0.0101861
0.0100039
0.00985287
0.00967565
0.00951899
0.0093496
0.00918452
0.00902254
0.00885029
0.00869274
0.00851725
0.00836044
0.008186
0.00802739
0.00785689
0.00769595
0.00753033
0.00736833
0.00720716
0.00704604
0.00688844
0.00672957
0.00657476
0.00641822
0.00626551
0.00611033
0.00595881
0.00580377
0.00565232
0.00549681
0.00534438
0.00518877
0.0050349
0.00488032
0.0047254
0.00457315
0.0044184
0.00426939
0.00411628
0.00397064
0.00382016
0.00367698
0.00352896
0.00338637
0.00323946
0.00309529
0.00294761
0.00280037
0.00265071
0.00250048
0.00234906
0.00219762
0.00204605
0.00189604
0.00174644
0.00160005
0.00145401
0.00131208
0.00116996
0.00103186
0.000892813
0.000756891
0.000619234
0.000483076
0.000344047
0.000203095
6.12952e-05
0.0641473
0.0617689
0.0591969
0.0578081
0.0567698
0.0558014
0.0548973
0.0540794
0.0532927
0.0526061
0.0519418
0.0513278
0.0507119
0.0501223
0.0495406
0.0489721
0.0484065
0.0478482
0.0472808
0.0467266
0.0461512
0.0455931
0.0450119
0.0444382
0.0438571
0.0432583
0.0426792
0.0420544
0.0414704
0.0408286
0.0402258
0.0395803
0.0389459
0.0383042
0.037635
0.0369928
0.0362982
0.0356429
0.0349385
0.0342605
0.0335588
0.0328608
0.0321667
0.0314635
0.0307793
0.0300904
0.0294239
0.0287656
0.0281341
0.0275176
0.0269421
0.0263779
0.0258729
0.0253748
0.0249415
0.0245244
0.0241532
0.0238256
0.0235037
0.0232607
0.0229809
0.0228009
0.0225652
0.0224149
0.0222308
0.0220756
0.0219474
0.0217657
0.0216838
0.0214771
0.0214135
0.0212057
0.0211209
0.0209451
0.0208038
0.0206819
0.0204713
0.0203985
0.0201377
0.0200802
0.0198138
0.0197233
0.0194997
0.019337
0.0191833
0.0189397
0.0188472
0.0185515
0.0184797
0.0181849
0.0180823
0.0178382
0.0176683
0.0174967
0.0172557
0.0171416
0.0168591
0.0167617
0.0164838
0.0163596
0.0161245
0.0159483
0.0157688
0.0155433
0.0154052
0.0151559
0.0150302
0.0147896
0.0146484
0.0144398
0.0142682
0.0140966
0.013896
0.0137496
0.0135336
0.0133924
0.0131786
0.0130246
0.0128262
0.0126498
0.0124717
0.0122741
0.0121123
0.0119035
0.0117486
0.0115422
0.0113841
0.0111916
0.0110237
0.0108502
0.0106714
0.0105148
0.0103293
0.0101817
0.00999658
0.00984849
0.00967024
0.00951426
0.00934595
0.00917951
0.00901991
0.00884531
0.00869024
0.00851256
0.00835737
0.00818169
0.00802348
0.00785278
0.00769129
0.00752613
0.00736322
0.00720268
0.0070408
0.00688375
0.00672451
0.00657018
0.00641362
0.00626144
0.00610636
0.00595546
0.00580048
0.00564958
0.00549406
0.00534189
0.00518628
0.00503222
0.00487773
0.00472223
0.0045702
0.00441467
0.00426601
0.00411226
0.00396705
0.00381634
0.00367363
0.00352588
0.00338376
0.00323747
0.00309363
0.00294661
0.0027994
0.0026501
0.00249958
0.00234804
0.00219611
0.00204404
0.00189357
0.00174337
0.00159674
0.00145027
0.00130843
0.0011662
0.00102851
0.000889646
0.000754416
0.000617131
0.000482118
0.000343918
0.000205194
6.39144e-05
0.066591
0.0622907
0.0591315
0.0577788
0.0567436
0.0557664
0.0548678
0.0540595
0.0532758
0.0525967
0.0519365
0.0513271
0.0507141
0.050126
0.0495481
0.0489807
0.0484183
0.0478613
0.0472941
0.0467417
0.0461638
0.045607
0.0450227
0.0444483
0.0438661
0.0432634
0.0426862
0.0420546
0.0414732
0.0408246
0.0402214
0.0395721
0.0389318
0.0382898
0.0376106
0.0369687
0.036263
0.0356048
0.0348912
0.0342048
0.0334959
0.0327853
0.0320838
0.0313673
0.0306735
0.0299729
0.0292955
0.028627
0.0279864
0.0273603
0.0267803
0.0262081
0.025703
0.0252013
0.0247703
0.0243571
0.0239878
0.0236726
0.0233518
0.0231267
0.0228493
0.0226872
0.0224589
0.0223201
0.0221515
0.0219984
0.021893
0.0217058
0.0216482
0.0214351
0.0213891
0.0211823
0.0211011
0.0209387
0.0207859
0.0206879
0.020457
0.0204093
0.0201307
0.0200882
0.0198171
0.0197239
0.0195132
0.019331
0.0192027
0.0189322
0.0188654
0.0185486
0.01849
0.01819
0.0180823
0.0178509
0.0176609
0.0175127
0.0172473
0.0171547
0.0168552
0.0167674
0.0164866
0.0163571
0.0161326
0.0159409
0.0157782
0.0155356
0.0154117
0.0151515
0.015031
0.0147895
0.014644
0.0144429
0.0142613
0.0141004
0.0138897
0.0137519
0.0135301
0.0133921
0.0131784
0.0130217
0.0128283
0.0126455
0.0124743
0.0122699
0.0121136
0.0119004
0.0117476
0.0115404
0.0113806
0.0111909
0.0110186
0.0108498
0.0106659
0.0105137
0.0103247
0.0101794
0.00999352
0.00984505
0.00966866
0.00951024
0.00934524
0.00917567
0.00901926
0.0088422
0.00868903
0.00851034
0.00835542
0.00818009
0.00802094
0.00785133
0.00768849
0.0075244
0.00736035
0.00720046
0.00703791
0.00688109
0.00672156
0.00656732
0.00641066
0.00625865
0.00610357
0.00595293
0.00579807
0.00564736
0.00549214
0.00533988
0.00518476
0.00503026
0.00487634
0.00472016
0.0045686
0.00441238
0.00426395
0.00410971
0.00396449
0.00381363
0.00367079
0.00352328
0.00338106
0.0032353
0.00309149
0.00294506
0.002798
0.00264909
0.00249873
0.00234721
0.00219536
0.00204294
0.00189242
0.00174169
0.00159498
0.00144802
0.00130612
0.0011636
0.00102598
0.000887019
0.000752116
0.000614866
0.000480713
0.000343105
0.000207354
6.74581e-05
0.0697033
0.0638623
0.0598091
0.0582392
0.0570776
0.0560115
0.0550678
0.0542307
0.0534277
0.0527343
0.0520644
0.0514475
0.0508285
0.0502361
0.0496545
0.0490848
0.0485201
0.0479614
0.0473925
0.0468381
0.0462585
0.0456992
0.0451132
0.0445363
0.0439521
0.0433471
0.0427672
0.0421339
0.0415488
0.0408985
0.0402909
0.0396393
0.0389949
0.0383492
0.0376664
0.0370193
0.0363105
0.0356459
0.0349288
0.034236
0.0335221
0.0328056
0.0320978
0.0313758
0.0306751
0.029969
0.0292852
0.0286111
0.0279651
0.0273342
0.0267495
0.026174
0.0256648
0.0251618
0.0247275
0.0243144
0.0239436
0.0236284
0.0233089
0.0230828
0.0228095
0.0226452
0.0224226
0.0222819
0.0221183
0.0219655
0.0218618
0.0216789
0.0216187
0.0214137
0.0213617
0.0211644
0.0210772
0.0209218
0.0207673
0.0206699
0.020444
0.0203897
0.020122
0.0200682
0.0198098
0.0197063
0.0195043
0.0193183
0.0191905
0.0189252
0.0188498
0.0185453
0.0184733
0.0181872
0.0180676
0.0178454
0.017651
0.0175031
0.0172424
0.0171418
0.0168531
0.0167534
0.0164845
0.0163452
0.016128
0.0159329
0.0157704
0.0155315
0.0154016
0.0151494
0.0150207
0.014787
0.0146352
0.0144385
0.0142549
0.0140938
0.0138855
0.0137439
0.013527
0.0133839
0.0131751
0.0130146
0.0128241
0.0126402
0.0124689
0.0122663
0.0121075
0.0118978
0.0117414
0.011538
0.0113751
0.0111878
0.0110142
0.0108458
0.0106627
0.0105089
0.0103222
0.0101743
0.00999113
0.00984018
0.00966586
0.00950611
0.00934182
0.00917241
0.00901534
0.00883961
0.00868496
0.00850803
0.00835158
0.00817773
0.00801757
0.00784879
0.00768561
0.00752171
0.00735783
0.00719774
0.00703556
0.00687841
0.00671922
0.00656467
0.00640827
0.00625599
0.00610115
0.00595025
0.00579569
0.00564471
0.00548984
0.00533738
0.00518254
0.00502802
0.00487419
0.00471821
0.00456649
0.00441065
0.00426185
0.00410807
0.00396235
0.0038119
0.00366857
0.00352134
0.00337878
0.00323315
0.00308921
0.00294285
0.00279587
0.002647
0.00249684
0.00234538
0.00219373
0.00204139
0.00189097
0.00174032
0.00159354
0.00144666
0.00130461
0.00116214
0.00102433
0.000885409
0.00075036
0.000613149
0.000479042
0.000341604
0.000207017
6.81414e-05
)
;

boundaryField
{
    inlet
    {
        type            zeroGradient;
    }
    outlet
    {
        type            fixedValue;
        value           uniform 0;
    }
    wall
    {
        type            zeroGradient;
    }
    axis
    {
        type            symmetryPlane;
    }
    frontAndBack
    {
        type            empty;
    }
}


// ************************************************************************* //
