/*--------------------------------*- C++ -*----------------------------------*\
| =========                 |                                                 |
| \\      /  F ield         | OpenFOAM: The Open Source CFD Toolbox           |
|  \\    /   O peration     | Version:  2412                                  |
|   \\  /    A nd           | Website:  www.openfoam.com                      |
|    \\/     M anipulation  |                                                 |
\*---------------------------------------------------------------------------*/
FoamFile
{
    version     2.0;
    format      ascii;
    arch        "LSB;label=32;scalar=64";
    class       volScalarField;
    location    "300";
    object      p;
}
// * * * * * * * * * * * * * * * * * * * * * * * * * * * * * * * * * * * * * //

dimensions      [0 2 -2 0 0 0 0];

internalField   nonuniform List<scalar> 
8000
(
0.00314908
0.00291444
0.00293626
0.00283225
0.00281707
0.00276343
0.00273719
0.0027002
0.00267247
0.00264217
0.00261549
0.0025886
0.00256342
0.00253865
0.00251489
0.00249165
0.0024691
0.00244705
0.00242554
0.00240448
0.00238385
0.00236361
0.00234375
0.00232423
0.00230503
0.00228613
0.00226751
0.00224917
0.00223107
0.00221322
0.00219559
0.00217818
0.00216097
0.00214396
0.00212714
0.00211049
0.00209402
0.0020777
0.00206155
0.00204554
0.00202968
0.00201395
0.00199836
0.0019829
0.00196756
0.00195235
0.00193725
0.00192226
0.00190737
0.00189259
0.00187789
0.0018633
0.00184878
0.00183435
0.00182
0.00180575
0.00179158
0.00177754
0.00176358
0.00174976
0.00173604
0.0017225
0.00170906
0.00169583
0.00168269
0.00166977
0.00165693
0.00164432
0.00163174
0.00161939
0.001607
0.00159483
0.00158256
0.00157049
0.00155825
0.00154621
0.00153394
0.0015219
0.00150956
0.00149748
0.00148507
0.00147296
0.00146047
0.00144832
0.00143578
0.00142361
0.00141102
0.00139883
0.00138621
0.00137402
0.00136137
0.00134918
0.00133652
0.00132432
0.00131167
0.00129946
0.00128681
0.00127459
0.00126195
0.00124971
0.0012371
0.00122484
0.00121225
0.00119996
0.0011874
0.00117507
0.00116255
0.00115019
0.0011377
0.00112531
0.00111285
0.00110043
0.001088
0.00107555
0.00106315
0.00105067
0.00103829
0.00102579
0.00101344
0.00100092
0.000988576
0.000976046
0.000963715
0.000951176
0.000938853
0.000926306
0.000913992
0.000901435
0.000889132
0.000876561
0.000864275
0.000851686
0.000839419
0.00082681
0.000814563
0.000801936
0.000789703
0.000777066
0.000764838
0.000752202
0.000739968
0.000727344
0.000715092
0.000702489
0.000690214
0.000677637
0.000665335
0.000652784
0.000640456
0.000627929
0.000615581
0.000603071
0.000590709
0.00057821
0.000565839
0.000553347
0.000540972
0.000528482
0.000516104
0.000503618
0.000491236
0.000478755
0.000466368
0.00045389
0.000441501
0.000429025
0.000416635
0.00040416
0.000391768
0.000379294
0.000366902
0.000354428
0.000342036
0.000329562
0.000317171
0.000304696
0.000292305
0.00027983
0.00026744
0.000254963
0.000242575
0.000230097
0.000217709
0.000205232
0.000192842
0.000180368
0.000167974
0.000155504
0.000143105
0.000130641
0.000118237
0.000105777
9.33698e-05
8.09124e-05
6.8501e-05
5.60498e-05
4.36253e-05
3.11814e-05
1.8646e-05
6.23977e-06
0.00314918
0.00291442
0.00293621
0.00283226
0.00281705
0.00276343
0.00273719
0.0027002
0.00267247
0.00264217
0.00261549
0.0025886
0.00256342
0.00253865
0.00251488
0.00249165
0.0024691
0.00244705
0.00242554
0.00240448
0.00238385
0.00236361
0.00234375
0.00232423
0.00230503
0.00228613
0.00226751
0.00224917
0.00223107
0.00221322
0.00219559
0.00217818
0.00216097
0.00214396
0.00212714
0.00211049
0.00209401
0.0020777
0.00206155
0.00204554
0.00202968
0.00201395
0.00199836
0.0019829
0.00196756
0.00195235
0.00193725
0.00192226
0.00190737
0.00189259
0.00187789
0.0018633
0.00184877
0.00183435
0.00182
0.00180575
0.00179158
0.00177754
0.00176358
0.00174976
0.00173604
0.0017225
0.00170906
0.00169582
0.00168269
0.00166977
0.00165693
0.00164432
0.00163174
0.00161939
0.001607
0.00159483
0.00158256
0.00157049
0.00155825
0.00154621
0.00153394
0.0015219
0.00150956
0.00149748
0.00148507
0.00147296
0.00146047
0.00144832
0.00143578
0.00142361
0.00141102
0.00139883
0.00138621
0.00137402
0.00136137
0.00134918
0.00133652
0.00132432
0.00131167
0.00129946
0.00128681
0.00127459
0.00126195
0.00124971
0.0012371
0.00122483
0.00121225
0.00119996
0.0011874
0.00117507
0.00116255
0.00115019
0.0011377
0.00112531
0.00111285
0.00110043
0.001088
0.00107555
0.00106315
0.00105067
0.00103829
0.00102579
0.00101344
0.00100092
0.000988576
0.000976046
0.000963715
0.000951176
0.000938853
0.000926306
0.000913992
0.000901435
0.000889132
0.000876561
0.000864275
0.000851686
0.000839419
0.00082681
0.000814563
0.000801936
0.000789703
0.000777066
0.000764838
0.000752202
0.000739968
0.000727344
0.000715092
0.000702489
0.000690214
0.000677637
0.000665335
0.000652784
0.000640456
0.000627929
0.000615581
0.000603071
0.000590709
0.00057821
0.000565839
0.000553347
0.000540972
0.000528482
0.000516104
0.000503618
0.000491236
0.000478755
0.000466368
0.00045389
0.000441501
0.000429025
0.000416635
0.00040416
0.000391768
0.000379294
0.000366902
0.000354428
0.000342036
0.000329562
0.000317171
0.000304696
0.000292305
0.00027983
0.00026744
0.000254963
0.000242575
0.000230097
0.000217709
0.000205232
0.000192842
0.000180368
0.000167974
0.000155504
0.000143105
0.000130641
0.000118237
0.000105777
9.33698e-05
8.09125e-05
6.8501e-05
5.60498e-05
4.36253e-05
3.11815e-05
1.86455e-05
6.23924e-06
0.00314938
0.00291434
0.00293617
0.00283223
0.00281703
0.00276342
0.00273718
0.00270019
0.00267246
0.00264217
0.00261549
0.0025886
0.00256342
0.00253865
0.00251488
0.00249164
0.0024691
0.00244705
0.00242554
0.00240448
0.00238385
0.00236361
0.00234375
0.00232422
0.00230503
0.00228613
0.00226751
0.00224917
0.00223107
0.00221322
0.00219559
0.00217818
0.00216097
0.00214396
0.00212714
0.00211049
0.00209401
0.0020777
0.00206155
0.00204554
0.00202968
0.00201395
0.00199836
0.0019829
0.00196756
0.00195235
0.00193725
0.00192226
0.00190737
0.00189259
0.00187789
0.00186329
0.00184877
0.00183435
0.00182
0.00180575
0.00179158
0.00177754
0.00176358
0.00174976
0.00173604
0.0017225
0.00170906
0.00169582
0.00168269
0.00166977
0.00165693
0.00164432
0.00163174
0.00161939
0.001607
0.00159483
0.00158256
0.00157049
0.00155825
0.00154621
0.00153394
0.0015219
0.00150956
0.00149748
0.00148507
0.00147296
0.00146047
0.00144832
0.00143578
0.00142361
0.00141102
0.00139883
0.00138621
0.00137402
0.00136137
0.00134918
0.00133652
0.00132432
0.00131167
0.00129946
0.00128681
0.00127459
0.00126195
0.00124971
0.0012371
0.00122483
0.00121225
0.00119996
0.0011874
0.00117507
0.00116255
0.00115019
0.0011377
0.00112531
0.00111285
0.00110043
0.001088
0.00107555
0.00106315
0.00105067
0.00103829
0.00102579
0.00101344
0.00100092
0.000988576
0.000976046
0.000963715
0.000951176
0.000938853
0.000926306
0.000913992
0.000901435
0.000889132
0.000876561
0.000864275
0.000851686
0.000839419
0.00082681
0.000814563
0.000801936
0.000789703
0.000777066
0.000764838
0.000752202
0.000739968
0.000727344
0.000715092
0.000702489
0.000690214
0.000677637
0.000665335
0.000652784
0.000640456
0.000627929
0.000615581
0.000603071
0.000590709
0.00057821
0.000565839
0.000553347
0.000540972
0.000528482
0.000516104
0.000503618
0.000491236
0.000478755
0.000466368
0.00045389
0.000441501
0.000429025
0.000416635
0.00040416
0.000391768
0.000379294
0.000366902
0.000354428
0.000342036
0.000329562
0.000317171
0.000304696
0.000292305
0.00027983
0.00026744
0.000254963
0.000242575
0.000230097
0.000217709
0.000205232
0.000192842
0.000180368
0.000167974
0.000155504
0.000143105
0.000130641
0.000118237
0.000105777
9.33698e-05
8.09125e-05
6.8501e-05
5.60498e-05
4.36254e-05
3.11815e-05
1.8646e-05
6.23988e-06
0.0031497
0.0029142
0.00293611
0.0028322
0.00281701
0.00276341
0.00273717
0.00270018
0.00267245
0.00264216
0.00261548
0.00258859
0.00256341
0.00253865
0.00251488
0.00249164
0.00246909
0.00244705
0.00242554
0.00240447
0.00238385
0.00236361
0.00234375
0.00232422
0.00230502
0.00228613
0.00226751
0.00224916
0.00223107
0.00221322
0.00219559
0.00217818
0.00216097
0.00214396
0.00212714
0.00211049
0.00209401
0.0020777
0.00206154
0.00204554
0.00202967
0.00201395
0.00199836
0.0019829
0.00196756
0.00195235
0.00193724
0.00192226
0.00190737
0.00189259
0.00187789
0.00186329
0.00184877
0.00183435
0.00182
0.00180575
0.00179158
0.00177753
0.00176357
0.00174976
0.00173604
0.0017225
0.00170906
0.00169582
0.00168269
0.00166977
0.00165693
0.00164432
0.00163174
0.00161939
0.001607
0.00159483
0.00158256
0.00157049
0.00155825
0.00154621
0.00153394
0.0015219
0.00150956
0.00149748
0.00148507
0.00147296
0.00146047
0.00144832
0.00143578
0.00142361
0.00141102
0.00139883
0.00138621
0.00137402
0.00136137
0.00134918
0.00133652
0.00132432
0.00131167
0.00129946
0.00128681
0.00127459
0.00126195
0.00124971
0.0012371
0.00122483
0.00121225
0.00119996
0.0011874
0.00117507
0.00116255
0.00115019
0.0011377
0.00112531
0.00111285
0.00110043
0.001088
0.00107555
0.00106315
0.00105067
0.00103829
0.00102579
0.00101344
0.00100092
0.000988576
0.000976046
0.000963715
0.000951176
0.000938853
0.000926306
0.000913992
0.000901435
0.000889132
0.000876561
0.000864275
0.000851686
0.000839419
0.00082681
0.000814563
0.000801936
0.000789703
0.000777066
0.000764838
0.000752202
0.000739968
0.000727344
0.000715092
0.000702489
0.000690214
0.000677637
0.000665335
0.000652784
0.000640456
0.000627929
0.000615581
0.000603071
0.000590709
0.00057821
0.000565839
0.000553347
0.000540972
0.000528482
0.000516104
0.000503618
0.000491236
0.000478755
0.000466368
0.00045389
0.000441501
0.000429025
0.000416635
0.00040416
0.000391768
0.000379294
0.000366902
0.000354428
0.000342036
0.000329562
0.000317171
0.000304696
0.000292305
0.00027983
0.00026744
0.000254963
0.000242575
0.000230097
0.000217709
0.000205232
0.000192842
0.000180368
0.000167974
0.000155504
0.000143105
0.000130641
0.000118237
0.000105777
9.33698e-05
8.09124e-05
6.8501e-05
5.60498e-05
4.36255e-05
3.11816e-05
1.86477e-05
6.2416e-06
0.00315012
0.00291402
0.00293602
0.00283215
0.00281698
0.00276339
0.00273715
0.00270017
0.00267244
0.00264215
0.00261547
0.00258859
0.00256341
0.00253864
0.00251487
0.00249164
0.00246909
0.00244705
0.00242553
0.00240447
0.00238384
0.00236361
0.00234374
0.00232422
0.00230502
0.00228612
0.00226751
0.00224916
0.00223107
0.00221322
0.00219559
0.00217818
0.00216097
0.00214396
0.00212713
0.00211049
0.00209401
0.0020777
0.00206154
0.00204554
0.00202967
0.00201395
0.00199836
0.0019829
0.00196756
0.00195234
0.00193724
0.00192226
0.00190737
0.00189259
0.00187789
0.00186329
0.00184877
0.00183435
0.00182
0.00180575
0.00179158
0.00177753
0.00176357
0.00174976
0.00173604
0.0017225
0.00170906
0.00169582
0.00168268
0.00166977
0.00165693
0.00164432
0.00163174
0.00161938
0.001607
0.00159483
0.00158256
0.00157049
0.00155825
0.00154621
0.00153394
0.0015219
0.00150956
0.00149748
0.00148507
0.00147296
0.00146047
0.00144832
0.00143578
0.00142361
0.00141102
0.00139883
0.00138621
0.00137402
0.00136137
0.00134918
0.00133652
0.00132432
0.00131167
0.00129946
0.00128681
0.00127459
0.00126195
0.00124971
0.0012371
0.00122483
0.00121225
0.00119996
0.0011874
0.00117507
0.00116255
0.00115019
0.0011377
0.00112531
0.00111285
0.00110043
0.001088
0.00107555
0.00106315
0.00105067
0.00103829
0.00102579
0.00101344
0.00100092
0.000988576
0.000976046
0.000963715
0.000951176
0.000938853
0.000926306
0.000913992
0.000901435
0.000889132
0.000876561
0.000864275
0.000851686
0.000839419
0.00082681
0.000814563
0.000801936
0.000789703
0.000777066
0.000764838
0.000752202
0.000739968
0.000727344
0.000715092
0.000702489
0.000690214
0.000677637
0.000665335
0.000652784
0.000640456
0.000627929
0.000615581
0.000603071
0.000590709
0.00057821
0.000565839
0.000553347
0.000540972
0.000528482
0.000516104
0.000503618
0.000491236
0.000478755
0.000466368
0.00045389
0.000441501
0.000429025
0.000416635
0.00040416
0.000391768
0.000379294
0.000366902
0.000354428
0.000342036
0.000329562
0.000317171
0.000304696
0.000292305
0.00027983
0.00026744
0.000254963
0.000242575
0.000230097
0.000217709
0.000205232
0.000192842
0.000180368
0.000167974
0.000155504
0.000143105
0.000130641
0.000118237
0.000105777
9.33698e-05
8.09124e-05
6.85011e-05
5.60498e-05
4.36256e-05
3.11818e-05
1.86502e-05
6.24423e-06
0.00315064
0.00291379
0.00293592
0.00283209
0.00281694
0.00276337
0.00273713
0.00270016
0.00267243
0.00264214
0.00261547
0.00258858
0.0025634
0.00253864
0.00251487
0.00249163
0.00246909
0.00244704
0.00242553
0.00240447
0.00238384
0.0023636
0.00234374
0.00232422
0.00230502
0.00228612
0.00226751
0.00224916
0.00223107
0.00221321
0.00219559
0.00217818
0.00216097
0.00214396
0.00212713
0.00211049
0.00209401
0.0020777
0.00206154
0.00204554
0.00202967
0.00201395
0.00199836
0.0019829
0.00196756
0.00195234
0.00193724
0.00192226
0.00190737
0.00189259
0.00187789
0.00186329
0.00184877
0.00183435
0.00182
0.00180575
0.00179158
0.00177753
0.00176357
0.00174976
0.00173604
0.0017225
0.00170906
0.00169582
0.00168268
0.00166977
0.00165693
0.00164432
0.00163174
0.00161938
0.001607
0.00159483
0.00158256
0.00157049
0.00155825
0.00154621
0.00153394
0.0015219
0.00150956
0.00149748
0.00148507
0.00147296
0.00146047
0.00144832
0.00143578
0.00142361
0.00141102
0.00139883
0.00138621
0.00137402
0.00136137
0.00134918
0.00133652
0.00132432
0.00131167
0.00129946
0.00128681
0.00127459
0.00126195
0.00124971
0.0012371
0.00122483
0.00121225
0.00119996
0.0011874
0.00117507
0.00116255
0.00115019
0.0011377
0.00112531
0.00111285
0.00110043
0.001088
0.00107555
0.00106315
0.00105067
0.00103829
0.00102579
0.00101344
0.00100092
0.000988576
0.000976046
0.000963715
0.000951176
0.000938853
0.000926306
0.000913992
0.000901435
0.000889132
0.000876561
0.000864275
0.000851686
0.000839419
0.00082681
0.000814563
0.000801936
0.000789703
0.000777066
0.000764838
0.000752202
0.000739968
0.000727344
0.000715092
0.000702489
0.000690214
0.000677637
0.000665335
0.000652784
0.000640456
0.000627929
0.000615581
0.000603071
0.000590708
0.00057821
0.000565839
0.000553347
0.000540972
0.000528482
0.000516104
0.000503618
0.000491236
0.000478755
0.000466368
0.00045389
0.000441501
0.000429025
0.000416635
0.00040416
0.000391768
0.000379294
0.000366902
0.000354429
0.000342036
0.000329562
0.000317171
0.000304696
0.000292305
0.00027983
0.00026744
0.000254963
0.000242575
0.000230097
0.000217709
0.000205232
0.000192842
0.000180368
0.000167974
0.000155504
0.000143105
0.000130641
0.000118237
0.000105777
9.33698e-05
8.09124e-05
6.85011e-05
5.60498e-05
4.36258e-05
3.1182e-05
1.86536e-05
6.2477e-06
0.00315127
0.00291352
0.0029358
0.00283202
0.00281689
0.00276334
0.00273711
0.00270014
0.00267242
0.00264213
0.00261545
0.00258857
0.00256339
0.00253863
0.00251486
0.00249163
0.00246908
0.00244704
0.00242553
0.00240446
0.00238384
0.0023636
0.00234374
0.00232422
0.00230502
0.00228612
0.0022675
0.00224916
0.00223107
0.00221321
0.00219558
0.00217817
0.00216097
0.00214396
0.00212713
0.00211049
0.00209401
0.0020777
0.00206154
0.00204553
0.00202967
0.00201395
0.00199836
0.00198289
0.00196756
0.00195234
0.00193724
0.00192225
0.00190737
0.00189259
0.00187789
0.00186329
0.00184877
0.00183435
0.00182
0.00180575
0.00179158
0.00177753
0.00176357
0.00174976
0.00173604
0.0017225
0.00170906
0.00169582
0.00168268
0.00166977
0.00165693
0.00164432
0.00163174
0.00161938
0.001607
0.00159483
0.00158255
0.00157049
0.00155825
0.00154621
0.00153394
0.0015219
0.00150956
0.00149748
0.00148507
0.00147296
0.00146047
0.00144833
0.00143578
0.00142361
0.00141102
0.00139883
0.00138621
0.00137402
0.00136137
0.00134918
0.00133652
0.00132432
0.00131167
0.00129946
0.00128681
0.00127459
0.00126195
0.00124971
0.0012371
0.00122483
0.00121225
0.00119996
0.0011874
0.00117507
0.00116255
0.00115019
0.0011377
0.00112531
0.00111285
0.00110043
0.001088
0.00107555
0.00106315
0.00105067
0.00103829
0.00102579
0.00101344
0.00100092
0.000988576
0.000976046
0.000963715
0.000951176
0.000938853
0.000926306
0.000913992
0.000901435
0.000889132
0.000876561
0.000864275
0.000851686
0.000839419
0.00082681
0.000814563
0.000801936
0.000789703
0.000777066
0.000764838
0.000752202
0.000739968
0.000727344
0.000715092
0.000702489
0.000690214
0.000677637
0.000665335
0.000652784
0.000640456
0.000627929
0.000615581
0.000603071
0.000590708
0.00057821
0.000565839
0.000553347
0.000540972
0.000528482
0.000516104
0.000503618
0.000491236
0.000478755
0.000466368
0.00045389
0.000441501
0.000429025
0.000416635
0.00040416
0.000391768
0.000379294
0.000366902
0.000354429
0.000342036
0.000329562
0.000317171
0.000304696
0.000292305
0.00027983
0.00026744
0.000254963
0.000242575
0.000230097
0.000217709
0.000205232
0.000192842
0.000180368
0.000167974
0.000155504
0.000143105
0.000130641
0.000118237
0.000105777
9.33698e-05
8.09124e-05
6.85011e-05
5.60497e-05
4.3626e-05
3.11823e-05
1.86577e-05
6.25195e-06
0.00315201
0.0029132
0.00293565
0.00283193
0.00281683
0.0027633
0.00273708
0.00270012
0.0026724
0.00264212
0.00261544
0.00258856
0.00256338
0.00253862
0.00251486
0.00249162
0.00246907
0.00244703
0.00242552
0.00240446
0.00238383
0.0023636
0.00234373
0.00232421
0.00230501
0.00228611
0.0022675
0.00224916
0.00223106
0.00221321
0.00219558
0.00217817
0.00216096
0.00214395
0.00212713
0.00211048
0.00209401
0.0020777
0.00206154
0.00204553
0.00202967
0.00201395
0.00199835
0.00198289
0.00196756
0.00195234
0.00193724
0.00192225
0.00190737
0.00189259
0.00187789
0.00186329
0.00184877
0.00183435
0.00182
0.00180575
0.00179158
0.00177753
0.00176357
0.00174975
0.00173604
0.00172249
0.00170905
0.00169582
0.00168268
0.00166976
0.00165692
0.00164431
0.00163174
0.00161938
0.001607
0.00159483
0.00158255
0.00157049
0.00155825
0.00154621
0.00153394
0.0015219
0.00150956
0.00149749
0.00148508
0.00147296
0.00146047
0.00144833
0.00143578
0.00142361
0.00141102
0.00139883
0.00138621
0.00137402
0.00136137
0.00134918
0.00133652
0.00132432
0.00131167
0.00129946
0.00128681
0.00127459
0.00126195
0.00124971
0.0012371
0.00122483
0.00121225
0.00119996
0.0011874
0.00117507
0.00116255
0.00115019
0.0011377
0.00112531
0.00111285
0.00110043
0.001088
0.00107555
0.00106315
0.00105067
0.00103829
0.00102579
0.00101344
0.00100092
0.000988576
0.000976046
0.000963715
0.000951176
0.000938853
0.000926306
0.000913992
0.000901435
0.000889132
0.000876561
0.000864275
0.000851686
0.000839419
0.00082681
0.000814563
0.000801936
0.000789703
0.000777066
0.000764838
0.000752202
0.000739968
0.000727344
0.000715092
0.000702489
0.000690214
0.000677637
0.000665335
0.000652784
0.000640456
0.000627929
0.000615581
0.000603071
0.000590708
0.00057821
0.000565839
0.000553347
0.000540972
0.000528482
0.000516104
0.000503618
0.000491236
0.000478755
0.000466368
0.00045389
0.000441501
0.000429025
0.000416635
0.00040416
0.000391768
0.000379294
0.000366902
0.000354429
0.000342036
0.000329562
0.000317171
0.000304696
0.000292305
0.00027983
0.00026744
0.000254963
0.000242575
0.000230097
0.000217709
0.000205232
0.000192842
0.000180368
0.000167974
0.000155504
0.000143105
0.000130641
0.000118237
0.000105777
9.33698e-05
8.09124e-05
6.85011e-05
5.60497e-05
4.36262e-05
3.11825e-05
1.86625e-05
6.25691e-06
0.00315285
0.00291283
0.00293549
0.00283183
0.00281677
0.00276327
0.00273705
0.0027001
0.00267238
0.0026421
0.00261543
0.00258855
0.00256337
0.00253861
0.00251485
0.00249161
0.00246907
0.00244702
0.00242551
0.00240445
0.00238383
0.00236359
0.00234373
0.00232421
0.00230501
0.00228611
0.0022675
0.00224915
0.00223106
0.00221321
0.00219558
0.00217817
0.00216096
0.00214395
0.00212713
0.00211048
0.00209401
0.00207769
0.00206154
0.00204553
0.00202967
0.00201394
0.00199835
0.00198289
0.00196755
0.00195234
0.00193724
0.00192225
0.00190737
0.00189258
0.00187789
0.00186329
0.00184877
0.00183434
0.00181999
0.00180575
0.00179158
0.00177753
0.00176357
0.00174975
0.00173604
0.00172249
0.00170905
0.00169582
0.00168268
0.00166976
0.00165692
0.00164431
0.00163174
0.00161938
0.001607
0.00159483
0.00158255
0.00157048
0.00155825
0.00154621
0.00153394
0.0015219
0.00150956
0.00149749
0.00148508
0.00147296
0.00146047
0.00144833
0.00143578
0.00142361
0.00141102
0.00139883
0.00138621
0.00137402
0.00136137
0.00134918
0.00133652
0.00132432
0.00131167
0.00129946
0.00128681
0.00127459
0.00126195
0.00124971
0.0012371
0.00122483
0.00121225
0.00119996
0.0011874
0.00117507
0.00116255
0.00115019
0.0011377
0.00112531
0.00111285
0.00110043
0.001088
0.00107555
0.00106315
0.00105067
0.00103829
0.00102579
0.00101344
0.00100092
0.000988576
0.000976046
0.000963715
0.000951176
0.000938853
0.000926306
0.000913992
0.000901435
0.000889132
0.000876561
0.000864275
0.000851686
0.000839419
0.00082681
0.000814563
0.000801936
0.000789703
0.000777066
0.000764838
0.000752202
0.000739968
0.000727344
0.000715092
0.000702489
0.000690214
0.000677637
0.000665335
0.000652784
0.000640456
0.000627929
0.000615581
0.000603071
0.000590708
0.00057821
0.000565839
0.000553347
0.000540972
0.000528482
0.000516104
0.000503618
0.000491236
0.000478755
0.000466368
0.00045389
0.000441501
0.000429025
0.000416635
0.00040416
0.000391768
0.000379294
0.000366902
0.000354429
0.000342036
0.000329562
0.000317171
0.000304696
0.000292305
0.00027983
0.00026744
0.000254963
0.000242575
0.000230097
0.000217709
0.000205232
0.000192842
0.000180368
0.000167974
0.000155504
0.000143105
0.000130641
0.000118237
0.000105777
9.33698e-05
8.09124e-05
6.85011e-05
5.60497e-05
4.36265e-05
3.11829e-05
1.86679e-05
6.2625e-06
0.00315379
0.00291242
0.0029353
0.00283172
0.00281669
0.00276322
0.00273702
0.00270007
0.00267236
0.00264208
0.00261541
0.00258853
0.00256336
0.0025386
0.00251484
0.0024916
0.00246906
0.00244702
0.00242551
0.00240445
0.00238382
0.00236359
0.00234372
0.0023242
0.002305
0.00228611
0.00226749
0.00224915
0.00223106
0.0022132
0.00219558
0.00217817
0.00216096
0.00214395
0.00212712
0.00211048
0.002094
0.00207769
0.00206154
0.00204553
0.00202967
0.00201394
0.00199835
0.00198289
0.00196755
0.00195234
0.00193724
0.00192225
0.00190737
0.00189258
0.00187789
0.00186329
0.00184877
0.00183434
0.00181999
0.00180575
0.00179158
0.00177753
0.00176357
0.00174975
0.00173603
0.00172249
0.00170905
0.00169581
0.00168268
0.00166976
0.00165692
0.00164431
0.00163173
0.00161938
0.001607
0.00159483
0.00158255
0.00157048
0.00155825
0.00154621
0.00153394
0.0015219
0.00150956
0.00149749
0.00148508
0.00147296
0.00146047
0.00144833
0.00143578
0.00142361
0.00141102
0.00139883
0.00138621
0.00137402
0.00136137
0.00134918
0.00133652
0.00132432
0.00131167
0.00129946
0.00128681
0.00127459
0.00126195
0.00124971
0.0012371
0.00122483
0.00121225
0.00119996
0.0011874
0.00117507
0.00116255
0.00115019
0.0011377
0.00112531
0.00111285
0.00110043
0.001088
0.00107555
0.00106315
0.00105067
0.00103829
0.00102579
0.00101344
0.00100092
0.000988576
0.000976046
0.000963715
0.000951176
0.000938853
0.000926306
0.000913992
0.000901435
0.000889132
0.000876562
0.000864275
0.000851686
0.000839419
0.00082681
0.000814563
0.000801936
0.000789703
0.000777066
0.000764838
0.000752202
0.000739968
0.000727344
0.000715092
0.000702489
0.000690214
0.000677637
0.000665335
0.000652784
0.000640456
0.000627929
0.000615581
0.000603071
0.000590708
0.00057821
0.000565839
0.000553347
0.000540972
0.000528482
0.000516104
0.000503618
0.000491236
0.000478755
0.000466368
0.00045389
0.000441501
0.000429025
0.000416635
0.00040416
0.000391768
0.000379294
0.000366902
0.000354429
0.000342036
0.000329562
0.000317171
0.000304696
0.000292305
0.00027983
0.00026744
0.000254963
0.000242575
0.000230097
0.000217709
0.000205232
0.000192842
0.000180368
0.000167974
0.000155504
0.000143105
0.000130641
0.000118237
0.000105777
9.33698e-05
8.09124e-05
6.85012e-05
5.60497e-05
4.36268e-05
3.11832e-05
1.86738e-05
6.26862e-06
0.00315485
0.00291196
0.00293509
0.0028316
0.00281661
0.00276317
0.00273698
0.00270004
0.00267234
0.00264206
0.0026154
0.00258852
0.00256335
0.00253859
0.00251483
0.00249159
0.00246905
0.00244701
0.0024255
0.00240444
0.00238381
0.00236358
0.00234372
0.0023242
0.002305
0.0022861
0.00226749
0.00224914
0.00223105
0.0022132
0.00219557
0.00217816
0.00216096
0.00214395
0.00212712
0.00211048
0.002094
0.00207769
0.00206153
0.00204553
0.00202966
0.00201394
0.00199835
0.00198289
0.00196755
0.00195234
0.00193724
0.00192225
0.00190736
0.00189258
0.00187789
0.00186329
0.00184877
0.00183434
0.00181999
0.00180574
0.00179158
0.00177753
0.00176357
0.00174975
0.00173603
0.00172249
0.00170905
0.00169581
0.00168267
0.00166976
0.00165692
0.00164431
0.00163173
0.00161938
0.001607
0.00159482
0.00158255
0.00157048
0.00155825
0.00154621
0.00153394
0.0015219
0.00150957
0.00149749
0.00148508
0.00147296
0.00146047
0.00144833
0.00143578
0.00142361
0.00141102
0.00139883
0.00138621
0.00137402
0.00136137
0.00134918
0.00133652
0.00132432
0.00131167
0.00129946
0.00128681
0.00127459
0.00126195
0.00124971
0.0012371
0.00122483
0.00121225
0.00119996
0.0011874
0.00117507
0.00116255
0.00115019
0.0011377
0.00112531
0.00111285
0.00110043
0.001088
0.00107555
0.00106315
0.00105067
0.00103829
0.00102579
0.00101344
0.00100092
0.000988576
0.000976046
0.000963715
0.000951176
0.000938853
0.000926306
0.000913992
0.000901435
0.000889132
0.000876562
0.000864275
0.000851686
0.000839419
0.00082681
0.000814563
0.000801936
0.000789703
0.000777066
0.000764838
0.000752202
0.000739968
0.000727344
0.000715092
0.000702489
0.000690214
0.000677637
0.000665335
0.000652784
0.000640456
0.000627929
0.000615581
0.000603071
0.000590708
0.00057821
0.000565839
0.000553347
0.000540972
0.000528482
0.000516104
0.000503618
0.000491236
0.000478755
0.000466368
0.00045389
0.000441501
0.000429025
0.000416635
0.00040416
0.000391768
0.000379294
0.000366902
0.000354429
0.000342036
0.000329562
0.000317171
0.000304696
0.000292305
0.00027983
0.00026744
0.000254963
0.000242575
0.000230097
0.000217709
0.000205232
0.000192842
0.000180368
0.000167974
0.000155504
0.000143105
0.000130641
0.000118237
0.000105777
9.33698e-05
8.09124e-05
6.85012e-05
5.60497e-05
4.36271e-05
3.11836e-05
1.86802e-05
6.27517e-06
0.00315601
0.00291145
0.00293486
0.00283146
0.00281653
0.00276312
0.00273694
0.00270001
0.00267231
0.00264204
0.00261538
0.0025885
0.00256333
0.00253858
0.00251481
0.00249158
0.00246904
0.002447
0.00242549
0.00240443
0.00238381
0.00236357
0.00234371
0.00232419
0.00230499
0.0022861
0.00226748
0.00224914
0.00223105
0.00221319
0.00219557
0.00217816
0.00216095
0.00214394
0.00212712
0.00211047
0.002094
0.00207769
0.00206153
0.00204552
0.00202966
0.00201394
0.00199835
0.00198289
0.00196755
0.00195234
0.00193724
0.00192225
0.00190736
0.00189258
0.00187789
0.00186329
0.00184877
0.00183434
0.00181999
0.00180574
0.00179157
0.00177753
0.00176356
0.00174975
0.00173603
0.00172249
0.00170905
0.00169581
0.00168267
0.00166976
0.00165692
0.00164431
0.00163173
0.00161938
0.00160699
0.00159482
0.00158255
0.00157048
0.00155825
0.00154621
0.00153394
0.0015219
0.00150957
0.00149749
0.00148508
0.00147296
0.00146048
0.00144833
0.00143578
0.00142361
0.00141102
0.00139883
0.00138621
0.00137402
0.00136137
0.00134918
0.00133652
0.00132432
0.00131167
0.00129946
0.00128681
0.00127459
0.00126195
0.00124971
0.0012371
0.00122483
0.00121225
0.00119996
0.0011874
0.00117507
0.00116255
0.00115019
0.0011377
0.00112531
0.00111285
0.00110043
0.001088
0.00107555
0.00106315
0.00105067
0.00103829
0.00102579
0.00101344
0.00100092
0.000988576
0.000976046
0.000963715
0.000951176
0.000938853
0.000926306
0.000913992
0.000901435
0.000889132
0.000876562
0.000864275
0.000851686
0.000839419
0.00082681
0.000814563
0.000801936
0.000789703
0.000777066
0.000764838
0.000752202
0.000739968
0.000727344
0.000715092
0.000702489
0.000690214
0.000677637
0.000665334
0.000652784
0.000640456
0.000627929
0.000615581
0.000603071
0.000590708
0.00057821
0.000565839
0.000553347
0.000540972
0.000528482
0.000516104
0.000503618
0.000491236
0.000478755
0.000466368
0.00045389
0.000441501
0.000429025
0.000416635
0.00040416
0.000391768
0.000379294
0.000366902
0.000354429
0.000342036
0.000329562
0.000317171
0.000304696
0.000292305
0.00027983
0.00026744
0.000254963
0.000242575
0.000230097
0.000217709
0.000205232
0.000192842
0.000180368
0.000167974
0.000155504
0.000143105
0.000130641
0.000118237
0.000105777
9.33698e-05
8.09124e-05
6.85012e-05
5.60497e-05
4.36275e-05
3.11839e-05
1.86868e-05
6.28205e-06
0.00315727
0.00291089
0.00293461
0.00283132
0.00281643
0.00276306
0.0027369
0.00269998
0.00267229
0.00264202
0.00261536
0.00258848
0.00256332
0.00253856
0.0025148
0.00249157
0.00246903
0.00244699
0.00242548
0.00240442
0.0023838
0.00236357
0.0023437
0.00232418
0.00230499
0.00228609
0.00226748
0.00224914
0.00223104
0.00221319
0.00219556
0.00217815
0.00216095
0.00214394
0.00212712
0.00211047
0.002094
0.00207768
0.00206153
0.00204552
0.00202966
0.00201394
0.00199834
0.00198288
0.00196755
0.00195233
0.00193723
0.00192225
0.00190736
0.00189258
0.00187789
0.00186329
0.00184877
0.00183434
0.00181999
0.00180574
0.00179157
0.00177752
0.00176356
0.00174975
0.00173603
0.00172248
0.00170904
0.00169581
0.00168267
0.00166975
0.00165692
0.00164431
0.00163173
0.00161938
0.00160699
0.00159482
0.00158255
0.00157048
0.00155824
0.00154621
0.00153394
0.0015219
0.00150957
0.00149749
0.00148508
0.00147296
0.00146048
0.00144833
0.00143578
0.00142361
0.00141102
0.00139883
0.00138621
0.00137402
0.00136137
0.00134918
0.00133652
0.00132432
0.00131167
0.00129946
0.00128681
0.00127459
0.00126195
0.00124971
0.0012371
0.00122483
0.00121225
0.00119996
0.0011874
0.00117507
0.00116255
0.00115019
0.0011377
0.00112531
0.00111285
0.00110043
0.001088
0.00107555
0.00106315
0.00105067
0.00103829
0.00102579
0.00101344
0.00100092
0.000988576
0.000976046
0.000963715
0.000951176
0.000938853
0.000926306
0.000913992
0.000901435
0.000889132
0.000876562
0.000864275
0.000851686
0.000839419
0.00082681
0.000814563
0.000801936
0.000789703
0.000777066
0.000764838
0.000752202
0.000739968
0.000727344
0.000715092
0.000702489
0.000690214
0.000677637
0.000665334
0.000652784
0.000640456
0.000627929
0.000615581
0.000603071
0.000590708
0.00057821
0.000565839
0.000553347
0.000540972
0.000528482
0.000516104
0.000503618
0.000491236
0.000478755
0.000466368
0.00045389
0.000441501
0.000429025
0.000416635
0.00040416
0.000391768
0.000379294
0.000366902
0.000354429
0.000342036
0.000329562
0.000317171
0.000304696
0.000292305
0.00027983
0.00026744
0.000254963
0.000242575
0.000230097
0.000217709
0.000205232
0.000192842
0.000180368
0.000167974
0.000155504
0.000143105
0.000130641
0.000118237
0.000105777
9.33698e-05
8.09124e-05
6.85012e-05
5.60496e-05
4.36278e-05
3.11843e-05
1.86937e-05
6.28916e-06
0.00315865
0.00291028
0.00293433
0.00283116
0.00281633
0.002763
0.00273685
0.00269994
0.00267226
0.00264199
0.00261534
0.00258846
0.0025633
0.00253855
0.00251479
0.00249156
0.00246902
0.00244698
0.00242547
0.00240441
0.00238379
0.00236356
0.0023437
0.00232418
0.00230498
0.00228609
0.00226747
0.00224913
0.00223104
0.00221319
0.00219556
0.00217815
0.00216095
0.00214394
0.00212711
0.00211047
0.00209399
0.00207768
0.00206153
0.00204552
0.00202966
0.00201393
0.00199834
0.00198288
0.00196755
0.00195233
0.00193723
0.00192225
0.00190736
0.00189258
0.00187788
0.00186328
0.00184876
0.00183434
0.00181999
0.00180574
0.00179157
0.00177752
0.00176356
0.00174974
0.00173603
0.00172248
0.00170904
0.0016958
0.00168267
0.00166975
0.00165691
0.0016443
0.00163173
0.00161937
0.00160699
0.00159482
0.00158255
0.00157048
0.00155824
0.00154621
0.00153394
0.0015219
0.00150957
0.00149749
0.00148508
0.00147296
0.00146048
0.00144833
0.00143578
0.00142361
0.00141102
0.00139883
0.00138621
0.00137402
0.00136137
0.00134918
0.00133652
0.00132432
0.00131167
0.00129946
0.00128681
0.00127459
0.00126195
0.00124971
0.0012371
0.00122483
0.00121225
0.00119996
0.0011874
0.00117507
0.00116255
0.00115019
0.0011377
0.00112531
0.00111285
0.00110043
0.001088
0.00107555
0.00106315
0.00105067
0.00103829
0.00102579
0.00101344
0.00100092
0.000988576
0.000976046
0.000963715
0.000951176
0.000938853
0.000926306
0.000913992
0.000901435
0.000889132
0.000876562
0.000864275
0.000851686
0.000839419
0.00082681
0.000814563
0.000801936
0.000789703
0.000777066
0.000764838
0.000752202
0.000739968
0.000727344
0.000715092
0.000702489
0.000690214
0.000677637
0.000665334
0.000652784
0.000640456
0.000627929
0.000615581
0.000603071
0.000590708
0.00057821
0.000565839
0.000553347
0.000540972
0.000528482
0.000516104
0.000503618
0.000491236
0.000478755
0.000466368
0.00045389
0.000441501
0.000429025
0.000416635
0.00040416
0.000391768
0.000379294
0.000366902
0.000354429
0.000342036
0.000329562
0.000317171
0.000304696
0.000292305
0.00027983
0.00026744
0.000254963
0.000242575
0.000230097
0.000217709
0.000205232
0.000192842
0.000180368
0.000167974
0.000155504
0.000143105
0.000130641
0.000118237
0.000105777
9.33698e-05
8.09124e-05
6.85013e-05
5.60496e-05
4.36282e-05
3.11847e-05
1.87006e-05
6.29639e-06
0.00316013
0.00290962
0.00293403
0.00283099
0.00281622
0.00276293
0.0027368
0.0026999
0.00267222
0.00264196
0.00261531
0.00258844
0.00256328
0.00253853
0.00251477
0.00249154
0.00246901
0.00244697
0.00242546
0.0024044
0.00238378
0.00236355
0.00234369
0.00232417
0.00230498
0.00228608
0.00226747
0.00224913
0.00223103
0.00221318
0.00219556
0.00217815
0.00216094
0.00214393
0.00212711
0.00211046
0.00209399
0.00207768
0.00206152
0.00204552
0.00202966
0.00201393
0.00199834
0.00198288
0.00196754
0.00195233
0.00193723
0.00192224
0.00190736
0.00189258
0.00187788
0.00186328
0.00184876
0.00183434
0.00181999
0.00180574
0.00179157
0.00177752
0.00176356
0.00174974
0.00173602
0.00172248
0.00170904
0.0016958
0.00168267
0.00166975
0.00165691
0.0016443
0.00163173
0.00161937
0.00160699
0.00159482
0.00158255
0.00157048
0.00155824
0.00154621
0.00153394
0.0015219
0.00150957
0.00149749
0.00148508
0.00147296
0.00146048
0.00144833
0.00143578
0.00142361
0.00141102
0.00139883
0.00138621
0.00137402
0.00136137
0.00134918
0.00133652
0.00132432
0.00131167
0.00129946
0.00128681
0.00127459
0.00126195
0.00124971
0.0012371
0.00122483
0.00121225
0.00119996
0.0011874
0.00117507
0.00116255
0.00115019
0.0011377
0.00112531
0.00111285
0.00110043
0.001088
0.00107555
0.00106315
0.00105067
0.00103829
0.00102579
0.00101344
0.00100092
0.000988576
0.000976046
0.000963715
0.000951176
0.000938853
0.000926306
0.000913992
0.000901435
0.000889132
0.000876562
0.000864275
0.000851686
0.000839419
0.00082681
0.000814563
0.000801936
0.000789703
0.000777066
0.000764838
0.000752202
0.000739968
0.000727344
0.000715092
0.000702489
0.000690214
0.000677637
0.000665334
0.000652784
0.000640456
0.000627929
0.000615581
0.000603071
0.000590708
0.00057821
0.000565839
0.000553347
0.000540972
0.000528482
0.000516104
0.000503618
0.000491236
0.000478755
0.000466368
0.00045389
0.000441501
0.000429025
0.000416635
0.00040416
0.000391768
0.000379294
0.000366902
0.000354429
0.000342036
0.000329562
0.000317171
0.000304696
0.000292305
0.00027983
0.00026744
0.000254963
0.000242575
0.000230097
0.000217709
0.000205232
0.000192842
0.000180368
0.000167974
0.000155504
0.000143105
0.000130641
0.000118237
0.000105777
9.33699e-05
8.09124e-05
6.85013e-05
5.60496e-05
4.36286e-05
3.11851e-05
1.87075e-05
6.30364e-06
0.00316173
0.00290891
0.00293371
0.0028308
0.0028161
0.00276286
0.00273675
0.00269986
0.00267219
0.00264193
0.00261529
0.00258842
0.00256326
0.00253851
0.00251476
0.00249153
0.00246899
0.00244696
0.00242545
0.00240439
0.00238377
0.00236354
0.00234368
0.00232416
0.00230497
0.00228607
0.00226746
0.00224912
0.00223103
0.00221318
0.00219555
0.00217814
0.00216094
0.00214393
0.00212711
0.00211046
0.00209399
0.00207768
0.00206152
0.00204551
0.00202965
0.00201393
0.00199834
0.00198288
0.00196754
0.00195233
0.00193723
0.00192224
0.00190736
0.00189257
0.00187788
0.00186328
0.00184876
0.00183434
0.00181999
0.00180574
0.00179157
0.00177752
0.00176356
0.00174974
0.00173602
0.00172248
0.00170904
0.0016958
0.00168266
0.00166975
0.00165691
0.0016443
0.00163172
0.00161937
0.00160699
0.00159482
0.00158255
0.00157048
0.00155824
0.00154621
0.00153394
0.0015219
0.00150957
0.00149749
0.00148508
0.00147296
0.00146048
0.00144833
0.00143578
0.00142361
0.00141102
0.00139883
0.00138621
0.00137402
0.00136137
0.00134918
0.00133652
0.00132432
0.00131167
0.00129946
0.00128681
0.00127459
0.00126195
0.00124971
0.0012371
0.00122483
0.00121225
0.00119996
0.0011874
0.00117507
0.00116255
0.00115019
0.0011377
0.00112531
0.00111285
0.00110043
0.001088
0.00107555
0.00106315
0.00105067
0.00103829
0.00102579
0.00101344
0.00100092
0.000988576
0.000976046
0.000963715
0.000951176
0.000938853
0.000926306
0.000913992
0.000901435
0.000889132
0.000876562
0.000864275
0.000851686
0.000839419
0.00082681
0.000814563
0.000801936
0.000789703
0.000777066
0.000764838
0.000752202
0.000739968
0.000727344
0.000715092
0.000702489
0.000690214
0.000677637
0.000665334
0.000652784
0.000640456
0.000627929
0.000615581
0.000603071
0.000590708
0.00057821
0.000565839
0.000553347
0.000540972
0.000528482
0.000516104
0.000503618
0.000491236
0.000478755
0.000466368
0.00045389
0.000441501
0.000429025
0.000416635
0.00040416
0.000391768
0.000379294
0.000366902
0.000354429
0.000342036
0.000329562
0.000317171
0.000304696
0.000292305
0.00027983
0.00026744
0.000254963
0.000242575
0.000230097
0.000217709
0.000205232
0.000192842
0.000180368
0.000167974
0.000155504
0.000143105
0.000130641
0.000118237
0.000105777
9.33699e-05
8.09123e-05
6.85014e-05
5.60496e-05
4.3629e-05
3.11855e-05
1.87144e-05
6.31081e-06
0.00316343
0.00290815
0.00293337
0.0028306
0.00281597
0.00276278
0.00273669
0.00269981
0.00267215
0.0026419
0.00261526
0.0025884
0.00256324
0.00253849
0.00251474
0.00249152
0.00246898
0.00244694
0.00242544
0.00240438
0.00238376
0.00236353
0.00234367
0.00232416
0.00230496
0.00228607
0.00226746
0.00224911
0.00223102
0.00221317
0.00219555
0.00217814
0.00216093
0.00214393
0.0021271
0.00211046
0.00209398
0.00207767
0.00206152
0.00204551
0.00202965
0.00201393
0.00199834
0.00198288
0.00196754
0.00195233
0.00193723
0.00192224
0.00190736
0.00189257
0.00187788
0.00186328
0.00184876
0.00183433
0.00181998
0.00180574
0.00179157
0.00177752
0.00176356
0.00174974
0.00173602
0.00172248
0.00170904
0.0016958
0.00168266
0.00166975
0.00165691
0.0016443
0.00163172
0.00161937
0.00160699
0.00159482
0.00158255
0.00157048
0.00155824
0.00154621
0.00153394
0.0015219
0.00150957
0.00149749
0.00148508
0.00147296
0.00146048
0.00144833
0.00143578
0.00142361
0.00141102
0.00139883
0.00138621
0.00137402
0.00136137
0.00134918
0.00133652
0.00132432
0.00131167
0.00129946
0.00128681
0.00127459
0.00126195
0.00124971
0.0012371
0.00122483
0.00121225
0.00119996
0.0011874
0.00117507
0.00116255
0.00115019
0.0011377
0.00112531
0.00111285
0.00110043
0.001088
0.00107555
0.00106315
0.00105067
0.00103829
0.00102579
0.00101344
0.00100092
0.000988576
0.000976046
0.000963715
0.000951176
0.000938853
0.000926306
0.000913992
0.000901435
0.000889132
0.000876562
0.000864275
0.000851686
0.000839419
0.00082681
0.000814563
0.000801936
0.000789703
0.000777066
0.000764838
0.000752202
0.000739968
0.000727344
0.000715092
0.000702489
0.000690214
0.000677637
0.000665334
0.000652784
0.000640456
0.000627929
0.000615581
0.000603071
0.000590708
0.00057821
0.000565839
0.000553347
0.000540971
0.000528482
0.000516104
0.000503618
0.000491236
0.000478755
0.000466368
0.00045389
0.000441501
0.000429025
0.000416635
0.00040416
0.000391768
0.000379294
0.000366902
0.000354429
0.000342036
0.000329562
0.000317171
0.000304696
0.000292305
0.00027983
0.00026744
0.000254963
0.000242575
0.000230097
0.000217709
0.000205232
0.000192842
0.000180368
0.000167974
0.000155504
0.000143105
0.000130641
0.000118237
0.000105777
9.33699e-05
8.09123e-05
6.85014e-05
5.60495e-05
4.36294e-05
3.11858e-05
1.87211e-05
6.3178e-06
0.00316524
0.00290733
0.00293299
0.00283039
0.00281584
0.0027627
0.00273662
0.00269977
0.00267211
0.00264187
0.00261523
0.00258837
0.00256322
0.00253847
0.00251472
0.0024915
0.00246896
0.00244693
0.00242543
0.00240437
0.00238375
0.00236352
0.00234367
0.00232415
0.00230496
0.00228606
0.00226745
0.00224911
0.00223102
0.00221317
0.00219554
0.00217813
0.00216093
0.00214392
0.0021271
0.00211045
0.00209398
0.00207767
0.00206151
0.00204551
0.00202965
0.00201392
0.00199833
0.00198287
0.00196754
0.00195232
0.00193722
0.00192224
0.00190735
0.00189257
0.00187788
0.00186328
0.00184876
0.00183433
0.00181998
0.00180573
0.00179157
0.00177752
0.00176355
0.00174974
0.00173602
0.00172247
0.00170903
0.0016958
0.00168266
0.00166974
0.00165691
0.0016443
0.00163172
0.00161937
0.00160699
0.00159482
0.00158255
0.00157048
0.00155824
0.00154621
0.00153394
0.0015219
0.00150957
0.00149749
0.00148508
0.00147296
0.00146048
0.00144833
0.00143578
0.00142361
0.00141102
0.00139883
0.00138621
0.00137402
0.00136137
0.00134918
0.00133652
0.00132432
0.00131167
0.00129946
0.00128681
0.00127459
0.00126195
0.00124971
0.0012371
0.00122483
0.00121225
0.00119996
0.0011874
0.00117507
0.00116255
0.00115019
0.0011377
0.00112531
0.00111285
0.00110043
0.001088
0.00107555
0.00106315
0.00105067
0.00103829
0.00102579
0.00101344
0.00100092
0.000988576
0.000976046
0.000963715
0.000951176
0.000938853
0.000926306
0.000913992
0.000901435
0.000889132
0.000876562
0.000864275
0.000851686
0.000839419
0.00082681
0.000814563
0.000801936
0.000789703
0.000777066
0.000764838
0.000752202
0.000739968
0.000727344
0.000715092
0.000702489
0.000690214
0.000677637
0.000665334
0.000652784
0.000640456
0.000627929
0.000615581
0.000603071
0.000590708
0.00057821
0.000565839
0.000553347
0.000540971
0.000528482
0.000516104
0.000503618
0.000491236
0.000478755
0.000466368
0.00045389
0.000441501
0.000429025
0.000416635
0.00040416
0.000391768
0.000379294
0.000366902
0.000354429
0.000342036
0.000329562
0.000317171
0.000304696
0.000292305
0.00027983
0.00026744
0.000254963
0.000242575
0.000230097
0.000217709
0.000205232
0.000192842
0.000180368
0.000167974
0.000155504
0.000143105
0.000130641
0.000118237
0.000105777
9.33699e-05
8.09123e-05
6.85014e-05
5.60495e-05
4.36298e-05
3.11861e-05
1.87274e-05
6.32452e-06
0.00316717
0.00290646
0.0029326
0.00283017
0.00281569
0.00276261
0.00273656
0.00269971
0.00267207
0.00264183
0.0026152
0.00258835
0.0025632
0.00253845
0.00251471
0.00249148
0.00246895
0.00244692
0.00242542
0.00240436
0.00238374
0.00236352
0.00234366
0.00232414
0.00230495
0.00228605
0.00226745
0.0022491
0.00223101
0.00221316
0.00219554
0.00217813
0.00216093
0.00214392
0.0021271
0.00211045
0.00209398
0.00207767
0.00206151
0.00204551
0.00202965
0.00201392
0.00199833
0.00198287
0.00196754
0.00195232
0.00193722
0.00192224
0.00190735
0.00189257
0.00187788
0.00186328
0.00184876
0.00183433
0.00181998
0.00180573
0.00179156
0.00177751
0.00176355
0.00174974
0.00173602
0.00172247
0.00170903
0.00169579
0.00168266
0.00166974
0.0016569
0.0016443
0.00163172
0.00161937
0.00160699
0.00159482
0.00158255
0.00157048
0.00155824
0.00154621
0.00153394
0.0015219
0.00150957
0.00149749
0.00148508
0.00147296
0.00146048
0.00144833
0.00143578
0.00142361
0.00141102
0.00139883
0.00138621
0.00137402
0.00136137
0.00134918
0.00133652
0.00132432
0.00131167
0.00129946
0.00128681
0.00127459
0.00126195
0.00124971
0.0012371
0.00122483
0.00121225
0.00119995
0.0011874
0.00117507
0.00116255
0.00115019
0.0011377
0.00112531
0.00111285
0.00110043
0.001088
0.00107555
0.00106315
0.00105067
0.00103829
0.00102579
0.00101344
0.00100092
0.000988576
0.000976046
0.000963715
0.000951176
0.000938853
0.000926306
0.000913992
0.000901435
0.000889132
0.000876562
0.000864275
0.000851686
0.000839419
0.00082681
0.000814563
0.000801936
0.000789703
0.000777066
0.000764838
0.000752202
0.000739968
0.000727344
0.000715092
0.000702489
0.000690214
0.000677637
0.000665334
0.000652784
0.000640456
0.000627929
0.000615581
0.000603071
0.000590708
0.00057821
0.000565839
0.000553347
0.000540971
0.000528482
0.000516104
0.000503618
0.000491236
0.000478755
0.000466368
0.00045389
0.000441501
0.000429025
0.000416635
0.00040416
0.000391768
0.000379294
0.000366902
0.000354429
0.000342036
0.000329562
0.000317171
0.000304696
0.000292305
0.00027983
0.00026744
0.000254963
0.000242575
0.000230097
0.000217709
0.000205232
0.000192842
0.000180368
0.000167974
0.000155504
0.000143105
0.000130641
0.000118237
0.000105777
9.33699e-05
8.09123e-05
6.85015e-05
5.60495e-05
4.36301e-05
3.11864e-05
1.87335e-05
6.33089e-06
0.00316921
0.00290554
0.00293218
0.00282994
0.00281554
0.00276252
0.00273649
0.00269966
0.00267203
0.0026418
0.00261517
0.00258832
0.00256317
0.00253843
0.00251469
0.00249147
0.00246894
0.00244691
0.00242541
0.00240435
0.00238373
0.00236351
0.00234365
0.00232413
0.00230494
0.00228605
0.00226744
0.0022491
0.00223101
0.00221316
0.00219553
0.00217813
0.00216092
0.00214391
0.00212709
0.00211045
0.00209397
0.00207766
0.00206151
0.0020455
0.00202964
0.00201392
0.00199833
0.00198287
0.00196753
0.00195232
0.00193722
0.00192224
0.00190735
0.00189257
0.00187788
0.00186328
0.00184876
0.00183433
0.00181998
0.00180573
0.00179156
0.00177751
0.00176355
0.00174973
0.00173602
0.00172247
0.00170903
0.00169579
0.00168266
0.00166974
0.0016569
0.00164429
0.00163172
0.00161937
0.00160699
0.00159482
0.00158255
0.00157048
0.00155824
0.00154621
0.00153395
0.0015219
0.00150957
0.00149749
0.00148508
0.00147296
0.00146048
0.00144833
0.00143578
0.00142361
0.00141102
0.00139883
0.00138621
0.00137402
0.00136137
0.00134918
0.00133652
0.00132432
0.00131167
0.00129946
0.00128681
0.00127459
0.00126195
0.00124971
0.0012371
0.00122483
0.00121225
0.00119995
0.0011874
0.00117507
0.00116255
0.00115019
0.0011377
0.00112531
0.00111285
0.00110043
0.001088
0.00107555
0.00106315
0.00105067
0.00103829
0.00102579
0.00101344
0.00100092
0.000988576
0.000976046
0.000963715
0.000951176
0.000938853
0.000926306
0.000913992
0.000901435
0.000889132
0.000876562
0.000864275
0.000851686
0.000839419
0.00082681
0.000814563
0.000801936
0.000789703
0.000777066
0.000764838
0.000752202
0.000739968
0.000727344
0.000715092
0.000702489
0.000690214
0.000677637
0.000665334
0.000652784
0.000640456
0.000627929
0.00061558
0.000603071
0.000590708
0.00057821
0.000565839
0.000553347
0.000540971
0.000528482
0.000516104
0.000503618
0.000491236
0.000478755
0.000466368
0.00045389
0.000441501
0.000429025
0.000416635
0.00040416
0.000391768
0.000379294
0.000366902
0.000354429
0.000342036
0.000329562
0.000317171
0.000304696
0.000292305
0.00027983
0.00026744
0.000254963
0.000242575
0.000230097
0.000217709
0.000205232
0.000192842
0.000180368
0.000167974
0.000155504
0.000143105
0.000130641
0.000118237
0.000105777
9.33699e-05
8.09123e-05
6.85015e-05
5.60494e-05
4.36305e-05
3.11867e-05
1.87391e-05
6.33685e-06
0.00317136
0.00290455
0.00293173
0.00282969
0.00281539
0.00276242
0.00273642
0.0026996
0.00267198
0.00264176
0.00261514
0.00258829
0.00256315
0.00253841
0.00251467
0.00249145
0.00246892
0.00244689
0.00242539
0.00240434
0.00238372
0.0023635
0.00234364
0.00232413
0.00230493
0.00228604
0.00226743
0.00224909
0.002231
0.00221315
0.00219553
0.00217812
0.00216092
0.00214391
0.00212709
0.00211044
0.00209397
0.00207766
0.00206151
0.0020455
0.00202964
0.00201392
0.00199833
0.00198287
0.00196753
0.00195232
0.00193722
0.00192223
0.00190735
0.00189257
0.00187787
0.00186328
0.00184876
0.00183433
0.00181998
0.00180573
0.00179156
0.00177751
0.00176355
0.00174973
0.00173601
0.00172247
0.00170903
0.00169579
0.00168265
0.00166974
0.0016569
0.00164429
0.00163172
0.00161937
0.00160699
0.00159482
0.00158255
0.00157048
0.00155824
0.00154621
0.00153395
0.0015219
0.00150957
0.00149749
0.00148508
0.00147296
0.00146048
0.00144833
0.00143578
0.00142361
0.00141102
0.00139883
0.00138621
0.00137402
0.00136137
0.00134918
0.00133652
0.00132432
0.00131167
0.00129946
0.00128681
0.00127459
0.00126195
0.00124971
0.0012371
0.00122483
0.00121225
0.00119995
0.0011874
0.00117507
0.00116255
0.00115019
0.0011377
0.00112531
0.00111285
0.00110043
0.001088
0.00107555
0.00106315
0.00105067
0.00103829
0.00102579
0.00101344
0.00100092
0.000988576
0.000976046
0.000963715
0.000951176
0.000938853
0.000926306
0.000913992
0.000901435
0.000889132
0.000876562
0.000864275
0.000851686
0.000839419
0.00082681
0.000814563
0.000801936
0.000789703
0.000777066
0.000764838
0.000752202
0.000739968
0.000727344
0.000715092
0.000702489
0.000690214
0.000677637
0.000665334
0.000652784
0.000640456
0.000627929
0.00061558
0.000603071
0.000590708
0.00057821
0.000565839
0.000553347
0.000540971
0.000528482
0.000516104
0.000503618
0.000491236
0.000478755
0.000466368
0.00045389
0.000441501
0.000429025
0.000416635
0.00040416
0.000391768
0.000379294
0.000366902
0.000354429
0.000342036
0.000329562
0.000317171
0.000304696
0.000292305
0.00027983
0.00026744
0.000254963
0.000242575
0.000230097
0.000217709
0.000205232
0.000192842
0.000180367
0.000167974
0.000155504
0.000143105
0.000130641
0.000118237
0.000105777
9.33699e-05
8.09123e-05
6.85016e-05
5.60494e-05
4.36309e-05
3.1187e-05
1.87442e-05
6.34233e-06
0.00317363
0.00290351
0.00293125
0.00282943
0.00281522
0.00276232
0.00273634
0.00269955
0.00267193
0.00264172
0.00261511
0.00258826
0.00256312
0.00253839
0.00251465
0.00249143
0.00246891
0.00244688
0.00242538
0.00240433
0.00238371
0.00236349
0.00234363
0.00232412
0.00230493
0.00228604
0.00226743
0.00224909
0.002231
0.00221315
0.00219553
0.00217812
0.00216091
0.00214391
0.00212709
0.00211044
0.00209397
0.00207766
0.0020615
0.0020455
0.00202964
0.00201392
0.00199833
0.00198287
0.00196753
0.00195232
0.00193722
0.00192223
0.00190735
0.00189257
0.00187787
0.00186327
0.00184875
0.00183433
0.00181998
0.00180573
0.00179156
0.00177751
0.00176355
0.00174973
0.00173601
0.00172247
0.00170903
0.00169579
0.00168265
0.00166974
0.0016569
0.00164429
0.00163172
0.00161937
0.00160699
0.00159482
0.00158255
0.00157048
0.00155824
0.00154621
0.00153395
0.0015219
0.00150957
0.00149749
0.00148508
0.00147296
0.00146048
0.00144833
0.00143578
0.00142361
0.00141102
0.00139883
0.00138621
0.00137402
0.00136137
0.00134918
0.00133652
0.00132432
0.00131167
0.00129946
0.00128681
0.00127459
0.00126195
0.00124971
0.0012371
0.00122483
0.00121225
0.00119995
0.0011874
0.00117507
0.00116255
0.00115019
0.0011377
0.00112531
0.00111285
0.00110043
0.001088
0.00107555
0.00106315
0.00105067
0.00103829
0.00102579
0.00101344
0.00100092
0.000988576
0.000976046
0.000963715
0.000951176
0.000938853
0.000926306
0.000913992
0.000901435
0.000889132
0.000876562
0.000864275
0.000851686
0.000839419
0.00082681
0.000814563
0.000801936
0.000789703
0.000777066
0.000764838
0.000752202
0.000739968
0.000727344
0.000715092
0.000702489
0.000690214
0.000677637
0.000665334
0.000652784
0.000640456
0.000627929
0.00061558
0.000603071
0.000590708
0.00057821
0.000565839
0.000553347
0.000540971
0.000528482
0.000516104
0.000503618
0.000491236
0.000478755
0.000466368
0.00045389
0.000441501
0.000429025
0.000416635
0.00040416
0.000391768
0.000379294
0.000366902
0.000354429
0.000342036
0.000329562
0.000317171
0.000304696
0.000292305
0.00027983
0.00026744
0.000254963
0.000242575
0.000230097
0.000217709
0.000205232
0.000192842
0.000180367
0.000167974
0.000155504
0.000143105
0.000130641
0.000118237
0.000105777
9.33699e-05
8.09122e-05
6.85016e-05
5.60494e-05
4.36312e-05
3.11872e-05
1.87488e-05
6.3473e-06
0.00317601
0.00290241
0.00293075
0.00282916
0.00281505
0.00276221
0.00273626
0.00269949
0.00267189
0.00264168
0.00261507
0.00258823
0.0025631
0.00253837
0.00251463
0.00249142
0.00246889
0.00244687
0.00242537
0.00240432
0.0023837
0.00236348
0.00234363
0.00232411
0.00230492
0.00228603
0.00226742
0.00224908
0.00223099
0.00221314
0.00219552
0.00217811
0.00216091
0.0021439
0.00212708
0.00211044
0.00209397
0.00207766
0.0020615
0.0020455
0.00202964
0.00201391
0.00199832
0.00198286
0.00196753
0.00195231
0.00193722
0.00192223
0.00190735
0.00189257
0.00187787
0.00186327
0.00184875
0.00183433
0.00181998
0.00180573
0.00179156
0.00177751
0.00176355
0.00174973
0.00173601
0.00172247
0.00170903
0.00169579
0.00168265
0.00166974
0.0016569
0.00164429
0.00163172
0.00161937
0.00160699
0.00159482
0.00158255
0.00157048
0.00155824
0.00154621
0.00153395
0.0015219
0.00150957
0.00149749
0.00148508
0.00147296
0.00146048
0.00144833
0.00143578
0.00142361
0.00141102
0.00139883
0.00138621
0.00137402
0.00136137
0.00134918
0.00133652
0.00132432
0.00131167
0.00129946
0.00128681
0.00127459
0.00126195
0.00124971
0.0012371
0.00122483
0.00121225
0.00119995
0.0011874
0.00117507
0.00116255
0.00115019
0.0011377
0.00112531
0.00111285
0.00110043
0.001088
0.00107555
0.00106315
0.00105067
0.00103829
0.00102579
0.00101344
0.00100092
0.000988576
0.000976046
0.000963715
0.000951176
0.000938853
0.000926306
0.000913992
0.000901435
0.000889132
0.000876562
0.000864275
0.000851686
0.000839419
0.00082681
0.000814563
0.000801936
0.000789703
0.000777066
0.000764838
0.000752202
0.000739968
0.000727344
0.000715092
0.000702489
0.000690214
0.000677637
0.000665334
0.000652784
0.000640456
0.000627929
0.00061558
0.000603071
0.000590708
0.00057821
0.000565839
0.000553347
0.000540971
0.000528482
0.000516104
0.000503618
0.000491236
0.000478755
0.000466368
0.00045389
0.000441501
0.000429025
0.000416635
0.00040416
0.000391768
0.000379294
0.000366902
0.000354429
0.000342036
0.000329562
0.000317171
0.000304696
0.000292305
0.00027983
0.00026744
0.000254963
0.000242575
0.000230097
0.000217709
0.000205232
0.000192842
0.000180367
0.000167974
0.000155504
0.000143105
0.000130641
0.000118237
0.000105777
9.33699e-05
8.09122e-05
6.85016e-05
5.60493e-05
4.36315e-05
3.11873e-05
1.87529e-05
6.35173e-06
0.00317851
0.00290125
0.00293021
0.00282888
0.00281487
0.0027621
0.00273618
0.00269942
0.00267184
0.00264164
0.00261504
0.0025882
0.00256307
0.00253835
0.00251461
0.0024914
0.00246888
0.00244685
0.00242536
0.00240431
0.0023837
0.00236347
0.00234362
0.0023241
0.00230491
0.00228602
0.00226742
0.00224908
0.00223099
0.00221314
0.00219552
0.00217811
0.00216091
0.0021439
0.00212708
0.00211044
0.00209396
0.00207765
0.0020615
0.0020455
0.00202963
0.00201391
0.00199832
0.00198286
0.00196753
0.00195231
0.00193721
0.00192223
0.00190735
0.00189256
0.00187787
0.00186327
0.00184875
0.00183433
0.00181998
0.00180573
0.00179156
0.00177751
0.00176355
0.00174973
0.00173601
0.00172247
0.00170903
0.00169579
0.00168265
0.00166974
0.0016569
0.00164429
0.00163172
0.00161936
0.00160699
0.00159482
0.00158255
0.00157048
0.00155824
0.00154621
0.00153395
0.0015219
0.00150957
0.00149749
0.00148508
0.00147296
0.00146048
0.00144833
0.00143578
0.00142361
0.00141102
0.00139883
0.00138621
0.00137402
0.00136137
0.00134918
0.00133652
0.00132432
0.00131167
0.00129946
0.00128681
0.00127459
0.00126195
0.00124971
0.0012371
0.00122483
0.00121225
0.00119995
0.0011874
0.00117507
0.00116255
0.00115019
0.0011377
0.00112531
0.00111285
0.00110043
0.001088
0.00107555
0.00106315
0.00105067
0.00103829
0.00102579
0.00101344
0.00100092
0.000988576
0.000976046
0.000963715
0.000951176
0.000938853
0.000926306
0.000913992
0.000901435
0.000889132
0.000876562
0.000864275
0.000851686
0.000839419
0.00082681
0.000814563
0.000801936
0.000789703
0.000777066
0.000764838
0.000752202
0.000739968
0.000727344
0.000715092
0.000702489
0.000690214
0.000677637
0.000665334
0.000652784
0.000640456
0.000627929
0.00061558
0.000603071
0.000590708
0.00057821
0.000565839
0.000553347
0.000540971
0.000528482
0.000516104
0.000503618
0.000491236
0.000478755
0.000466368
0.00045389
0.000441501
0.000429025
0.000416635
0.00040416
0.000391768
0.000379294
0.000366902
0.000354429
0.000342036
0.000329562
0.000317171
0.000304696
0.000292305
0.00027983
0.00026744
0.000254963
0.000242575
0.000230097
0.000217709
0.000205232
0.000192842
0.000180367
0.000167974
0.000155504
0.000143105
0.000130641
0.000118237
0.000105777
9.337e-05
8.09122e-05
6.85017e-05
5.60493e-05
4.36319e-05
3.11875e-05
1.87564e-05
6.35559e-06
0.00318112
0.00290002
0.00292964
0.00282859
0.00281469
0.00276199
0.0027361
0.00269936
0.00267179
0.0026416
0.002615
0.00258818
0.00256305
0.00253833
0.00251459
0.00249138
0.00246886
0.00244684
0.00242535
0.0024043
0.00238369
0.00236346
0.00234361
0.0023241
0.00230491
0.00228602
0.00226741
0.00224907
0.00223098
0.00221314
0.00219551
0.00217811
0.0021609
0.0021439
0.00212708
0.00211043
0.00209396
0.00207765
0.0020615
0.00204549
0.00202963
0.00201391
0.00199832
0.00198286
0.00196752
0.00195231
0.00193721
0.00192223
0.00190734
0.00189256
0.00187787
0.00186327
0.00184875
0.00183433
0.00181997
0.00180573
0.00179156
0.00177751
0.00176355
0.00174973
0.00173601
0.00172246
0.00170902
0.00169579
0.00168265
0.00166973
0.0016569
0.00164429
0.00163172
0.00161936
0.00160699
0.00159482
0.00158255
0.00157048
0.00155824
0.00154621
0.00153395
0.0015219
0.00150957
0.00149749
0.00148508
0.00147296
0.00146048
0.00144833
0.00143578
0.00142361
0.00141102
0.00139883
0.00138621
0.00137402
0.00136137
0.00134918
0.00133652
0.00132432
0.00131167
0.00129946
0.00128681
0.00127459
0.00126195
0.00124971
0.0012371
0.00122483
0.00121225
0.00119995
0.0011874
0.00117507
0.00116255
0.00115019
0.0011377
0.00112531
0.00111285
0.00110043
0.001088
0.00107555
0.00106315
0.00105067
0.00103829
0.00102579
0.00101344
0.00100092
0.000988576
0.000976046
0.000963715
0.000951176
0.000938853
0.000926306
0.000913992
0.000901435
0.000889132
0.000876562
0.000864275
0.000851686
0.000839419
0.00082681
0.000814563
0.000801936
0.000789703
0.000777066
0.000764838
0.000752202
0.000739968
0.000727344
0.000715092
0.000702489
0.000690214
0.000677637
0.000665334
0.000652784
0.000640456
0.000627929
0.00061558
0.000603071
0.000590708
0.00057821
0.000565839
0.000553347
0.000540971
0.000528482
0.000516104
0.000503618
0.000491236
0.000478755
0.000466368
0.00045389
0.000441501
0.000429025
0.000416635
0.00040416
0.000391768
0.000379294
0.000366902
0.000354429
0.000342036
0.000329562
0.000317171
0.000304696
0.000292305
0.00027983
0.00026744
0.000254963
0.000242575
0.000230097
0.000217709
0.000205232
0.000192842
0.000180367
0.000167974
0.000155504
0.000143105
0.000130641
0.000118237
0.000105777
9.337e-05
8.09122e-05
6.85017e-05
5.60493e-05
4.36321e-05
3.11876e-05
1.87594e-05
6.35888e-06
0.00318384
0.00289872
0.00292905
0.00282828
0.0028145
0.00276188
0.00273602
0.0026993
0.00267174
0.00264156
0.00261497
0.00258815
0.00256303
0.00253831
0.00251458
0.00249137
0.00246885
0.00244683
0.00242534
0.00240429
0.00238368
0.00236346
0.0023436
0.00232409
0.0023049
0.00228601
0.00226741
0.00224907
0.00223098
0.00221313
0.00219551
0.0021781
0.0021609
0.00214389
0.00212707
0.00211043
0.00209396
0.00207765
0.00206149
0.00204549
0.00202963
0.00201391
0.00199832
0.00198286
0.00196752
0.00195231
0.00193721
0.00192223
0.00190734
0.00189256
0.00187787
0.00186327
0.00184875
0.00183432
0.00181997
0.00180573
0.00179156
0.00177751
0.00176354
0.00174973
0.00173601
0.00172246
0.00170902
0.00169579
0.00168265
0.00166973
0.0016569
0.00164429
0.00163172
0.00161936
0.00160698
0.00159482
0.00158255
0.00157048
0.00155825
0.00154621
0.00153395
0.0015219
0.00150957
0.00149749
0.00148508
0.00147296
0.00146048
0.00144833
0.00143578
0.00142361
0.00141102
0.00139883
0.00138621
0.00137402
0.00136137
0.00134918
0.00133652
0.00132432
0.00131167
0.00129946
0.00128681
0.00127459
0.00126195
0.00124971
0.0012371
0.00122483
0.00121225
0.00119995
0.0011874
0.00117507
0.00116255
0.00115019
0.0011377
0.00112531
0.00111285
0.00110043
0.001088
0.00107555
0.00106315
0.00105067
0.00103829
0.00102579
0.00101344
0.00100092
0.000988576
0.000976046
0.000963715
0.000951176
0.000938853
0.000926306
0.000913992
0.000901435
0.000889132
0.000876562
0.000864275
0.000851686
0.000839419
0.00082681
0.000814563
0.000801936
0.000789703
0.000777066
0.000764838
0.000752202
0.000739968
0.000727344
0.000715092
0.000702489
0.000690214
0.000677637
0.000665334
0.000652784
0.000640456
0.000627929
0.00061558
0.000603072
0.000590708
0.00057821
0.000565839
0.000553347
0.000540971
0.000528482
0.000516104
0.000503618
0.000491236
0.000478755
0.000466368
0.00045389
0.000441501
0.000429025
0.000416635
0.00040416
0.000391768
0.000379294
0.000366902
0.000354429
0.000342036
0.000329562
0.000317171
0.000304696
0.000292305
0.00027983
0.00026744
0.000254963
0.000242575
0.000230097
0.000217709
0.000205232
0.000192842
0.000180367
0.000167974
0.000155504
0.000143105
0.000130641
0.000118237
0.000105777
9.337e-05
8.09122e-05
6.85018e-05
5.60492e-05
4.36324e-05
3.11877e-05
1.87619e-05
6.36163e-06
0.00318668
0.00289736
0.00292842
0.00282797
0.0028143
0.00276176
0.00273593
0.00269924
0.00267169
0.00264152
0.00261494
0.00258812
0.002563
0.00253829
0.00251456
0.00249135
0.00246884
0.00244682
0.00242533
0.00240428
0.00238367
0.00236345
0.0023436
0.00232409
0.0023049
0.00228601
0.0022674
0.00224906
0.00223098
0.00221313
0.00219551
0.0021781
0.0021609
0.00214389
0.00212707
0.00211043
0.00209396
0.00207765
0.00206149
0.00204549
0.00202963
0.00201391
0.00199832
0.00198286
0.00196752
0.00195231
0.00193721
0.00192223
0.00190734
0.00189256
0.00187787
0.00186327
0.00184875
0.00183432
0.00181997
0.00180572
0.00179156
0.00177751
0.00176354
0.00174973
0.00173601
0.00172246
0.00170902
0.00169579
0.00168265
0.00166973
0.0016569
0.00164429
0.00163172
0.00161936
0.00160698
0.00159482
0.00158255
0.00157048
0.00155825
0.00154621
0.00153395
0.0015219
0.00150957
0.00149749
0.00148508
0.00147296
0.00146048
0.00144833
0.00143578
0.00142361
0.00141102
0.00139883
0.00138621
0.00137402
0.00136137
0.00134918
0.00133652
0.00132432
0.00131167
0.00129946
0.00128681
0.00127459
0.00126195
0.00124971
0.0012371
0.00122483
0.00121225
0.00119995
0.0011874
0.00117507
0.00116255
0.00115019
0.0011377
0.00112531
0.00111285
0.00110043
0.001088
0.00107555
0.00106315
0.00105067
0.00103829
0.00102579
0.00101344
0.00100092
0.000988576
0.000976046
0.000963715
0.000951176
0.000938853
0.000926306
0.000913992
0.000901435
0.000889132
0.000876562
0.000864275
0.000851686
0.000839419
0.00082681
0.000814563
0.000801936
0.000789703
0.000777066
0.000764838
0.000752202
0.000739968
0.000727344
0.000715092
0.000702489
0.000690214
0.000677637
0.000665334
0.000652784
0.000640456
0.000627929
0.00061558
0.000603072
0.000590708
0.00057821
0.000565839
0.000553347
0.000540971
0.000528482
0.000516104
0.000503618
0.000491236
0.000478755
0.000466368
0.00045389
0.000441501
0.000429025
0.000416635
0.00040416
0.000391768
0.000379294
0.000366902
0.000354429
0.000342036
0.000329562
0.000317171
0.000304696
0.000292305
0.00027983
0.00026744
0.000254963
0.000242575
0.000230097
0.000217709
0.000205232
0.000192842
0.000180367
0.000167974
0.000155504
0.000143105
0.000130641
0.000118237
0.000105777
9.337e-05
8.09122e-05
6.85018e-05
5.60492e-05
4.36326e-05
3.11877e-05
1.87638e-05
6.36384e-06
0.00318964
0.00289593
0.00292776
0.00282765
0.00281411
0.00276165
0.00273585
0.00269918
0.00267164
0.00264148
0.00261491
0.0025881
0.00256298
0.00253827
0.00251454
0.00249134
0.00246882
0.0024468
0.00242532
0.00240427
0.00238366
0.00236344
0.00234359
0.00232408
0.00230489
0.002286
0.0022674
0.00224906
0.00223097
0.00221312
0.0021955
0.0021781
0.00216089
0.00214389
0.00212707
0.00211043
0.00209395
0.00207764
0.00206149
0.00204549
0.00202963
0.0020139
0.00199831
0.00198286
0.00196752
0.00195231
0.00193721
0.00192222
0.00190734
0.00189256
0.00187787
0.00186327
0.00184875
0.00183432
0.00181997
0.00180572
0.00179155
0.0017775
0.00176354
0.00174973
0.00173601
0.00172246
0.00170902
0.00169579
0.00168265
0.00166973
0.0016569
0.00164429
0.00163171
0.00161936
0.00160698
0.00159482
0.00158255
0.00157048
0.00155825
0.00154621
0.00153395
0.0015219
0.00150957
0.00149749
0.00148508
0.00147296
0.00146048
0.00144833
0.00143578
0.00142361
0.00141102
0.00139883
0.00138621
0.00137402
0.00136137
0.00134918
0.00133652
0.00132432
0.00131167
0.00129946
0.00128681
0.00127459
0.00126195
0.00124971
0.0012371
0.00122483
0.00121225
0.00119995
0.0011874
0.00117507
0.00116255
0.00115019
0.0011377
0.00112531
0.00111285
0.00110043
0.001088
0.00107555
0.00106315
0.00105067
0.00103829
0.00102579
0.00101344
0.00100092
0.000988576
0.000976046
0.000963715
0.000951176
0.000938853
0.000926306
0.000913992
0.000901435
0.000889132
0.000876562
0.000864275
0.000851686
0.000839419
0.00082681
0.000814563
0.000801936
0.000789703
0.000777066
0.000764838
0.000752202
0.000739968
0.000727344
0.000715092
0.000702489
0.000690214
0.000677637
0.000665334
0.000652784
0.000640456
0.000627929
0.00061558
0.000603072
0.000590708
0.00057821
0.000565839
0.000553347
0.000540971
0.000528482
0.000516104
0.000503618
0.000491236
0.000478755
0.000466368
0.00045389
0.000441501
0.000429025
0.000416635
0.00040416
0.000391768
0.000379294
0.000366902
0.000354429
0.000342036
0.000329562
0.000317171
0.000304696
0.000292305
0.00027983
0.00026744
0.000254963
0.000242575
0.000230097
0.000217709
0.000205232
0.000192842
0.000180367
0.000167974
0.000155504
0.000143105
0.000130641
0.000118237
0.000105777
9.337e-05
8.09121e-05
6.85018e-05
5.60492e-05
4.36329e-05
3.11877e-05
1.87653e-05
6.36556e-06
0.0031927
0.00289444
0.00292708
0.00282733
0.00281392
0.00276153
0.00273577
0.00269912
0.0026716
0.00264145
0.00261488
0.00258807
0.00256296
0.00253825
0.00251453
0.00249133
0.00246881
0.00244679
0.00242531
0.00240426
0.00238365
0.00236343
0.00234358
0.00232407
0.00230489
0.002286
0.00226739
0.00224905
0.00223097
0.00221312
0.0021955
0.00217809
0.00216089
0.00214389
0.00212707
0.00211042
0.00209395
0.00207764
0.00206149
0.00204549
0.00202962
0.0020139
0.00199831
0.00198285
0.00196752
0.00195231
0.00193721
0.00192222
0.00190734
0.00189256
0.00187787
0.00186327
0.00184875
0.00183432
0.00181997
0.00180572
0.00179155
0.0017775
0.00176354
0.00174973
0.00173601
0.00172246
0.00170902
0.00169578
0.00168265
0.00166973
0.0016569
0.00164429
0.00163171
0.00161936
0.00160698
0.00159482
0.00158255
0.00157048
0.00155825
0.00154621
0.00153395
0.0015219
0.00150957
0.00149749
0.00148508
0.00147296
0.00146048
0.00144833
0.00143578
0.00142361
0.00141102
0.00139883
0.00138621
0.00137402
0.00136137
0.00134918
0.00133652
0.00132432
0.00131167
0.00129946
0.00128681
0.00127459
0.00126195
0.00124971
0.0012371
0.00122483
0.00121225
0.00119995
0.0011874
0.00117507
0.00116255
0.00115019
0.0011377
0.00112531
0.00111285
0.00110043
0.001088
0.00107555
0.00106315
0.00105067
0.00103829
0.00102579
0.00101344
0.00100092
0.000988576
0.000976046
0.000963715
0.000951176
0.000938853
0.000926306
0.000913992
0.000901435
0.000889132
0.000876562
0.000864275
0.000851686
0.000839419
0.00082681
0.000814563
0.000801936
0.000789703
0.000777066
0.000764838
0.000752202
0.000739968
0.000727344
0.000715092
0.000702489
0.000690214
0.000677637
0.000665334
0.000652784
0.000640456
0.000627929
0.00061558
0.000603072
0.000590708
0.00057821
0.000565839
0.000553347
0.000540971
0.000528482
0.000516104
0.000503618
0.000491236
0.000478755
0.000466368
0.00045389
0.000441501
0.000429025
0.000416635
0.00040416
0.000391768
0.000379294
0.000366902
0.000354429
0.000342036
0.000329562
0.000317171
0.000304696
0.000292305
0.00027983
0.00026744
0.000254963
0.000242575
0.000230097
0.000217709
0.000205232
0.000192842
0.000180367
0.000167974
0.000155504
0.000143105
0.000130641
0.000118237
0.000105777
9.337e-05
8.09121e-05
6.85019e-05
5.60491e-05
4.36331e-05
3.11877e-05
1.87664e-05
6.36683e-06
0.00319589
0.00289288
0.00292638
0.00282701
0.00281373
0.00276142
0.0027357
0.00269906
0.00267156
0.00264141
0.00261485
0.00258805
0.00256294
0.00253823
0.00251451
0.00249132
0.0024688
0.00244679
0.0024253
0.00240426
0.00238365
0.00236343
0.00234358
0.00232407
0.00230488
0.00228599
0.00226739
0.00224905
0.00223096
0.00221312
0.0021955
0.00217809
0.00216089
0.00214388
0.00212706
0.00211042
0.00209395
0.00207764
0.00206149
0.00204548
0.00202962
0.0020139
0.00199831
0.00198285
0.00196752
0.0019523
0.00193721
0.00192222
0.00190734
0.00189256
0.00187786
0.00186327
0.00184875
0.00183432
0.00181997
0.00180572
0.00179155
0.0017775
0.00176354
0.00174973
0.00173601
0.00172246
0.00170902
0.00169578
0.00168265
0.00166973
0.0016569
0.00164429
0.00163171
0.00161936
0.00160698
0.00159482
0.00158255
0.00157048
0.00155825
0.00154621
0.00153395
0.0015219
0.00150957
0.00149749
0.00148508
0.00147296
0.00146048
0.00144833
0.00143578
0.00142361
0.00141102
0.00139883
0.00138621
0.00137402
0.00136137
0.00134918
0.00133652
0.00132432
0.00131167
0.00129946
0.00128681
0.00127459
0.00126195
0.00124971
0.0012371
0.00122483
0.00121225
0.00119995
0.0011874
0.00117507
0.00116255
0.00115019
0.0011377
0.00112531
0.00111285
0.00110043
0.001088
0.00107555
0.00106315
0.00105067
0.00103829
0.00102579
0.00101344
0.00100092
0.000988576
0.000976046
0.000963715
0.000951176
0.000938853
0.000926306
0.000913992
0.000901435
0.000889132
0.000876562
0.000864275
0.000851686
0.000839419
0.00082681
0.000814563
0.000801936
0.000789703
0.000777066
0.000764838
0.000752202
0.000739968
0.000727344
0.000715092
0.000702489
0.000690214
0.000677637
0.000665334
0.000652784
0.000640456
0.000627929
0.00061558
0.000603072
0.000590708
0.00057821
0.000565839
0.000553347
0.000540971
0.000528482
0.000516104
0.000503618
0.000491236
0.000478755
0.000466368
0.00045389
0.000441501
0.000429025
0.000416635
0.00040416
0.000391768
0.000379294
0.000366902
0.000354429
0.000342036
0.000329562
0.000317171
0.000304696
0.000292305
0.00027983
0.00026744
0.000254963
0.000242575
0.000230097
0.000217709
0.000205232
0.000192842
0.000180367
0.000167974
0.000155504
0.000143105
0.000130641
0.000118237
0.000105777
9.337e-05
8.09121e-05
6.85019e-05
5.60491e-05
4.36332e-05
3.11877e-05
1.87671e-05
6.36771e-06
0.00319921
0.00289126
0.00292566
0.0028267
0.00281355
0.00276132
0.00273563
0.00269901
0.00267152
0.00264138
0.00261483
0.00258803
0.00256293
0.00253822
0.0025145
0.0024913
0.00246879
0.00244678
0.00242529
0.00240425
0.00238364
0.00236342
0.00234357
0.00232406
0.00230488
0.00228599
0.00226738
0.00224905
0.00223096
0.00221311
0.00219549
0.00217809
0.00216089
0.00214388
0.00212706
0.00211042
0.00209395
0.00207764
0.00206148
0.00204548
0.00202962
0.0020139
0.00199831
0.00198285
0.00196752
0.0019523
0.00193721
0.00192222
0.00190734
0.00189256
0.00187786
0.00186326
0.00184875
0.00183432
0.00181997
0.00180572
0.00179155
0.0017775
0.00176354
0.00174972
0.00173601
0.00172246
0.00170902
0.00169578
0.00168265
0.00166973
0.0016569
0.00164429
0.00163172
0.00161936
0.00160699
0.00159482
0.00158255
0.00157048
0.00155825
0.00154621
0.00153395
0.0015219
0.00150957
0.00149749
0.00148508
0.00147296
0.00146048
0.00144833
0.00143578
0.00142361
0.00141102
0.00139883
0.00138621
0.00137402
0.00136137
0.00134918
0.00133652
0.00132432
0.00131167
0.00129946
0.00128681
0.00127459
0.00126195
0.00124971
0.0012371
0.00122483
0.00121225
0.00119995
0.0011874
0.00117507
0.00116255
0.00115019
0.0011377
0.00112531
0.00111285
0.00110043
0.001088
0.00107555
0.00106315
0.00105067
0.00103829
0.00102579
0.00101344
0.00100092
0.000988576
0.000976046
0.000963715
0.000951176
0.000938853
0.000926306
0.000913992
0.000901435
0.000889132
0.000876562
0.000864275
0.000851686
0.000839419
0.00082681
0.000814563
0.000801936
0.000789703
0.000777066
0.000764838
0.000752202
0.000739968
0.000727344
0.000715092
0.000702489
0.000690214
0.000677637
0.000665334
0.000652784
0.000640456
0.000627929
0.00061558
0.000603072
0.000590708
0.00057821
0.000565839
0.000553347
0.000540971
0.000528482
0.000516104
0.000503619
0.000491236
0.000478755
0.000466368
0.00045389
0.000441501
0.000429025
0.000416635
0.00040416
0.000391768
0.000379294
0.000366902
0.000354429
0.000342036
0.000329562
0.000317171
0.000304696
0.000292305
0.00027983
0.00026744
0.000254963
0.000242575
0.000230097
0.000217709
0.000205232
0.000192842
0.000180367
0.000167974
0.000155504
0.000143105
0.000130641
0.000118237
0.000105777
9.337e-05
8.09121e-05
6.85019e-05
5.60491e-05
4.36334e-05
3.11877e-05
1.87676e-05
6.36825e-06
0.00320268
0.0028896
0.00292493
0.0028264
0.00281338
0.00276123
0.00273556
0.00269897
0.00267148
0.00264135
0.00261481
0.00258801
0.00256291
0.0025382
0.00251449
0.00249129
0.00246878
0.00244677
0.00242528
0.00240424
0.00238363
0.00236342
0.00234357
0.00232406
0.00230487
0.00228598
0.00226738
0.00224904
0.00223096
0.00221311
0.00219549
0.00217809
0.00216088
0.00214388
0.00212706
0.00211042
0.00209394
0.00207764
0.00206148
0.00204548
0.00202962
0.0020139
0.00199831
0.00198285
0.00196751
0.0019523
0.0019372
0.00192222
0.00190734
0.00189255
0.00187786
0.00186326
0.00184874
0.00183432
0.00181997
0.00180572
0.00179155
0.0017775
0.00176354
0.00174972
0.00173601
0.00172246
0.00170902
0.00169578
0.00168265
0.00166973
0.0016569
0.00164429
0.00163172
0.00161936
0.00160699
0.00159482
0.00158255
0.00157048
0.00155825
0.00154621
0.00153395
0.0015219
0.00150957
0.00149749
0.00148508
0.00147296
0.00146048
0.00144833
0.00143578
0.00142361
0.00141102
0.00139883
0.00138621
0.00137402
0.00136137
0.00134918
0.00133652
0.00132432
0.00131167
0.00129946
0.00128681
0.00127459
0.00126195
0.00124971
0.0012371
0.00122483
0.00121225
0.00119995
0.0011874
0.00117507
0.00116255
0.00115019
0.0011377
0.00112531
0.00111285
0.00110043
0.001088
0.00107555
0.00106315
0.00105067
0.00103829
0.00102579
0.00101344
0.00100092
0.000988576
0.000976046
0.000963715
0.000951176
0.000938853
0.000926306
0.000913992
0.000901435
0.000889132
0.000876562
0.000864275
0.000851686
0.000839419
0.00082681
0.000814563
0.000801936
0.000789703
0.000777066
0.000764838
0.000752202
0.000739968
0.000727344
0.000715092
0.000702489
0.000690214
0.000677637
0.000665334
0.000652784
0.000640456
0.000627929
0.00061558
0.000603072
0.000590708
0.00057821
0.000565839
0.000553347
0.000540971
0.000528482
0.000516104
0.000503619
0.000491236
0.000478755
0.000466368
0.00045389
0.000441501
0.000429025
0.000416635
0.00040416
0.000391768
0.000379294
0.000366902
0.000354429
0.000342036
0.000329562
0.000317171
0.000304696
0.000292305
0.00027983
0.00026744
0.000254963
0.000242575
0.000230097
0.000217709
0.000205232
0.000192842
0.000180367
0.000167974
0.000155504
0.000143105
0.000130641
0.000118237
0.000105777
9.337e-05
8.09121e-05
6.85019e-05
5.6049e-05
4.36335e-05
3.11876e-05
1.87678e-05
6.36852e-06
0.00320634
0.00288792
0.00292423
0.00282612
0.00281322
0.00276114
0.00273551
0.00269892
0.00267145
0.00264133
0.00261478
0.00258799
0.00256289
0.00253819
0.00251448
0.00249128
0.00246877
0.00244676
0.00242528
0.00240423
0.00238363
0.00236341
0.00234356
0.00232405
0.00230487
0.00228598
0.00226738
0.00224904
0.00223095
0.00221311
0.00219549
0.00217808
0.00216088
0.00214388
0.00212706
0.00211041
0.00209394
0.00207763
0.00206148
0.00204548
0.00202962
0.0020139
0.00199831
0.00198285
0.00196751
0.0019523
0.0019372
0.00192222
0.00190733
0.00189255
0.00187786
0.00186326
0.00184874
0.00183432
0.00181997
0.00180572
0.00179155
0.0017775
0.00176354
0.00174972
0.001736
0.00172246
0.00170902
0.00169578
0.00168265
0.00166973
0.0016569
0.00164429
0.00163172
0.00161936
0.00160699
0.00159482
0.00158255
0.00157048
0.00155825
0.00154621
0.00153395
0.0015219
0.00150957
0.00149749
0.00148508
0.00147296
0.00146048
0.00144833
0.00143578
0.00142361
0.00141102
0.00139883
0.00138621
0.00137402
0.00136137
0.00134918
0.00133652
0.00132432
0.00131167
0.00129946
0.00128681
0.00127459
0.00126195
0.00124971
0.0012371
0.00122483
0.00121225
0.00119995
0.0011874
0.00117507
0.00116255
0.00115019
0.0011377
0.00112531
0.00111285
0.00110043
0.001088
0.00107555
0.00106315
0.00105067
0.00103829
0.00102579
0.00101344
0.00100092
0.000988576
0.000976046
0.000963715
0.000951176
0.000938853
0.000926306
0.000913992
0.000901435
0.000889132
0.000876562
0.000864275
0.000851686
0.000839419
0.00082681
0.000814563
0.000801936
0.000789703
0.000777066
0.000764838
0.000752202
0.000739968
0.000727344
0.000715092
0.000702489
0.000690214
0.000677637
0.000665334
0.000652784
0.000640456
0.000627929
0.00061558
0.000603072
0.000590708
0.00057821
0.000565839
0.000553347
0.000540971
0.000528482
0.000516104
0.000503619
0.000491236
0.000478755
0.000466368
0.00045389
0.000441501
0.000429025
0.000416635
0.00040416
0.000391768
0.000379294
0.000366902
0.000354429
0.000342036
0.000329562
0.000317171
0.000304696
0.000292305
0.00027983
0.00026744
0.000254963
0.000242575
0.000230097
0.000217709
0.000205232
0.000192842
0.000180368
0.000167974
0.000155504
0.000143105
0.000130641
0.000118237
0.000105777
9.337e-05
8.09121e-05
6.85019e-05
5.6049e-05
4.36336e-05
3.11876e-05
1.87678e-05
6.36859e-06
0.00321026
0.00288625
0.00292356
0.00282587
0.00281309
0.00276107
0.00273545
0.00269889
0.00267142
0.0026413
0.00261477
0.00258797
0.00256288
0.00253818
0.00251447
0.00249127
0.00246876
0.00244675
0.00242527
0.00240423
0.00238362
0.00236341
0.00234356
0.00232405
0.00230486
0.00228598
0.00226737
0.00224904
0.00223095
0.0022131
0.00219548
0.00217808
0.00216088
0.00214387
0.00212705
0.00211041
0.00209394
0.00207763
0.00206148
0.00204548
0.00202962
0.00201389
0.0019983
0.00198285
0.00196751
0.0019523
0.0019372
0.00192222
0.00190733
0.00189255
0.00187786
0.00186326
0.00184874
0.00183432
0.00181997
0.00180572
0.00179155
0.0017775
0.00176354
0.00174972
0.001736
0.00172246
0.00170902
0.00169578
0.00168265
0.00166973
0.0016569
0.00164429
0.00163172
0.00161936
0.00160699
0.00159482
0.00158255
0.00157048
0.00155825
0.00154621
0.00153395
0.0015219
0.00150957
0.00149749
0.00148508
0.00147296
0.00146048
0.00144833
0.00143578
0.00142361
0.00141102
0.00139883
0.00138621
0.00137402
0.00136137
0.00134918
0.00133652
0.00132432
0.00131167
0.00129946
0.00128681
0.00127459
0.00126195
0.00124971
0.0012371
0.00122483
0.00121225
0.00119995
0.0011874
0.00117507
0.00116255
0.00115019
0.0011377
0.00112531
0.00111285
0.00110043
0.001088
0.00107555
0.00106315
0.00105067
0.00103829
0.00102579
0.00101344
0.00100092
0.000988576
0.000976046
0.000963715
0.000951176
0.000938853
0.000926306
0.000913992
0.000901435
0.000889132
0.000876562
0.000864275
0.000851686
0.000839419
0.00082681
0.000814563
0.000801936
0.000789703
0.000777066
0.000764838
0.000752202
0.000739968
0.000727344
0.000715092
0.000702489
0.000690214
0.000677637
0.000665334
0.000652784
0.000640456
0.000627929
0.00061558
0.000603072
0.000590708
0.00057821
0.000565839
0.000553347
0.000540971
0.000528482
0.000516104
0.000503619
0.000491236
0.000478755
0.000466368
0.00045389
0.000441501
0.000429025
0.000416635
0.00040416
0.000391768
0.000379294
0.000366902
0.000354429
0.000342036
0.000329563
0.000317171
0.000304696
0.000292305
0.00027983
0.00026744
0.000254963
0.000242575
0.000230097
0.000217709
0.000205232
0.000192842
0.000180368
0.000167974
0.000155504
0.000143105
0.000130641
0.000118237
0.000105777
9.337e-05
8.09121e-05
6.85019e-05
5.6049e-05
4.36336e-05
3.11875e-05
1.87678e-05
6.3685e-06
0.00321452
0.00288465
0.00292295
0.00282566
0.00281297
0.002761
0.00273541
0.00269885
0.0026714
0.00264128
0.00261475
0.00258796
0.00256287
0.00253817
0.00251446
0.00249126
0.00246876
0.00244674
0.00242526
0.00240422
0.00238362
0.0023634
0.00234355
0.00232404
0.00230486
0.00228597
0.00226737
0.00224903
0.00223095
0.0022131
0.00219548
0.00217808
0.00216088
0.00214387
0.00212705
0.00211041
0.00209394
0.00207763
0.00206148
0.00204547
0.00202961
0.00201389
0.0019983
0.00198284
0.00196751
0.0019523
0.0019372
0.00192221
0.00190733
0.00189255
0.00187786
0.00186326
0.00184874
0.00183432
0.00181997
0.00180572
0.00179155
0.0017775
0.00176354
0.00174972
0.001736
0.00172246
0.00170902
0.00169578
0.00168265
0.00166973
0.0016569
0.00164429
0.00163172
0.00161936
0.00160699
0.00159482
0.00158255
0.00157048
0.00155825
0.00154621
0.00153395
0.0015219
0.00150957
0.00149749
0.00148508
0.00147296
0.00146048
0.00144833
0.00143578
0.00142361
0.00141102
0.00139883
0.00138621
0.00137402
0.00136137
0.00134918
0.00133652
0.00132432
0.00131167
0.00129946
0.00128681
0.00127459
0.00126195
0.00124971
0.0012371
0.00122483
0.00121225
0.00119996
0.0011874
0.00117507
0.00116255
0.00115019
0.0011377
0.00112531
0.00111285
0.00110043
0.001088
0.00107555
0.00106315
0.00105067
0.00103829
0.00102579
0.00101344
0.00100092
0.000988576
0.000976046
0.000963715
0.000951176
0.000938853
0.000926306
0.000913992
0.000901435
0.000889132
0.000876562
0.000864275
0.000851686
0.000839419
0.00082681
0.000814563
0.000801936
0.000789703
0.000777066
0.000764838
0.000752202
0.000739968
0.000727344
0.000715092
0.000702489
0.000690214
0.000677637
0.000665334
0.000652784
0.000640456
0.000627929
0.00061558
0.000603072
0.000590708
0.00057821
0.000565839
0.000553347
0.000540971
0.000528482
0.000516104
0.000503619
0.000491236
0.000478755
0.000466368
0.00045389
0.000441501
0.000429025
0.000416635
0.00040416
0.000391768
0.000379294
0.000366902
0.000354429
0.000342036
0.000329563
0.000317171
0.000304696
0.000292305
0.00027983
0.00026744
0.000254963
0.000242575
0.000230097
0.000217709
0.000205232
0.000192842
0.000180368
0.000167974
0.000155504
0.000143105
0.000130641
0.000118237
0.000105777
9.337e-05
8.09121e-05
6.8502e-05
5.6049e-05
4.36337e-05
3.11875e-05
1.87677e-05
6.36833e-06
0.00321923
0.00288316
0.00292242
0.00282548
0.00281287
0.00276095
0.00273537
0.00269882
0.00267137
0.00264126
0.00261473
0.00258794
0.00256285
0.00253816
0.00251445
0.00249125
0.00246875
0.00244674
0.00242525
0.00240422
0.00238361
0.00236339
0.00234355
0.00232404
0.00230485
0.00228597
0.00226737
0.00224903
0.00223094
0.0022131
0.00219548
0.00217807
0.00216087
0.00214387
0.00212705
0.00211041
0.00209394
0.00207763
0.00206148
0.00204547
0.00202961
0.00201389
0.0019983
0.00198284
0.00196751
0.0019523
0.0019372
0.00192221
0.00190733
0.00189255
0.00187786
0.00186326
0.00184874
0.00183431
0.00181996
0.00180572
0.00179155
0.0017775
0.00176354
0.00174972
0.001736
0.00172246
0.00170902
0.00169578
0.00168265
0.00166973
0.0016569
0.00164429
0.00163172
0.00161936
0.00160699
0.00159482
0.00158255
0.00157048
0.00155825
0.00154621
0.00153395
0.0015219
0.00150957
0.00149749
0.00148508
0.00147296
0.00146048
0.00144833
0.00143578
0.00142361
0.00141102
0.00139883
0.00138621
0.00137402
0.00136137
0.00134918
0.00133652
0.00132432
0.00131167
0.00129946
0.00128681
0.00127459
0.00126195
0.00124971
0.0012371
0.00122483
0.00121225
0.00119996
0.0011874
0.00117507
0.00116255
0.00115019
0.0011377
0.00112531
0.00111285
0.00110043
0.001088
0.00107555
0.00106315
0.00105067
0.00103829
0.00102579
0.00101344
0.00100092
0.000988576
0.000976046
0.000963715
0.000951176
0.000938853
0.000926306
0.000913991
0.000901435
0.000889132
0.000876562
0.000864275
0.000851686
0.000839419
0.00082681
0.000814563
0.000801936
0.000789703
0.000777066
0.000764838
0.000752202
0.000739968
0.000727344
0.000715092
0.000702489
0.000690214
0.000677637
0.000665334
0.000652784
0.000640456
0.000627929
0.00061558
0.000603072
0.000590708
0.00057821
0.000565839
0.000553347
0.000540971
0.000528482
0.000516104
0.000503619
0.000491236
0.000478755
0.000466368
0.00045389
0.000441501
0.000429025
0.000416635
0.00040416
0.000391768
0.000379294
0.000366902
0.000354429
0.000342036
0.000329563
0.000317171
0.000304696
0.000292305
0.00027983
0.00026744
0.000254963
0.000242575
0.000230097
0.000217709
0.000205232
0.000192842
0.000180368
0.000167974
0.000155504
0.000143105
0.000130641
0.000118237
0.000105777
9.337e-05
8.09121e-05
6.8502e-05
5.6049e-05
4.36337e-05
3.11875e-05
1.87676e-05
6.36811e-06
0.00322452
0.00288186
0.00292198
0.00282533
0.00281278
0.00276089
0.00273533
0.00269879
0.00267135
0.00264124
0.00261471
0.00258793
0.00256284
0.00253814
0.00251444
0.00249125
0.00246874
0.00244673
0.00242525
0.00240421
0.0023836
0.00236339
0.00234354
0.00232404
0.00230485
0.00228596
0.00226736
0.00224903
0.00223094
0.00221309
0.00219548
0.00217807
0.00216087
0.00214387
0.00212705
0.0021104
0.00209393
0.00207763
0.00206147
0.00204547
0.00202961
0.00201389
0.0019983
0.00198284
0.00196751
0.00195229
0.0019372
0.00192221
0.00190733
0.00189255
0.00187786
0.00186326
0.00184874
0.00183431
0.00181996
0.00180571
0.00179155
0.0017775
0.00176354
0.00174972
0.001736
0.00172246
0.00170902
0.00169578
0.00168265
0.00166973
0.0016569
0.00164429
0.00163172
0.00161937
0.00160699
0.00159482
0.00158255
0.00157048
0.00155825
0.00154621
0.00153395
0.0015219
0.00150957
0.00149749
0.00148508
0.00147296
0.00146048
0.00144833
0.00143578
0.00142361
0.00141102
0.00139883
0.00138621
0.00137402
0.00136137
0.00134918
0.00133652
0.00132432
0.00131167
0.00129946
0.00128681
0.00127459
0.00126195
0.00124971
0.0012371
0.00122483
0.00121225
0.00119996
0.0011874
0.00117507
0.00116255
0.00115019
0.0011377
0.00112531
0.00111285
0.00110043
0.001088
0.00107555
0.00106315
0.00105067
0.00103829
0.00102579
0.00101344
0.00100092
0.000988576
0.000976046
0.000963715
0.000951176
0.000938853
0.000926306
0.000913991
0.000901435
0.000889132
0.000876562
0.000864275
0.000851686
0.000839419
0.00082681
0.000814563
0.000801936
0.000789703
0.000777066
0.000764838
0.000752202
0.000739968
0.000727344
0.000715092
0.000702489
0.000690214
0.000677637
0.000665334
0.000652784
0.000640456
0.000627929
0.00061558
0.000603072
0.000590708
0.00057821
0.000565839
0.000553347
0.000540971
0.000528482
0.000516104
0.000503619
0.000491236
0.000478755
0.000466368
0.00045389
0.000441501
0.000429025
0.000416635
0.00040416
0.000391768
0.000379294
0.000366902
0.000354429
0.000342036
0.000329563
0.000317171
0.000304696
0.000292305
0.00027983
0.00026744
0.000254963
0.000242574
0.000230097
0.000217709
0.000205232
0.000192842
0.000180368
0.000167974
0.000155504
0.000143105
0.000130641
0.000118237
0.000105777
9.337e-05
8.09121e-05
6.8502e-05
5.6049e-05
4.36337e-05
3.11874e-05
1.87675e-05
6.36791e-06
0.0032306
0.00288078
0.00292162
0.0028252
0.0028127
0.00276084
0.00273529
0.00269876
0.00267132
0.00264122
0.00261469
0.00258791
0.00256283
0.00253813
0.00251442
0.00249124
0.00246873
0.00244672
0.00242524
0.0024042
0.0023836
0.00236338
0.00234354
0.00232403
0.00230484
0.00228596
0.00226736
0.00224902
0.00223094
0.00221309
0.00219547
0.00217807
0.00216087
0.00214386
0.00212704
0.0021104
0.00209393
0.00207762
0.00206147
0.00204547
0.00202961
0.00201389
0.0019983
0.00198284
0.0019675
0.00195229
0.0019372
0.00192221
0.00190733
0.00189255
0.00187785
0.00186326
0.00184874
0.00183431
0.00181996
0.00180571
0.00179155
0.0017775
0.00176354
0.00174972
0.001736
0.00172246
0.00170902
0.00169578
0.00168265
0.00166973
0.0016569
0.00164429
0.00163172
0.00161937
0.00160699
0.00159482
0.00158255
0.00157048
0.00155825
0.00154621
0.00153395
0.0015219
0.00150957
0.00149749
0.00148508
0.00147296
0.00146048
0.00144833
0.00143578
0.00142361
0.00141102
0.00139883
0.00138621
0.00137402
0.00136137
0.00134918
0.00133652
0.00132432
0.00131167
0.00129946
0.00128681
0.00127459
0.00126195
0.00124971
0.0012371
0.00122483
0.00121225
0.00119996
0.0011874
0.00117507
0.00116255
0.00115019
0.0011377
0.00112531
0.00111285
0.00110043
0.001088
0.00107555
0.00106315
0.00105067
0.00103829
0.00102579
0.00101344
0.00100092
0.000988576
0.000976046
0.000963715
0.000951176
0.000938853
0.000926306
0.000913991
0.000901435
0.000889132
0.000876562
0.000864275
0.000851686
0.000839419
0.00082681
0.000814563
0.000801936
0.000789703
0.000777066
0.000764838
0.000752202
0.000739968
0.000727344
0.000715092
0.000702489
0.000690214
0.000677637
0.000665334
0.000652784
0.000640456
0.000627929
0.00061558
0.000603072
0.000590708
0.00057821
0.000565839
0.000553347
0.000540971
0.000528482
0.000516104
0.000503619
0.000491236
0.000478755
0.000466368
0.00045389
0.000441501
0.000429025
0.000416635
0.00040416
0.000391768
0.000379294
0.000366902
0.000354429
0.000342036
0.000329563
0.000317171
0.000304696
0.000292305
0.00027983
0.00026744
0.000254963
0.000242574
0.000230097
0.000217709
0.000205232
0.000192842
0.000180368
0.000167974
0.000155504
0.000143105
0.000130641
0.000118237
0.000105777
9.337e-05
8.09121e-05
6.8502e-05
5.6049e-05
4.36337e-05
3.11874e-05
1.87675e-05
6.36775e-06
0.00323772
0.00287993
0.0029213
0.00282508
0.00281262
0.00276079
0.00273524
0.00269873
0.00267129
0.0026412
0.00261467
0.0025879
0.00256281
0.00253812
0.00251441
0.00249122
0.00246872
0.00244671
0.00242523
0.00240419
0.00238359
0.00236338
0.00234353
0.00232402
0.00230484
0.00228595
0.00226735
0.00224902
0.00223093
0.00221309
0.00219547
0.00217806
0.00216086
0.00214386
0.00212704
0.0021104
0.00209393
0.00207762
0.00206147
0.00204547
0.00202961
0.00201388
0.0019983
0.00198284
0.0019675
0.00195229
0.00193719
0.00192221
0.00190733
0.00189254
0.00187785
0.00186325
0.00184874
0.00183431
0.00181996
0.00180571
0.00179154
0.0017775
0.00176353
0.00174972
0.001736
0.00172246
0.00170902
0.00169578
0.00168265
0.00166973
0.0016569
0.00164429
0.00163172
0.00161937
0.00160699
0.00159482
0.00158255
0.00157048
0.00155825
0.00154621
0.00153395
0.0015219
0.00150957
0.00149749
0.00148508
0.00147296
0.00146048
0.00144833
0.00143578
0.00142361
0.00141102
0.00139883
0.00138621
0.00137402
0.00136137
0.00134918
0.00133652
0.00132432
0.00131167
0.00129946
0.00128681
0.00127459
0.00126195
0.00124971
0.0012371
0.00122483
0.00121225
0.00119996
0.0011874
0.00117507
0.00116255
0.00115019
0.0011377
0.00112531
0.00111285
0.00110043
0.001088
0.00107555
0.00106315
0.00105067
0.00103829
0.00102579
0.00101344
0.00100092
0.000988576
0.000976046
0.000963715
0.000951176
0.000938853
0.000926306
0.000913991
0.000901435
0.000889132
0.000876562
0.000864275
0.000851686
0.000839419
0.00082681
0.000814563
0.000801936
0.000789703
0.000777066
0.000764838
0.000752202
0.000739968
0.000727344
0.000715092
0.000702489
0.000690214
0.000677637
0.000665334
0.000652784
0.000640456
0.000627929
0.00061558
0.000603072
0.000590708
0.00057821
0.000565839
0.000553347
0.000540971
0.000528482
0.000516104
0.000503619
0.000491236
0.000478755
0.000466368
0.00045389
0.000441501
0.000429025
0.000416635
0.00040416
0.000391768
0.000379294
0.000366902
0.000354429
0.000342036
0.000329563
0.000317171
0.000304696
0.000292305
0.00027983
0.00026744
0.000254963
0.000242574
0.000230097
0.000217709
0.000205232
0.000192842
0.000180368
0.000167974
0.000155504
0.000143105
0.000130641
0.000118237
0.000105777
9.337e-05
8.09121e-05
6.8502e-05
5.6049e-05
4.36338e-05
3.11873e-05
1.87675e-05
6.36768e-06
0.00324493
0.00287937
0.00292106
0.00282497
0.00281255
0.00276074
0.00273521
0.0026987
0.00267127
0.00264117
0.00261466
0.00258788
0.0025628
0.00253811
0.0025144
0.00249121
0.00246871
0.0024467
0.00242522
0.00240419
0.00238358
0.00236337
0.00234352
0.00232402
0.00230483
0.00228595
0.00226735
0.00224901
0.00223093
0.00221308
0.00219546
0.00217806
0.00216086
0.00214386
0.00212704
0.0021104
0.00209393
0.00207762
0.00206147
0.00204546
0.0020296
0.00201388
0.00199829
0.00198283
0.0019675
0.00195229
0.00193719
0.00192221
0.00190732
0.00189254
0.00187785
0.00186325
0.00184873
0.00183431
0.00181996
0.00180571
0.00179154
0.00177749
0.00176353
0.00174972
0.001736
0.00172246
0.00170902
0.00169578
0.00168265
0.00166973
0.0016569
0.00164429
0.00163172
0.00161937
0.00160699
0.00159482
0.00158255
0.00157048
0.00155825
0.00154621
0.00153395
0.0015219
0.00150957
0.00149749
0.00148508
0.00147296
0.00146048
0.00144833
0.00143578
0.00142361
0.00141102
0.00139883
0.00138621
0.00137402
0.00136137
0.00134918
0.00133652
0.00132432
0.00131167
0.00129946
0.00128681
0.00127459
0.00126195
0.00124971
0.0012371
0.00122484
0.00121225
0.00119996
0.0011874
0.00117507
0.00116255
0.00115019
0.0011377
0.00112531
0.00111285
0.00110043
0.001088
0.00107555
0.00106315
0.00105067
0.00103829
0.00102579
0.00101344
0.00100092
0.000988576
0.000976046
0.000963715
0.000951176
0.000938853
0.000926306
0.000913991
0.000901435
0.000889132
0.000876562
0.000864275
0.000851686
0.000839419
0.00082681
0.000814563
0.000801936
0.000789703
0.000777066
0.000764838
0.000752202
0.000739968
0.000727344
0.000715092
0.000702489
0.000690214
0.000677637
0.000665334
0.000652784
0.000640456
0.000627929
0.00061558
0.000603071
0.000590708
0.00057821
0.000565839
0.000553347
0.000540971
0.000528482
0.000516104
0.000503619
0.000491236
0.000478755
0.000466368
0.00045389
0.000441501
0.000429025
0.000416635
0.00040416
0.000391768
0.000379294
0.000366902
0.000354429
0.000342036
0.000329563
0.000317171
0.000304696
0.000292305
0.00027983
0.00026744
0.000254963
0.000242574
0.000230097
0.000217709
0.000205232
0.000192842
0.000180368
0.000167974
0.000155504
0.000143105
0.000130641
0.000118237
0.000105777
9.337e-05
8.09121e-05
6.8502e-05
5.60489e-05
4.36338e-05
3.11873e-05
1.87676e-05
6.36771e-06
)
;

boundaryField
{
    inlet
    {
        type            zeroGradient;
    }
    outlet
    {
        type            fixedValue;
        value           uniform 0;
    }
    wall
    {
        type            zeroGradient;
    }
    axis
    {
        type            symmetryPlane;
    }
    frontAndBack
    {
        type            empty;
    }
}


// ************************************************************************* //
