/*--------------------------------*- C++ -*----------------------------------*\
| =========                 |                                                 |
| \\      /  F ield         | OpenFOAM: The Open Source CFD Toolbox           |
|  \\    /   O peration     | Version:  2412                                  |
|   \\  /    A nd           | Website:  www.openfoam.com                      |
|    \\/     M anipulation  |                                                 |
\*---------------------------------------------------------------------------*/
FoamFile
{
    version     2.0;
    format      ascii;
    arch        "LSB;label=32;scalar=64";
    class       volScalarField;
    location    "600";
    object      p;
}
// * * * * * * * * * * * * * * * * * * * * * * * * * * * * * * * * * * * * * //

dimensions      [0 2 -2 0 0 0 0];

internalField   nonuniform List<scalar> 
8000
(
0.00307267
0.00283804
0.00285983
0.00275587
0.00274064
0.00268705
0.00266076
0.00262381
0.00259604
0.00256578
0.00253907
0.00251221
0.002487
0.00246226
0.00243847
0.00241525
0.00239268
0.00237065
0.00234913
0.00232807
0.00230744
0.0022872
0.00226734
0.00224781
0.00222863
0.00220971
0.00219112
0.00217274
0.00215468
0.00213679
0.0021192
0.00210175
0.00208458
0.00206753
0.00205075
0.00203406
0.00201763
0.00200127
0.00198516
0.00196911
0.00195329
0.00193752
0.00192197
0.00190647
0.00189117
0.00187591
0.00186085
0.00184581
0.00183097
0.00181615
0.0018015
0.00178688
0.00177243
0.00175799
0.00174371
0.00172945
0.00171534
0.00170125
0.00168729
0.00167335
0.00165954
0.00164575
0.00163208
0.00161842
0.00160488
0.00159136
0.00157794
0.00156454
0.00155123
0.00153795
0.00152475
0.00151158
0.00149848
0.00148542
0.00147242
0.00145945
0.00144655
0.00143367
0.00142085
0.00140806
0.00139533
0.00138263
0.00136997
0.00135734
0.00134477
0.00133221
0.00131971
0.00130722
0.00129478
0.00128236
0.00126999
0.00125763
0.00124532
0.00123302
0.00122076
0.00120852
0.00119632
0.00118413
0.00117198
0.00115984
0.00114774
0.00113565
0.00112359
0.00111155
0.00109954
0.00108753
0.00107556
0.0010636
0.00105167
0.00103974
0.00102785
0.00101596
0.0010041
0.000992251
0.000980425
0.000968608
0.000956813
0.000945028
0.000933263
0.000921506
0.000909768
0.000898037
0.000886323
0.000874615
0.000862922
0.000851234
0.00083956
0.000827891
0.000816237
0.000804589
0.000792956
0.000781332
0.000769726
0.000758132
0.000746558
0.000734998
0.000723462
0.000711941
0.000700443
0.000688962
0.000677503
0.000666059
0.000654635
0.000643222
0.000631825
0.000620436
0.00060906
0.000597686
0.000586321
0.000574955
0.000563596
0.000552232
0.000540873
0.000529506
0.000518144
0.000506773
0.000495407
0.000484031
0.00047266
0.000461279
0.000449904
0.000438518
0.000427139
0.00041575
0.000404369
0.000392978
0.000381595
0.000370202
0.000358817
0.000347424
0.000336038
0.000324644
0.000313258
0.000301864
0.000290477
0.000279083
0.000267696
0.000256302
0.000244915
0.000233521
0.000222134
0.000210739
0.000199353
0.000187958
0.000176572
0.000165177
0.00015379
0.000142396
0.000131009
0.000119614
0.000108228
9.68331e-05
8.54462e-05
7.40519e-05
6.26647e-05
5.1271e-05
3.98821e-05
2.84898e-05
1.70857e-05
5.69817e-06
0.00307276
0.00283803
0.00285978
0.00275587
0.00274062
0.00268705
0.00266075
0.00262381
0.00259604
0.00256578
0.00253906
0.0025122
0.002487
0.00246225
0.00243847
0.00241524
0.00239268
0.00237065
0.00234913
0.00232807
0.00230744
0.0022872
0.00226734
0.00224781
0.00222863
0.00220971
0.00219112
0.00217274
0.00215468
0.00213679
0.0021192
0.00210175
0.00208458
0.00206753
0.00205075
0.00203406
0.00201763
0.00200127
0.00198516
0.00196911
0.00195329
0.00193752
0.00192197
0.00190647
0.00189117
0.00187591
0.00186085
0.00184581
0.00183097
0.00181615
0.0018015
0.00178688
0.00177243
0.00175799
0.00174371
0.00172945
0.00171534
0.00170125
0.00168729
0.00167335
0.00165954
0.00164575
0.00163208
0.00161842
0.00160488
0.00159136
0.00157794
0.00156453
0.00155123
0.00153795
0.00152475
0.00151158
0.00149848
0.00148542
0.00147242
0.00145945
0.00144655
0.00143367
0.00142085
0.00140806
0.00139533
0.00138263
0.00136997
0.00135734
0.00134477
0.00133221
0.00131971
0.00130722
0.00129478
0.00128236
0.00126999
0.00125763
0.00124532
0.00123302
0.00122076
0.00120852
0.00119632
0.00118413
0.00117198
0.00115984
0.00114774
0.00113565
0.00112359
0.00111155
0.00109954
0.00108753
0.00107556
0.0010636
0.00105167
0.00103974
0.00102785
0.00101596
0.0010041
0.000992251
0.000980425
0.000968608
0.000956813
0.000945028
0.000933263
0.000921506
0.000909768
0.000898037
0.000886323
0.000874615
0.000862922
0.000851234
0.00083956
0.000827891
0.000816237
0.000804589
0.000792956
0.000781332
0.000769726
0.000758132
0.000746558
0.000734998
0.000723462
0.000711941
0.000700443
0.000688962
0.000677503
0.000666059
0.000654635
0.000643222
0.000631825
0.000620436
0.000609059
0.000597686
0.000586321
0.000574955
0.000563596
0.000552232
0.000540873
0.000529506
0.000518144
0.000506773
0.000495407
0.000484031
0.00047266
0.000461279
0.000449904
0.000438518
0.000427139
0.00041575
0.000404369
0.000392978
0.000381595
0.000370202
0.000358817
0.000347424
0.000336038
0.000324644
0.000313258
0.000301864
0.000290477
0.000279083
0.000267696
0.000256302
0.000244915
0.000233521
0.000222134
0.000210739
0.000199353
0.000187958
0.000176572
0.000165177
0.00015379
0.000142396
0.000131009
0.000119614
0.000108228
9.68331e-05
8.54462e-05
7.40519e-05
6.26647e-05
5.1271e-05
3.98821e-05
2.84898e-05
1.70856e-05
5.69811e-06
0.00307297
0.00283794
0.00285974
0.00275585
0.0027406
0.00268704
0.00266075
0.0026238
0.00259603
0.00256578
0.00253906
0.0025122
0.00248699
0.00246225
0.00243846
0.00241524
0.00239268
0.00237065
0.00234913
0.00232807
0.00230744
0.0022872
0.00226734
0.00224781
0.00222862
0.00220971
0.00219111
0.00217274
0.00215468
0.00213679
0.0021192
0.00210175
0.00208458
0.00206753
0.00205075
0.00203406
0.00201762
0.00200127
0.00198516
0.00196911
0.00195329
0.00193752
0.00192197
0.00190647
0.00189117
0.00187591
0.00186085
0.00184581
0.00183097
0.00181615
0.0018015
0.00178688
0.00177243
0.00175799
0.00174371
0.00172945
0.00171534
0.00170125
0.00168729
0.00167335
0.00165954
0.00164575
0.00163208
0.00161842
0.00160488
0.00159135
0.00157794
0.00156453
0.00155123
0.00153795
0.00152475
0.00151158
0.00149848
0.00148542
0.00147242
0.00145945
0.00144655
0.00143367
0.00142085
0.00140806
0.00139533
0.00138263
0.00136997
0.00135734
0.00134477
0.00133221
0.00131971
0.00130722
0.00129478
0.00128236
0.00126999
0.00125763
0.00124532
0.00123302
0.00122076
0.00120852
0.00119632
0.00118413
0.00117198
0.00115984
0.00114774
0.00113565
0.00112359
0.00111155
0.00109954
0.00108753
0.00107556
0.0010636
0.00105167
0.00103974
0.00102785
0.00101596
0.0010041
0.000992251
0.000980425
0.000968608
0.000956813
0.000945028
0.000933263
0.000921506
0.000909768
0.000898037
0.000886323
0.000874615
0.000862922
0.000851234
0.00083956
0.000827891
0.000816237
0.000804589
0.000792956
0.000781332
0.000769726
0.000758132
0.000746558
0.000734998
0.000723461
0.000711941
0.000700443
0.000688962
0.000677503
0.000666059
0.000654635
0.000643222
0.000631825
0.000620436
0.000609059
0.000597686
0.000586321
0.000574955
0.000563596
0.000552232
0.000540873
0.000529506
0.000518144
0.000506773
0.000495407
0.000484031
0.00047266
0.000461279
0.000449904
0.000438518
0.000427139
0.00041575
0.000404369
0.000392978
0.000381595
0.000370202
0.000358817
0.000347424
0.000336038
0.000324644
0.000313258
0.000301864
0.000290477
0.000279083
0.000267696
0.000256302
0.000244915
0.000233521
0.000222134
0.000210739
0.000199353
0.000187958
0.000176572
0.000165177
0.00015379
0.000142396
0.000131009
0.000119614
0.000108228
9.68331e-05
8.54462e-05
7.40519e-05
6.26647e-05
5.1271e-05
3.98821e-05
2.84898e-05
1.70857e-05
5.6982e-06
0.00307329
0.0028378
0.00285968
0.00275581
0.00274058
0.00268703
0.00266073
0.00262379
0.00259603
0.00256577
0.00253905
0.0025122
0.00248699
0.00246225
0.00243846
0.00241524
0.00239268
0.00237064
0.00234913
0.00232806
0.00230744
0.0022872
0.00226734
0.00224781
0.00222862
0.00220971
0.00219111
0.00217274
0.00215468
0.00213679
0.0021192
0.00210175
0.00208458
0.00206753
0.00205075
0.00203406
0.00201762
0.00200127
0.00198516
0.00196911
0.00195329
0.00193752
0.00192197
0.00190647
0.00189117
0.00187591
0.00186085
0.00184581
0.00183097
0.00181615
0.0018015
0.00178688
0.00177243
0.00175799
0.00174371
0.00172945
0.00171534
0.00170125
0.00168729
0.00167335
0.00165954
0.00164575
0.00163208
0.00161842
0.00160488
0.00159135
0.00157793
0.00156453
0.00155123
0.00153795
0.00152475
0.00151158
0.00149848
0.00148542
0.00147242
0.00145945
0.00144655
0.00143367
0.00142085
0.00140806
0.00139533
0.00138263
0.00136997
0.00135734
0.00134477
0.00133221
0.00131971
0.00130722
0.00129478
0.00128236
0.00126999
0.00125763
0.00124532
0.00123302
0.00122076
0.00120852
0.00119632
0.00118413
0.00117198
0.00115984
0.00114774
0.00113565
0.00112359
0.00111155
0.00109954
0.00108753
0.00107556
0.0010636
0.00105167
0.00103974
0.00102785
0.00101596
0.0010041
0.000992251
0.000980425
0.000968608
0.000956813
0.000945027
0.000933262
0.000921506
0.000909768
0.000898037
0.000886323
0.000874615
0.000862922
0.000851234
0.00083956
0.000827891
0.000816237
0.000804589
0.000792956
0.000781332
0.000769726
0.000758131
0.000746558
0.000734998
0.000723461
0.00071194
0.000700443
0.000688962
0.000677503
0.000666059
0.000654635
0.000643222
0.000631825
0.000620436
0.000609059
0.000597686
0.000586321
0.000574955
0.000563596
0.000552232
0.000540873
0.000529506
0.000518144
0.000506773
0.000495407
0.000484031
0.00047266
0.000461279
0.000449904
0.000438518
0.000427139
0.00041575
0.000404369
0.000392978
0.000381595
0.000370202
0.000358817
0.000347424
0.000336038
0.000324644
0.000313258
0.000301864
0.000290477
0.000279083
0.000267696
0.000256302
0.000244915
0.000233521
0.000222134
0.000210739
0.000199353
0.000187958
0.000176572
0.000165177
0.00015379
0.000142396
0.000131009
0.000119614
0.000108228
9.68331e-05
8.54462e-05
7.40519e-05
6.26647e-05
5.1271e-05
3.98821e-05
2.84898e-05
1.70859e-05
5.69844e-06
0.00307371
0.00283762
0.00285959
0.00275576
0.00274054
0.00268701
0.00266072
0.00262378
0.00259602
0.00256576
0.00253905
0.00251219
0.00248698
0.00246224
0.00243846
0.00241524
0.00239267
0.00237064
0.00234912
0.00232806
0.00230744
0.00228719
0.00226734
0.0022478
0.00222862
0.0022097
0.00219111
0.00217274
0.00215467
0.00213679
0.00211919
0.00210175
0.00208458
0.00206753
0.00205074
0.00203406
0.00201762
0.00200127
0.00198515
0.0019691
0.00195329
0.00193752
0.00192197
0.00190647
0.00189117
0.00187591
0.00186085
0.00184581
0.00183097
0.00181615
0.0018015
0.00178688
0.00177243
0.00175799
0.00174371
0.00172945
0.00171534
0.00170125
0.00168729
0.00167335
0.00165954
0.00164575
0.00163208
0.00161842
0.00160488
0.00159135
0.00157793
0.00156453
0.00155123
0.00153795
0.00152475
0.00151158
0.00149848
0.00148542
0.00147242
0.00145945
0.00144655
0.00143367
0.00142085
0.00140806
0.00139533
0.00138263
0.00136997
0.00135734
0.00134477
0.00133221
0.00131971
0.00130722
0.00129478
0.00128236
0.00126999
0.00125763
0.00124532
0.00123302
0.00122076
0.00120852
0.00119632
0.00118413
0.00117198
0.00115984
0.00114774
0.00113565
0.00112359
0.00111155
0.00109954
0.00108753
0.00107556
0.0010636
0.00105167
0.00103974
0.00102785
0.00101596
0.0010041
0.000992251
0.000980425
0.000968607
0.000956813
0.000945027
0.000933262
0.000921506
0.000909768
0.000898037
0.000886323
0.000874615
0.000862922
0.000851234
0.00083956
0.000827891
0.000816237
0.000804588
0.000792956
0.000781332
0.000769726
0.000758131
0.000746558
0.000734998
0.000723461
0.00071194
0.000700443
0.000688962
0.000677503
0.000666059
0.000654635
0.000643222
0.000631825
0.000620436
0.000609059
0.000597686
0.000586321
0.000574955
0.000563596
0.000552232
0.000540873
0.000529506
0.000518144
0.000506773
0.000495407
0.000484031
0.00047266
0.000461279
0.000449904
0.000438518
0.00042714
0.00041575
0.000404369
0.000392978
0.000381595
0.000370202
0.000358817
0.000347424
0.000336038
0.000324644
0.000313258
0.000301864
0.000290477
0.000279083
0.000267696
0.000256302
0.000244915
0.000233521
0.000222134
0.000210739
0.000199353
0.000187958
0.000176572
0.000165177
0.00015379
0.000142396
0.000131009
0.000119614
0.000108228
9.68331e-05
8.54462e-05
7.40519e-05
6.26647e-05
5.1271e-05
3.98822e-05
2.84898e-05
1.70863e-05
5.6988e-06
0.00307423
0.00283739
0.00285949
0.0027557
0.0027405
0.00268698
0.0026607
0.00262377
0.002596
0.00256575
0.00253904
0.00251218
0.00248698
0.00246224
0.00243845
0.00241523
0.00239267
0.00237064
0.00234912
0.00232806
0.00230743
0.00228719
0.00226734
0.0022478
0.00222862
0.0022097
0.00219111
0.00217274
0.00215467
0.00213679
0.00211919
0.00210175
0.00208458
0.00206753
0.00205074
0.00203406
0.00201762
0.00200127
0.00198515
0.0019691
0.00195329
0.00193752
0.00192197
0.00190647
0.00189117
0.00187591
0.00186085
0.00184581
0.00183097
0.00181614
0.0018015
0.00178688
0.00177243
0.00175799
0.00174371
0.00172945
0.00171534
0.00170124
0.00168729
0.00167335
0.00165954
0.00164575
0.00163208
0.00161842
0.00160488
0.00159135
0.00157793
0.00156453
0.00155123
0.00153795
0.00152475
0.00151158
0.00149848
0.00148542
0.00147242
0.00145945
0.00144655
0.00143367
0.00142085
0.00140806
0.00139533
0.00138262
0.00136997
0.00135734
0.00134477
0.00133221
0.00131971
0.00130722
0.00129478
0.00128236
0.00126999
0.00125763
0.00124532
0.00123302
0.00122076
0.00120852
0.00119632
0.00118413
0.00117198
0.00115984
0.00114774
0.00113565
0.00112359
0.00111155
0.00109954
0.00108753
0.00107556
0.0010636
0.00105167
0.00103974
0.00102785
0.00101596
0.0010041
0.000992251
0.000980424
0.000968607
0.000956813
0.000945027
0.000933262
0.000921506
0.000909768
0.000898037
0.000886323
0.000874615
0.000862922
0.000851234
0.00083956
0.000827891
0.000816237
0.000804588
0.000792956
0.000781332
0.000769726
0.000758131
0.000746557
0.000734998
0.000723461
0.00071194
0.000700443
0.000688962
0.000677503
0.000666059
0.000654634
0.000643222
0.000631825
0.000620436
0.000609059
0.000597686
0.000586321
0.000574955
0.000563596
0.000552232
0.000540873
0.000529506
0.000518144
0.000506773
0.000495407
0.000484031
0.00047266
0.000461279
0.000449904
0.000438518
0.00042714
0.00041575
0.000404369
0.000392978
0.000381595
0.000370202
0.000358817
0.000347424
0.000336038
0.000324644
0.000313258
0.000301864
0.000290477
0.000279083
0.000267696
0.000256302
0.000244915
0.000233521
0.000222134
0.000210739
0.000199353
0.000187958
0.000176572
0.000165177
0.00015379
0.000142396
0.000131009
0.000119614
0.000108228
9.68331e-05
8.54462e-05
7.40519e-05
6.26647e-05
5.1271e-05
3.98822e-05
2.84899e-05
1.70868e-05
5.69928e-06
0.00307486
0.00283712
0.00285937
0.00275563
0.00274046
0.00268695
0.00266068
0.00262375
0.00259599
0.00256574
0.00253903
0.00251217
0.00248697
0.00246223
0.00243844
0.00241522
0.00239266
0.00237063
0.00234911
0.00232805
0.00230743
0.00228719
0.00226733
0.0022478
0.00222861
0.0022097
0.00219111
0.00217274
0.00215467
0.00213679
0.00211919
0.00210175
0.00208457
0.00206753
0.00205074
0.00203405
0.00201762
0.00200127
0.00198515
0.0019691
0.00195328
0.00193752
0.00192197
0.00190646
0.00189117
0.00187591
0.00186085
0.00184581
0.00183097
0.00181614
0.0018015
0.00178688
0.00177243
0.00175799
0.00174371
0.00172945
0.00171534
0.00170124
0.00168729
0.00167335
0.00165954
0.00164575
0.00163207
0.00161842
0.00160488
0.00159135
0.00157793
0.00156453
0.00155123
0.00153795
0.00152475
0.00151158
0.00149848
0.00148541
0.00147242
0.00145945
0.00144655
0.00143367
0.00142085
0.00140806
0.00139533
0.00138262
0.00136997
0.00135734
0.00134477
0.00133221
0.00131971
0.00130722
0.00129478
0.00128236
0.00126999
0.00125763
0.00124532
0.00123302
0.00122076
0.00120852
0.00119632
0.00118413
0.00117198
0.00115984
0.00114774
0.00113565
0.00112359
0.00111155
0.00109954
0.00108753
0.00107556
0.0010636
0.00105167
0.00103974
0.00102785
0.00101596
0.0010041
0.000992251
0.000980424
0.000968607
0.000956813
0.000945027
0.000933262
0.000921506
0.000909768
0.000898037
0.000886323
0.000874615
0.000862922
0.000851234
0.00083956
0.000827891
0.000816237
0.000804588
0.000792956
0.000781332
0.000769726
0.000758131
0.000746557
0.000734998
0.000723461
0.00071194
0.000700443
0.000688961
0.000677503
0.000666058
0.000654634
0.000643221
0.000631825
0.000620436
0.000609059
0.000597686
0.000586321
0.000574955
0.000563596
0.000552232
0.000540873
0.000529506
0.000518144
0.000506773
0.000495407
0.000484031
0.00047266
0.000461279
0.000449904
0.000438518
0.00042714
0.00041575
0.000404369
0.000392978
0.000381595
0.000370202
0.000358817
0.000347424
0.000336038
0.000324644
0.000313258
0.000301864
0.000290477
0.000279083
0.000267696
0.000256302
0.000244915
0.000233521
0.000222134
0.000210739
0.000199353
0.000187958
0.000176572
0.000165177
0.00015379
0.000142396
0.000131009
0.000119614
0.000108228
9.68331e-05
8.54462e-05
7.40519e-05
6.26647e-05
5.1271e-05
3.98822e-05
2.84899e-05
1.70873e-05
5.69985e-06
0.0030756
0.0028368
0.00285922
0.00275555
0.0027404
0.00268692
0.00266065
0.00262373
0.00259597
0.00256573
0.00253902
0.00251216
0.00248696
0.00246222
0.00243844
0.00241522
0.00239266
0.00237062
0.00234911
0.00232805
0.00230742
0.00228718
0.00226733
0.00224779
0.00222861
0.00220969
0.0021911
0.00217273
0.00215467
0.00213678
0.00211919
0.00210174
0.00208457
0.00206752
0.00205074
0.00203405
0.00201762
0.00200126
0.00198515
0.0019691
0.00195328
0.00193751
0.00192197
0.00190646
0.00189117
0.00187591
0.00186084
0.00184581
0.00183097
0.00181614
0.0018015
0.00178688
0.00177242
0.00175799
0.00174371
0.00172945
0.00171534
0.00170124
0.00168729
0.00167335
0.00165954
0.00164575
0.00163207
0.00161842
0.00160488
0.00159135
0.00157793
0.00156453
0.00155123
0.00153794
0.00152475
0.00151158
0.00149848
0.00148541
0.00147242
0.00145945
0.00144655
0.00143367
0.00142085
0.00140806
0.00139533
0.00138262
0.00136997
0.00135734
0.00134477
0.00133221
0.00131971
0.00130722
0.00129478
0.00128236
0.00126999
0.00125763
0.00124532
0.00123302
0.00122076
0.00120852
0.00119632
0.00118413
0.00117198
0.00115984
0.00114774
0.00113565
0.00112359
0.00111155
0.00109954
0.00108753
0.00107556
0.0010636
0.00105167
0.00103974
0.00102785
0.00101596
0.0010041
0.000992251
0.000980424
0.000968607
0.000956813
0.000945027
0.000933262
0.000921506
0.000909768
0.000898037
0.000886323
0.000874615
0.000862922
0.000851234
0.00083956
0.000827891
0.000816237
0.000804588
0.000792956
0.000781331
0.000769725
0.000758131
0.000746557
0.000734997
0.000723461
0.00071194
0.000700442
0.000688961
0.000677503
0.000666058
0.000654634
0.000643221
0.000631825
0.000620436
0.000609059
0.000597685
0.000586321
0.000574955
0.000563596
0.000552232
0.000540873
0.000529506
0.000518144
0.000506773
0.000495407
0.000484031
0.00047266
0.000461279
0.000449904
0.000438518
0.00042714
0.00041575
0.000404369
0.000392978
0.000381595
0.000370202
0.000358817
0.000347424
0.000336038
0.000324644
0.000313258
0.000301864
0.000290477
0.000279083
0.000267696
0.000256302
0.000244915
0.000233521
0.000222134
0.000210739
0.000199353
0.000187958
0.000176572
0.000165177
0.00015379
0.000142396
0.000131009
0.000119614
0.000108228
9.68331e-05
8.54462e-05
7.40519e-05
6.26647e-05
5.1271e-05
3.98822e-05
2.84899e-05
1.7088e-05
5.70052e-06
0.00307644
0.00283644
0.00285906
0.00275545
0.00274033
0.00268688
0.00266062
0.00262371
0.00259596
0.00256571
0.002539
0.00251215
0.00248695
0.00246221
0.00243843
0.00241521
0.00239265
0.00237062
0.0023491
0.00232804
0.00230742
0.00228718
0.00226732
0.00224779
0.00222861
0.00220969
0.0021911
0.00217273
0.00215466
0.00213678
0.00211919
0.00210174
0.00208457
0.00206752
0.00205074
0.00203405
0.00201762
0.00200126
0.00198515
0.0019691
0.00195328
0.00193751
0.00192197
0.00190646
0.00189117
0.0018759
0.00186084
0.00184581
0.00183096
0.00181614
0.0018015
0.00178688
0.00177242
0.00175799
0.00174371
0.00172945
0.00171534
0.00170124
0.00168729
0.00167335
0.00165954
0.00164574
0.00163207
0.00161842
0.00160488
0.00159135
0.00157793
0.00156453
0.00155123
0.00153794
0.00152475
0.00151158
0.00149848
0.00148541
0.00147242
0.00145945
0.00144654
0.00143367
0.00142085
0.00140806
0.00139533
0.00138262
0.00136997
0.00135734
0.00134477
0.00133221
0.00131971
0.00130722
0.00129478
0.00128236
0.00126999
0.00125763
0.00124532
0.00123302
0.00122076
0.00120852
0.00119632
0.00118413
0.00117198
0.00115984
0.00114774
0.00113565
0.00112359
0.00111155
0.00109954
0.00108753
0.00107556
0.0010636
0.00105167
0.00103974
0.00102785
0.00101596
0.0010041
0.000992251
0.000980424
0.000968607
0.000956812
0.000945027
0.000933262
0.000921506
0.000909768
0.000898037
0.000886323
0.000874615
0.000862922
0.000851234
0.00083956
0.000827891
0.000816236
0.000804588
0.000792955
0.000781331
0.000769725
0.000758131
0.000746557
0.000734997
0.00072346
0.00071194
0.000700442
0.000688961
0.000677502
0.000666058
0.000654634
0.000643221
0.000631825
0.000620436
0.000609059
0.000597685
0.000586321
0.000574955
0.000563596
0.000552232
0.000540873
0.000529506
0.000518144
0.000506773
0.000495407
0.000484031
0.00047266
0.000461279
0.000449904
0.000438518
0.00042714
0.00041575
0.000404369
0.000392978
0.000381595
0.000370202
0.000358817
0.000347424
0.000336038
0.000324644
0.000313258
0.000301864
0.000290477
0.000279083
0.000267696
0.000256302
0.000244915
0.000233521
0.000222134
0.000210739
0.000199353
0.000187958
0.000176572
0.000165177
0.00015379
0.000142396
0.000131009
0.000119614
0.000108228
9.68331e-05
8.54462e-05
7.40519e-05
6.26647e-05
5.1271e-05
3.98823e-05
2.849e-05
1.70887e-05
5.70127e-06
0.00307738
0.00283602
0.00285887
0.00275534
0.00274026
0.00268684
0.00266059
0.00262368
0.00259593
0.00256569
0.00253899
0.00251214
0.00248694
0.0024622
0.00243842
0.0024152
0.00239264
0.00237061
0.0023491
0.00232804
0.00230741
0.00228717
0.00226732
0.00224779
0.0022286
0.00220969
0.0021911
0.00217273
0.00215466
0.00213678
0.00211918
0.00210174
0.00208457
0.00206752
0.00205073
0.00203405
0.00201761
0.00200126
0.00198515
0.0019691
0.00195328
0.00193751
0.00192197
0.00190646
0.00189117
0.0018759
0.00186084
0.00184581
0.00183096
0.00181614
0.0018015
0.00178688
0.00177242
0.00175799
0.00174371
0.00172945
0.00171534
0.00170124
0.00168729
0.00167335
0.00165954
0.00164574
0.00163207
0.00161842
0.00160488
0.00159135
0.00157793
0.00156453
0.00155123
0.00153794
0.00152475
0.00151158
0.00149848
0.00148541
0.00147242
0.00145945
0.00144654
0.00143367
0.00142085
0.00140806
0.00139533
0.00138262
0.00136997
0.00135734
0.00134477
0.00133221
0.0013197
0.00130722
0.00129478
0.00128236
0.00126999
0.00125763
0.00124532
0.00123302
0.00122076
0.00120852
0.00119632
0.00118413
0.00117198
0.00115984
0.00114774
0.00113565
0.00112359
0.00111155
0.00109954
0.00108753
0.00107556
0.0010636
0.00105167
0.00103974
0.00102785
0.00101596
0.0010041
0.000992251
0.000980424
0.000968607
0.000956812
0.000945027
0.000933262
0.000921506
0.000909768
0.000898037
0.000886323
0.000874615
0.000862922
0.000851234
0.00083956
0.000827891
0.000816236
0.000804588
0.000792955
0.000781331
0.000769725
0.000758131
0.000746557
0.000734997
0.00072346
0.000711939
0.000700442
0.000688961
0.000677502
0.000666058
0.000654634
0.000643221
0.000631825
0.000620436
0.000609059
0.000597685
0.000586321
0.000574955
0.000563596
0.000552232
0.000540873
0.000529506
0.000518145
0.000506773
0.000495407
0.000484031
0.00047266
0.000461279
0.000449904
0.000438518
0.00042714
0.00041575
0.000404369
0.000392978
0.000381595
0.000370202
0.000358817
0.000347424
0.000336038
0.000324644
0.000313258
0.000301864
0.000290477
0.000279083
0.000267696
0.000256302
0.000244915
0.000233521
0.000222134
0.000210739
0.000199353
0.000187958
0.000176572
0.000165177
0.00015379
0.000142396
0.000131009
0.000119614
0.000108228
9.6833e-05
8.54462e-05
7.40519e-05
6.26647e-05
5.1271e-05
3.98823e-05
2.849e-05
1.70895e-05
5.70209e-06
0.00307843
0.00283556
0.00285866
0.00275521
0.00274018
0.00268679
0.00266055
0.00262366
0.00259591
0.00256567
0.00253897
0.00251212
0.00248692
0.00246219
0.00243841
0.00241519
0.00239263
0.0023706
0.00234909
0.00232803
0.00230741
0.00228717
0.00226731
0.00224778
0.0022286
0.00220968
0.00219109
0.00217272
0.00215466
0.00213677
0.00211918
0.00210173
0.00208456
0.00206752
0.00205073
0.00203405
0.00201761
0.00200126
0.00198514
0.00196909
0.00195328
0.00193751
0.00192196
0.00190646
0.00189116
0.0018759
0.00186084
0.00184581
0.00183096
0.00181614
0.0018015
0.00178687
0.00177242
0.00175798
0.00174371
0.00172945
0.00171534
0.00170124
0.00168729
0.00167335
0.00165954
0.00164574
0.00163207
0.00161842
0.00160488
0.00159135
0.00157793
0.00156453
0.00155123
0.00153794
0.00152475
0.00151157
0.00149848
0.00148541
0.00147242
0.00145945
0.00144654
0.00143367
0.00142085
0.00140806
0.00139533
0.00138262
0.00136997
0.00135734
0.00134477
0.00133221
0.0013197
0.00130722
0.00129478
0.00128236
0.00126999
0.00125763
0.00124532
0.00123302
0.00122076
0.00120852
0.00119632
0.00118413
0.00117198
0.00115984
0.00114774
0.00113565
0.00112359
0.00111155
0.00109954
0.00108753
0.00107556
0.0010636
0.00105167
0.00103974
0.00102785
0.00101596
0.0010041
0.00099225
0.000980424
0.000968607
0.000956812
0.000945027
0.000933262
0.000921505
0.000909767
0.000898037
0.000886323
0.000874615
0.000862922
0.000851234
0.00083956
0.000827891
0.000816236
0.000804588
0.000792955
0.000781331
0.000769725
0.00075813
0.000746557
0.000734997
0.00072346
0.000711939
0.000700442
0.000688961
0.000677502
0.000666058
0.000654634
0.000643221
0.000631825
0.000620435
0.000609059
0.000597685
0.000586321
0.000574955
0.000563596
0.000552232
0.000540873
0.000529506
0.000518145
0.000506773
0.000495407
0.000484031
0.00047266
0.000461279
0.000449904
0.000438518
0.00042714
0.00041575
0.000404369
0.000392978
0.000381595
0.000370202
0.000358817
0.000347424
0.000336038
0.000324644
0.000313258
0.000301864
0.000290477
0.000279083
0.000267696
0.000256302
0.000244915
0.000233521
0.000222134
0.000210739
0.000199353
0.000187958
0.000176572
0.000165177
0.00015379
0.000142396
0.000131009
0.000119614
0.000108228
9.6833e-05
8.54462e-05
7.40519e-05
6.26647e-05
5.1271e-05
3.98824e-05
2.849e-05
1.70904e-05
5.70295e-06
0.00307959
0.00283505
0.00285843
0.00275508
0.00274009
0.00268673
0.00266051
0.00262363
0.00259589
0.00256565
0.00253895
0.00251211
0.00248691
0.00246218
0.0024384
0.00241518
0.00239262
0.00237059
0.00234908
0.00232802
0.0023074
0.00228716
0.00226731
0.00224777
0.00222859
0.00220968
0.00219109
0.00217272
0.00215465
0.00213677
0.00211918
0.00210173
0.00208456
0.00206751
0.00205073
0.00203404
0.00201761
0.00200125
0.00198514
0.00196909
0.00195327
0.00193751
0.00192196
0.00190646
0.00189116
0.0018759
0.00186084
0.0018458
0.00183096
0.00181614
0.0018015
0.00178687
0.00177242
0.00175798
0.00174371
0.00172945
0.00171534
0.00170124
0.00168728
0.00167334
0.00165954
0.00164574
0.00163207
0.00161842
0.00160487
0.00159135
0.00157793
0.00156453
0.00155123
0.00153794
0.00152475
0.00151157
0.00149848
0.00148541
0.00147242
0.00145945
0.00144654
0.00143367
0.00142085
0.00140806
0.00139533
0.00138262
0.00136997
0.00135734
0.00134477
0.00133221
0.0013197
0.00130722
0.00129478
0.00128236
0.00126999
0.00125763
0.00124532
0.00123302
0.00122076
0.00120852
0.00119632
0.00118413
0.00117198
0.00115984
0.00114774
0.00113565
0.00112359
0.00111155
0.00109953
0.00108753
0.00107556
0.0010636
0.00105167
0.00103974
0.00102785
0.00101596
0.0010041
0.00099225
0.000980424
0.000968607
0.000956812
0.000945027
0.000933262
0.000921505
0.000909767
0.000898037
0.000886323
0.000874615
0.000862922
0.000851234
0.00083956
0.000827891
0.000816236
0.000804588
0.000792955
0.000781331
0.000769725
0.00075813
0.000746556
0.000734997
0.00072346
0.000711939
0.000700442
0.00068896
0.000677502
0.000666058
0.000654634
0.000643221
0.000631824
0.000620435
0.000609059
0.000597685
0.000586321
0.000574955
0.000563596
0.000552232
0.000540873
0.000529506
0.000518145
0.000506773
0.000495408
0.000484031
0.00047266
0.000461279
0.000449904
0.000438518
0.00042714
0.00041575
0.000404369
0.000392978
0.000381595
0.000370202
0.000358817
0.000347424
0.000336038
0.000324644
0.000313258
0.000301864
0.000290477
0.000279083
0.000267696
0.000256302
0.000244915
0.000233521
0.000222134
0.000210739
0.000199353
0.000187958
0.000176572
0.000165177
0.00015379
0.000142396
0.000131009
0.000119614
0.000108228
9.6833e-05
8.54462e-05
7.40519e-05
6.26647e-05
5.1271e-05
3.98824e-05
2.84901e-05
1.70913e-05
5.70385e-06
0.00308086
0.0028345
0.00285818
0.00275493
0.00274
0.00268668
0.00266047
0.00262359
0.00259586
0.00256563
0.00253893
0.00251209
0.00248689
0.00246216
0.00243838
0.00241517
0.00239261
0.00237058
0.00234907
0.00232801
0.00230739
0.00228715
0.0022673
0.00224777
0.00222859
0.00220967
0.00219108
0.00217271
0.00215465
0.00213677
0.00211917
0.00210173
0.00208456
0.00206751
0.00205073
0.00203404
0.00201761
0.00200125
0.00198514
0.00196909
0.00195327
0.00193751
0.00192196
0.00190645
0.00189116
0.0018759
0.00186084
0.0018458
0.00183096
0.00181614
0.00180149
0.00178687
0.00177242
0.00175798
0.00174371
0.00172944
0.00171533
0.00170124
0.00168728
0.00167334
0.00165954
0.00164574
0.00163207
0.00161842
0.00160487
0.00159135
0.00157793
0.00156453
0.00155122
0.00153794
0.00152475
0.00151157
0.00149848
0.00148541
0.00147242
0.00145945
0.00144654
0.00143367
0.00142085
0.00140806
0.00139533
0.00138262
0.00136997
0.00135734
0.00134476
0.00133221
0.0013197
0.00130722
0.00129478
0.00128236
0.00126999
0.00125763
0.00124532
0.00123302
0.00122076
0.00120852
0.00119632
0.00118413
0.00117198
0.00115984
0.00114774
0.00113565
0.00112359
0.00111155
0.00109953
0.00108753
0.00107556
0.0010636
0.00105167
0.00103974
0.00102785
0.00101596
0.0010041
0.00099225
0.000980423
0.000968606
0.000956812
0.000945026
0.000933262
0.000921505
0.000909767
0.000898037
0.000886323
0.000874615
0.000862921
0.000851233
0.00083956
0.000827891
0.000816236
0.000804588
0.000792955
0.000781331
0.000769725
0.00075813
0.000746556
0.000734997
0.00072346
0.000711939
0.000700441
0.00068896
0.000677502
0.000666057
0.000654633
0.000643221
0.000631824
0.000620435
0.000609059
0.000597685
0.000586321
0.000574955
0.000563596
0.000552232
0.000540873
0.000529506
0.000518145
0.000506773
0.000495408
0.000484031
0.00047266
0.000461279
0.000449904
0.000438518
0.00042714
0.00041575
0.000404369
0.000392978
0.000381595
0.000370202
0.000358817
0.000347424
0.000336038
0.000324644
0.000313258
0.000301864
0.000290477
0.000279083
0.000267696
0.000256302
0.000244915
0.000233521
0.000222134
0.000210739
0.000199353
0.000187958
0.000176572
0.000165177
0.00015379
0.000142396
0.000131009
0.000119614
0.000108228
9.6833e-05
8.54462e-05
7.40519e-05
6.26647e-05
5.1271e-05
3.98824e-05
2.84901e-05
1.70922e-05
5.70478e-06
0.00308223
0.00283389
0.0028579
0.00275477
0.00273989
0.00268661
0.00266042
0.00262355
0.00259583
0.0025656
0.00253891
0.00251207
0.00248688
0.00246215
0.00243837
0.00241516
0.0023926
0.00237057
0.00234906
0.002328
0.00230738
0.00228714
0.00226729
0.00224776
0.00222858
0.00220967
0.00219108
0.00217271
0.00215464
0.00213676
0.00211917
0.00210172
0.00208455
0.00206751
0.00205072
0.00203404
0.0020176
0.00200125
0.00198514
0.00196909
0.00195327
0.0019375
0.00192196
0.00190645
0.00189116
0.0018759
0.00186084
0.0018458
0.00183096
0.00181613
0.00180149
0.00178687
0.00177242
0.00175798
0.0017437
0.00172944
0.00171533
0.00170124
0.00168728
0.00167334
0.00165953
0.00164574
0.00163207
0.00161841
0.00160487
0.00159135
0.00157793
0.00156453
0.00155122
0.00153794
0.00152474
0.00151157
0.00149848
0.00148541
0.00147242
0.00145945
0.00144654
0.00143367
0.00142085
0.00140806
0.00139533
0.00138262
0.00136997
0.00135734
0.00134476
0.00133221
0.0013197
0.00130722
0.00129478
0.00128236
0.00126999
0.00125763
0.00124531
0.00123302
0.00122076
0.00120852
0.00119632
0.00118413
0.00117198
0.00115984
0.00114774
0.00113565
0.00112359
0.00111155
0.00109953
0.00108753
0.00107556
0.0010636
0.00105167
0.00103974
0.00102785
0.00101596
0.0010041
0.00099225
0.000980423
0.000968606
0.000956812
0.000945026
0.000933261
0.000921505
0.000909767
0.000898037
0.000886322
0.000874614
0.000862921
0.000851233
0.000839559
0.000827891
0.000816236
0.000804588
0.000792955
0.000781331
0.000769725
0.00075813
0.000746556
0.000734996
0.000723459
0.000711939
0.000700441
0.00068896
0.000677501
0.000666057
0.000654633
0.00064322
0.000631824
0.000620435
0.000609059
0.000597685
0.000586321
0.000574955
0.000563596
0.000552232
0.000540873
0.000529506
0.000518145
0.000506773
0.000495408
0.000484031
0.00047266
0.000461279
0.000449904
0.000438518
0.00042714
0.00041575
0.000404369
0.000392978
0.000381595
0.000370202
0.000358817
0.000347424
0.000336038
0.000324644
0.000313258
0.000301864
0.000290477
0.000279083
0.000267696
0.000256302
0.000244915
0.000233521
0.000222134
0.000210739
0.000199353
0.000187958
0.000176572
0.000165177
0.00015379
0.000142396
0.000131009
0.000119614
0.000108228
9.6833e-05
8.54462e-05
7.40519e-05
6.26647e-05
5.1271e-05
3.98825e-05
2.84902e-05
1.70931e-05
5.70571e-06
0.00308372
0.00283323
0.0028576
0.0027546
0.00273978
0.00268655
0.00266037
0.00262351
0.00259579
0.00256557
0.00253889
0.00251205
0.00248686
0.00246213
0.00243835
0.00241514
0.00239259
0.00237056
0.00234905
0.00232799
0.00230737
0.00228714
0.00226729
0.00224775
0.00222857
0.00220966
0.00219107
0.0021727
0.00215464
0.00213676
0.00211916
0.00210172
0.00208455
0.0020675
0.00205072
0.00203403
0.0020176
0.00200125
0.00198513
0.00196909
0.00195327
0.0019375
0.00192196
0.00190645
0.00189116
0.00187589
0.00186083
0.0018458
0.00183096
0.00181613
0.00180149
0.00178687
0.00177242
0.00175798
0.0017437
0.00172944
0.00171533
0.00170124
0.00168728
0.00167334
0.00165953
0.00164574
0.00163207
0.00161841
0.00160487
0.00159135
0.00157793
0.00156453
0.00155122
0.00153794
0.00152474
0.00151157
0.00149848
0.00148541
0.00147241
0.00145945
0.00144654
0.00143366
0.00142085
0.00140806
0.00139533
0.00138262
0.00136997
0.00135734
0.00134476
0.00133221
0.0013197
0.00130722
0.00129478
0.00128236
0.00126999
0.00125763
0.00124531
0.00123302
0.00122076
0.00120852
0.00119632
0.00118413
0.00117198
0.00115984
0.00114774
0.00113565
0.00112359
0.00111155
0.00109953
0.00108753
0.00107556
0.0010636
0.00105167
0.00103974
0.00102785
0.00101596
0.0010041
0.00099225
0.000980423
0.000968606
0.000956811
0.000945026
0.000933261
0.000921505
0.000909767
0.000898036
0.000886322
0.000874614
0.000862921
0.000851233
0.000839559
0.00082789
0.000816236
0.000804587
0.000792955
0.00078133
0.000769724
0.00075813
0.000746556
0.000734996
0.000723459
0.000711938
0.000700441
0.00068896
0.000677501
0.000666057
0.000654633
0.00064322
0.000631824
0.000620435
0.000609059
0.000597685
0.000586321
0.000574955
0.000563596
0.000552232
0.000540873
0.000529506
0.000518145
0.000506774
0.000495408
0.000484031
0.00047266
0.000461279
0.000449904
0.000438518
0.00042714
0.00041575
0.000404369
0.000392978
0.000381595
0.000370202
0.000358817
0.000347424
0.000336038
0.000324644
0.000313258
0.000301864
0.000290477
0.000279083
0.000267696
0.000256302
0.000244915
0.000233521
0.000222134
0.000210739
0.000199353
0.000187958
0.000176572
0.000165177
0.00015379
0.000142396
0.000131009
0.000119614
0.000108228
9.6833e-05
8.54462e-05
7.40519e-05
6.26647e-05
5.1271e-05
3.98825e-05
2.84902e-05
1.7094e-05
5.70663e-06
0.00308531
0.00283252
0.00285728
0.00275442
0.00273966
0.00268647
0.00266031
0.00262347
0.00259576
0.00256554
0.00253886
0.00251203
0.00248684
0.00246211
0.00243834
0.00241513
0.00239258
0.00237055
0.00234904
0.00232798
0.00230737
0.00228713
0.00226728
0.00224775
0.00222857
0.00220965
0.00219106
0.0021727
0.00215463
0.00213675
0.00211916
0.00210172
0.00208455
0.0020675
0.00205072
0.00203403
0.0020176
0.00200124
0.00198513
0.00196908
0.00195327
0.0019375
0.00192195
0.00190645
0.00189115
0.00187589
0.00186083
0.0018458
0.00183095
0.00181613
0.00180149
0.00178687
0.00177241
0.00175798
0.0017437
0.00172944
0.00171533
0.00170124
0.00168728
0.00167334
0.00165953
0.00164574
0.00163207
0.00161841
0.00160487
0.00159135
0.00157793
0.00156453
0.00155122
0.00153794
0.00152474
0.00151157
0.00149848
0.00148541
0.00147241
0.00145944
0.00144654
0.00143366
0.00142085
0.00140806
0.00139533
0.00138262
0.00136997
0.00135734
0.00134476
0.00133221
0.0013197
0.00130722
0.00129478
0.00128236
0.00126998
0.00125763
0.00124531
0.00123302
0.00122076
0.00120852
0.00119632
0.00118413
0.00117198
0.00115984
0.00114774
0.00113565
0.00112359
0.00111155
0.00109953
0.00108753
0.00107556
0.0010636
0.00105167
0.00103974
0.00102785
0.00101596
0.0010041
0.00099225
0.000980423
0.000968606
0.000956811
0.000945026
0.000933261
0.000921505
0.000909767
0.000898036
0.000886322
0.000874614
0.000862921
0.000851233
0.000839559
0.00082789
0.000816236
0.000804587
0.000792955
0.00078133
0.000769724
0.00075813
0.000746556
0.000734996
0.000723459
0.000711938
0.000700441
0.00068896
0.000677501
0.000666057
0.000654633
0.00064322
0.000631824
0.000620435
0.000609059
0.000597685
0.000586321
0.000574955
0.000563596
0.000552232
0.000540873
0.000529506
0.000518145
0.000506774
0.000495408
0.000484031
0.000472661
0.000461279
0.000449904
0.000438518
0.00042714
0.00041575
0.000404369
0.000392978
0.000381595
0.000370202
0.000358817
0.000347424
0.000336038
0.000324644
0.000313258
0.000301864
0.000290477
0.000279083
0.000267696
0.000256302
0.000244915
0.000233521
0.000222134
0.000210739
0.000199353
0.000187958
0.000176572
0.000165177
0.00015379
0.000142396
0.000131009
0.000119614
0.000108228
9.6833e-05
8.54462e-05
7.40519e-05
6.26647e-05
5.1271e-05
3.98826e-05
2.84902e-05
1.70949e-05
5.70754e-06
0.00308701
0.00283176
0.00285694
0.00275422
0.00273954
0.00268639
0.00266026
0.00262343
0.00259572
0.00256551
0.00253883
0.002512
0.00248682
0.00246209
0.00243832
0.00241511
0.00239256
0.00237054
0.00234903
0.00232797
0.00230736
0.00228712
0.00226727
0.00224774
0.00222856
0.00220965
0.00219106
0.00217269
0.00215463
0.00213675
0.00211915
0.00210171
0.00208454
0.0020675
0.00205071
0.00203403
0.00201759
0.00200124
0.00198513
0.00196908
0.00195326
0.0019375
0.00192195
0.00190645
0.00189115
0.00187589
0.00186083
0.0018458
0.00183095
0.00181613
0.00180149
0.00178687
0.00177241
0.00175798
0.0017437
0.00172944
0.00171533
0.00170123
0.00168728
0.00167334
0.00165953
0.00164574
0.00163207
0.00161841
0.00160487
0.00159135
0.00157793
0.00156453
0.00155122
0.00153794
0.00152474
0.00151157
0.00149848
0.00148541
0.00147241
0.00145944
0.00144654
0.00143366
0.00142085
0.00140806
0.00139533
0.00138262
0.00136997
0.00135734
0.00134476
0.00133221
0.0013197
0.00130722
0.00129478
0.00128236
0.00126998
0.00125763
0.00124531
0.00123301
0.00122076
0.00120852
0.00119632
0.00118413
0.00117198
0.00115984
0.00114774
0.00113565
0.00112359
0.00111155
0.00109953
0.00108753
0.00107556
0.0010636
0.00105167
0.00103974
0.00102785
0.00101596
0.0010041
0.000992249
0.000980423
0.000968606
0.000956811
0.000945026
0.000933261
0.000921505
0.000909767
0.000898036
0.000886322
0.000874614
0.000862921
0.000851233
0.000839559
0.00082789
0.000816236
0.000804587
0.000792954
0.00078133
0.000769724
0.000758129
0.000746555
0.000734996
0.000723459
0.000711938
0.000700441
0.000688959
0.000677501
0.000666057
0.000654633
0.00064322
0.000631824
0.000620435
0.000609059
0.000597685
0.000586321
0.000574955
0.000563596
0.000552232
0.000540873
0.000529506
0.000518145
0.000506774
0.000495408
0.000484031
0.000472661
0.000461279
0.000449904
0.000438518
0.00042714
0.000415751
0.000404369
0.000392978
0.000381595
0.000370202
0.000358817
0.000347424
0.000336038
0.000324644
0.000313258
0.000301864
0.000290477
0.000279083
0.000267696
0.000256302
0.000244915
0.000233521
0.000222134
0.000210739
0.000199353
0.000187958
0.000176572
0.000165177
0.00015379
0.000142396
0.000131009
0.000119614
0.000108228
9.6833e-05
8.54462e-05
7.40519e-05
6.26647e-05
5.1271e-05
3.98826e-05
2.84903e-05
1.70958e-05
5.70842e-06
0.00308883
0.00283094
0.00285657
0.00275401
0.0027394
0.00268631
0.00266019
0.00262338
0.00259568
0.00256548
0.00253881
0.00251198
0.0024868
0.00246208
0.00243831
0.0024151
0.00239255
0.00237053
0.00234902
0.00232796
0.00230735
0.00228711
0.00226726
0.00224773
0.00222855
0.00220964
0.00219105
0.00217269
0.00215462
0.00213674
0.00211915
0.00210171
0.00208454
0.00206749
0.00205071
0.00203402
0.00201759
0.00200124
0.00198513
0.00196908
0.00195326
0.00193749
0.00192195
0.00190644
0.00189115
0.00187589
0.00186083
0.00184579
0.00183095
0.00181613
0.00180149
0.00178686
0.00177241
0.00175798
0.0017437
0.00172944
0.00171533
0.00170123
0.00168728
0.00167334
0.00165953
0.00164574
0.00163207
0.00161841
0.00160487
0.00159135
0.00157793
0.00156453
0.00155122
0.00153794
0.00152474
0.00151157
0.00149848
0.00148541
0.00147241
0.00145944
0.00144654
0.00143366
0.00142085
0.00140806
0.00139533
0.00138262
0.00136997
0.00135734
0.00134476
0.00133221
0.0013197
0.00130721
0.00129478
0.00128236
0.00126998
0.00125763
0.00124531
0.00123301
0.00122076
0.00120852
0.00119632
0.00118413
0.00117198
0.00115984
0.00114774
0.00113565
0.00112359
0.00111155
0.00109953
0.00108753
0.00107556
0.0010636
0.00105167
0.00103974
0.00102785
0.00101596
0.0010041
0.000992249
0.000980423
0.000968606
0.000956811
0.000945026
0.000933261
0.000921504
0.000909767
0.000898036
0.000886322
0.000874614
0.000862921
0.000851233
0.000839559
0.00082789
0.000816235
0.000804587
0.000792954
0.00078133
0.000769724
0.000758129
0.000746555
0.000734996
0.000723459
0.000711938
0.00070044
0.000688959
0.000677501
0.000666057
0.000654633
0.00064322
0.000631824
0.000620435
0.000609058
0.000597685
0.000586321
0.000574955
0.000563596
0.000552232
0.000540873
0.000529506
0.000518145
0.000506774
0.000495408
0.000484031
0.000472661
0.000461279
0.000449904
0.000438518
0.00042714
0.000415751
0.000404369
0.000392978
0.000381595
0.000370202
0.000358817
0.000347424
0.000336038
0.000324644
0.000313258
0.000301864
0.000290477
0.000279083
0.000267696
0.000256302
0.000244915
0.000233521
0.000222134
0.000210739
0.000199353
0.000187958
0.000176572
0.000165177
0.00015379
0.000142396
0.000131009
0.000119614
0.000108228
9.6833e-05
8.54462e-05
7.40519e-05
6.26647e-05
5.12709e-05
3.98827e-05
2.84903e-05
1.70966e-05
5.70925e-06
0.00309075
0.00283007
0.00285617
0.00275379
0.00273926
0.00268622
0.00266013
0.00262333
0.00259564
0.00256544
0.00253878
0.00251195
0.00248677
0.00246206
0.00243829
0.00241508
0.00239254
0.00237051
0.00234901
0.00232795
0.00230734
0.0022871
0.00226725
0.00224773
0.00222855
0.00220963
0.00219105
0.00217268
0.00215462
0.00213674
0.00211915
0.0021017
0.00208453
0.00206749
0.00205071
0.00203402
0.00201759
0.00200124
0.00198512
0.00196907
0.00195326
0.00193749
0.00192195
0.00190644
0.00189115
0.00187589
0.00186083
0.00184579
0.00183095
0.00181613
0.00180149
0.00178686
0.00177241
0.00175797
0.0017437
0.00172944
0.00171533
0.00170123
0.00168728
0.00167334
0.00165953
0.00164574
0.00163206
0.00161841
0.00160487
0.00159134
0.00157793
0.00156453
0.00155122
0.00153794
0.00152474
0.00151157
0.00149848
0.00148541
0.00147241
0.00145944
0.00144654
0.00143366
0.00142085
0.00140806
0.00139533
0.00138262
0.00136997
0.00135734
0.00134476
0.00133221
0.0013197
0.00130721
0.00129478
0.00128236
0.00126998
0.00125763
0.00124531
0.00123301
0.00122076
0.00120852
0.00119632
0.00118413
0.00117198
0.00115984
0.00114774
0.00113565
0.00112359
0.00111155
0.00109953
0.00108753
0.00107556
0.0010636
0.00105167
0.00103974
0.00102785
0.00101596
0.0010041
0.000992249
0.000980422
0.000968605
0.000956811
0.000945026
0.000933261
0.000921504
0.000909766
0.000898036
0.000886322
0.000874614
0.000862921
0.000851233
0.000839559
0.00082789
0.000816235
0.000804587
0.000792954
0.00078133
0.000769724
0.000758129
0.000746555
0.000734995
0.000723459
0.000711938
0.00070044
0.000688959
0.000677501
0.000666056
0.000654633
0.00064322
0.000631824
0.000620435
0.000609058
0.000597685
0.000586321
0.000574955
0.000563596
0.000552232
0.000540873
0.000529506
0.000518145
0.000506774
0.000495408
0.000484031
0.000472661
0.000461279
0.000449904
0.000438518
0.00042714
0.000415751
0.000404369
0.000392978
0.000381595
0.000370202
0.000358817
0.000347424
0.000336038
0.000324644
0.000313258
0.000301864
0.000290477
0.000279083
0.000267696
0.000256302
0.000244915
0.000233521
0.000222134
0.000210739
0.000199353
0.000187958
0.000176572
0.000165177
0.00015379
0.000142396
0.000131009
0.000119614
0.000108228
9.6833e-05
8.54462e-05
7.40519e-05
6.26647e-05
5.12709e-05
3.98827e-05
2.84903e-05
1.70973e-05
5.71004e-06
0.00309279
0.00282914
0.00285575
0.00275355
0.00273911
0.00268613
0.00266006
0.00262327
0.0025956
0.00256541
0.00253874
0.00251192
0.00248675
0.00246203
0.00243827
0.00241507
0.00239252
0.0023705
0.00234899
0.00232794
0.00230733
0.00228709
0.00226725
0.00224772
0.00222854
0.00220963
0.00219104
0.00217267
0.00215461
0.00213673
0.00211914
0.0021017
0.00208453
0.00206749
0.0020507
0.00203402
0.00201758
0.00200123
0.00198512
0.00196907
0.00195326
0.00193749
0.00192194
0.00190644
0.00189115
0.00187589
0.00186082
0.00184579
0.00183095
0.00181613
0.00180148
0.00178686
0.00177241
0.00175797
0.0017437
0.00172944
0.00171533
0.00170123
0.00168728
0.00167334
0.00165953
0.00164573
0.00163206
0.00161841
0.00160487
0.00159134
0.00157792
0.00156452
0.00155122
0.00153794
0.00152474
0.00151157
0.00149848
0.00148541
0.00147241
0.00145944
0.00144654
0.00143366
0.00142085
0.00140806
0.00139533
0.00138262
0.00136997
0.00135734
0.00134476
0.00133221
0.0013197
0.00130721
0.00129478
0.00128236
0.00126998
0.00125763
0.00124531
0.00123301
0.00122076
0.00120852
0.00119632
0.00118413
0.00117198
0.00115984
0.00114774
0.00113565
0.00112359
0.00111155
0.00109953
0.00108753
0.00107556
0.0010636
0.00105166
0.00103974
0.00102785
0.00101596
0.0010041
0.000992249
0.000980422
0.000968605
0.000956811
0.000945025
0.000933261
0.000921504
0.000909766
0.000898036
0.000886322
0.000874614
0.000862921
0.000851233
0.000839559
0.00082789
0.000816235
0.000804587
0.000792954
0.00078133
0.000769724
0.000758129
0.000746555
0.000734995
0.000723458
0.000711937
0.00070044
0.000688959
0.0006775
0.000666056
0.000654632
0.00064322
0.000631824
0.000620435
0.000609058
0.000597685
0.00058632
0.000574955
0.000563596
0.000552232
0.000540873
0.000529506
0.000518145
0.000506774
0.000495408
0.000484031
0.000472661
0.000461279
0.000449904
0.000438518
0.00042714
0.000415751
0.000404369
0.000392978
0.000381595
0.000370202
0.000358817
0.000347424
0.000336038
0.000324644
0.000313258
0.000301864
0.000290477
0.000279083
0.000267696
0.000256302
0.000244915
0.000233521
0.000222134
0.000210739
0.000199353
0.000187958
0.000176572
0.000165177
0.00015379
0.000142396
0.000131009
0.000119614
0.000108228
9.6833e-05
8.54462e-05
7.40519e-05
6.26648e-05
5.12709e-05
3.98828e-05
2.84904e-05
1.7098e-05
5.71076e-06
0.00309495
0.00282816
0.0028553
0.00275331
0.00273895
0.00268603
0.00265999
0.00262322
0.00259555
0.00256537
0.00253871
0.0025119
0.00248673
0.00246201
0.00243825
0.00241505
0.00239251
0.00237049
0.00234898
0.00232793
0.00230732
0.00228708
0.00226724
0.00224771
0.00222853
0.00220962
0.00219104
0.00217267
0.00215461
0.00213673
0.00211914
0.00210169
0.00208453
0.00206748
0.0020507
0.00203401
0.00201758
0.00200123
0.00198512
0.00196907
0.00195325
0.00193749
0.00192194
0.00190644
0.00189114
0.00187588
0.00186082
0.00184579
0.00183095
0.00181612
0.00180148
0.00178686
0.00177241
0.00175797
0.0017437
0.00172944
0.00171533
0.00170123
0.00168728
0.00167334
0.00165953
0.00164573
0.00163206
0.00161841
0.00160487
0.00159134
0.00157792
0.00156452
0.00155122
0.00153794
0.00152474
0.00151157
0.00149847
0.00148541
0.00147241
0.00145944
0.00144654
0.00143366
0.00142085
0.00140806
0.00139533
0.00138262
0.00136997
0.00135734
0.00134476
0.0013322
0.0013197
0.00130721
0.00129478
0.00128236
0.00126998
0.00125762
0.00124531
0.00123301
0.00122076
0.00120852
0.00119631
0.00118413
0.00117198
0.00115984
0.00114774
0.00113565
0.00112359
0.00111154
0.00109953
0.00108753
0.00107556
0.0010636
0.00105166
0.00103974
0.00102785
0.00101596
0.0010041
0.000992249
0.000980422
0.000968605
0.000956811
0.000945025
0.00093326
0.000921504
0.000909766
0.000898036
0.000886322
0.000874614
0.000862921
0.000851233
0.000839559
0.00082789
0.000816235
0.000804587
0.000792954
0.00078133
0.000769724
0.000758129
0.000746555
0.000734995
0.000723458
0.000711937
0.00070044
0.000688959
0.0006775
0.000666056
0.000654632
0.00064322
0.000631824
0.000620435
0.000609058
0.000597685
0.00058632
0.000574955
0.000563596
0.000552232
0.000540873
0.000529506
0.000518145
0.000506774
0.000495408
0.000484031
0.000472661
0.000461279
0.000449904
0.000438518
0.00042714
0.000415751
0.000404369
0.000392978
0.000381595
0.000370202
0.000358817
0.000347424
0.000336038
0.000324644
0.000313258
0.000301864
0.000290477
0.000279083
0.000267696
0.000256302
0.000244915
0.000233521
0.000222134
0.000210739
0.000199353
0.000187958
0.000176572
0.000165177
0.00015379
0.000142396
0.000131009
0.000119614
0.000108228
9.6833e-05
8.54463e-05
7.40519e-05
6.26648e-05
5.12709e-05
3.98828e-05
2.84904e-05
1.70987e-05
5.71143e-06
0.00309721
0.00282712
0.00285482
0.00275305
0.00273879
0.00268593
0.00265991
0.00262316
0.00259551
0.00256533
0.00253868
0.00251187
0.0024867
0.00246199
0.00243823
0.00241503
0.00239249
0.00237047
0.00234897
0.00232792
0.00230731
0.00228708
0.00226723
0.0022477
0.00222853
0.00220962
0.00219103
0.00217266
0.0021546
0.00213672
0.00211913
0.00210169
0.00208452
0.00206748
0.0020507
0.00203401
0.00201758
0.00200123
0.00198511
0.00196907
0.00195325
0.00193749
0.00192194
0.00190644
0.00189114
0.00187588
0.00186082
0.00184579
0.00183094
0.00181612
0.00180148
0.00178686
0.00177241
0.00175797
0.00174369
0.00172943
0.00171532
0.00170123
0.00168727
0.00167333
0.00165953
0.00164573
0.00163206
0.00161841
0.00160487
0.00159134
0.00157792
0.00156452
0.00155122
0.00153794
0.00152474
0.00151157
0.00149847
0.00148541
0.00147241
0.00145944
0.00144654
0.00143366
0.00142085
0.00140806
0.00139533
0.00138262
0.00136997
0.00135734
0.00134476
0.0013322
0.0013197
0.00130721
0.00129478
0.00128236
0.00126998
0.00125762
0.00124531
0.00123301
0.00122076
0.00120852
0.00119631
0.00118413
0.00117198
0.00115984
0.00114774
0.00113565
0.00112359
0.00111154
0.00109953
0.00108753
0.00107556
0.0010636
0.00105166
0.00103974
0.00102785
0.00101596
0.0010041
0.000992249
0.000980422
0.000968605
0.00095681
0.000945025
0.00093326
0.000921504
0.000909766
0.000898036
0.000886322
0.000874614
0.000862921
0.000851233
0.000839559
0.00082789
0.000816235
0.000804587
0.000792954
0.00078133
0.000769723
0.000758129
0.000746555
0.000734995
0.000723458
0.000711937
0.00070044
0.000688959
0.0006775
0.000666056
0.000654632
0.00064322
0.000631823
0.000620435
0.000609058
0.000597685
0.00058632
0.000574955
0.000563596
0.000552232
0.000540873
0.000529506
0.000518145
0.000506774
0.000495408
0.000484031
0.000472661
0.000461279
0.000449904
0.000438518
0.00042714
0.000415751
0.000404369
0.000392978
0.000381595
0.000370202
0.000358817
0.000347424
0.000336038
0.000324644
0.000313258
0.000301864
0.000290477
0.000279083
0.000267696
0.000256302
0.000244915
0.000233521
0.000222134
0.000210739
0.000199353
0.000187958
0.000176572
0.000165177
0.00015379
0.000142396
0.000131009
0.000119614
0.000108228
9.6833e-05
8.54463e-05
7.40519e-05
6.26648e-05
5.12709e-05
3.98829e-05
2.84904e-05
1.70992e-05
5.71202e-06
0.00309959
0.00282602
0.00285431
0.00275278
0.00273862
0.00268583
0.00265983
0.0026231
0.00259546
0.00256529
0.00253865
0.00251184
0.00248668
0.00246197
0.00243821
0.00241502
0.00239248
0.00237046
0.00234896
0.00232791
0.0023073
0.00228707
0.00226722
0.00224769
0.00222852
0.00220961
0.00219102
0.00217266
0.0021546
0.00213672
0.00211913
0.00210169
0.00208452
0.00206747
0.00205069
0.00203401
0.00201758
0.00200122
0.00198511
0.00196907
0.00195325
0.00193748
0.00192194
0.00190643
0.00189114
0.00187588
0.00186082
0.00184579
0.00183094
0.00181612
0.00180148
0.00178686
0.00177241
0.00175797
0.00174369
0.00172943
0.00171532
0.00170123
0.00168727
0.00167333
0.00165953
0.00164573
0.00163206
0.00161841
0.00160487
0.00159134
0.00157792
0.00156452
0.00155122
0.00153794
0.00152474
0.00151157
0.00149847
0.00148541
0.00147241
0.00145944
0.00144654
0.00143366
0.00142085
0.00140806
0.00139533
0.00138262
0.00136997
0.00135734
0.00134476
0.0013322
0.0013197
0.00130721
0.00129478
0.00128236
0.00126998
0.00125762
0.00124531
0.00123301
0.00122076
0.00120852
0.00119631
0.00118413
0.00117198
0.00115984
0.00114774
0.00113565
0.00112359
0.00111154
0.00109953
0.00108753
0.00107556
0.0010636
0.00105166
0.00103974
0.00102785
0.00101596
0.0010041
0.000992248
0.000980422
0.000968605
0.00095681
0.000945025
0.00093326
0.000921504
0.000909766
0.000898035
0.000886321
0.000874614
0.00086292
0.000851233
0.000839559
0.00082789
0.000816235
0.000804587
0.000792954
0.00078133
0.000769723
0.000758129
0.000746555
0.000734995
0.000723458
0.000711937
0.00070044
0.000688959
0.0006775
0.000666056
0.000654632
0.00064322
0.000631823
0.000620435
0.000609058
0.000597685
0.00058632
0.000574955
0.000563596
0.000552232
0.000540873
0.000529506
0.000518145
0.000506774
0.000495408
0.000484031
0.000472661
0.000461279
0.000449904
0.000438518
0.00042714
0.000415751
0.000404369
0.000392978
0.000381595
0.000370202
0.000358817
0.000347424
0.000336038
0.000324644
0.000313258
0.000301864
0.000290477
0.000279083
0.000267696
0.000256302
0.000244915
0.000233521
0.000222134
0.000210739
0.000199353
0.000187958
0.000176572
0.000165177
0.00015379
0.000142396
0.000131009
0.000119614
0.000108228
9.6833e-05
8.54463e-05
7.40519e-05
6.26648e-05
5.12709e-05
3.98829e-05
2.84904e-05
1.70997e-05
5.71255e-06
0.00310209
0.00282485
0.00285378
0.0027525
0.00273844
0.00268572
0.00265975
0.00262304
0.00259541
0.00256525
0.00253861
0.00251181
0.00248665
0.00246195
0.00243819
0.002415
0.00239246
0.00237045
0.00234895
0.0023279
0.00230729
0.00228706
0.00226721
0.00224769
0.00222851
0.0022096
0.00219102
0.00217265
0.00215459
0.00213671
0.00211912
0.00210168
0.00208452
0.00206747
0.00205069
0.00203401
0.00201757
0.00200122
0.00198511
0.00196906
0.00195325
0.00193748
0.00192194
0.00190643
0.00189114
0.00187588
0.00186082
0.00184578
0.00183094
0.00181612
0.00180148
0.00178686
0.0017724
0.00175797
0.00174369
0.00172943
0.00171532
0.00170123
0.00168727
0.00167333
0.00165952
0.00164573
0.00163206
0.00161841
0.00160486
0.00159134
0.00157792
0.00156452
0.00155122
0.00153793
0.00152474
0.00151157
0.00149847
0.00148541
0.00147241
0.00145944
0.00144654
0.00143366
0.00142085
0.00140806
0.00139532
0.00138262
0.00136997
0.00135734
0.00134476
0.0013322
0.0013197
0.00130721
0.00129478
0.00128236
0.00126998
0.00125762
0.00124531
0.00123301
0.00122076
0.00120852
0.00119631
0.00118412
0.00117198
0.00115984
0.00114774
0.00113564
0.00112359
0.00111154
0.00109953
0.00108753
0.00107556
0.0010636
0.00105166
0.00103974
0.00102785
0.00101596
0.0010041
0.000992248
0.000980422
0.000968605
0.00095681
0.000945025
0.00093326
0.000921504
0.000909766
0.000898035
0.000886321
0.000874613
0.00086292
0.000851232
0.000839558
0.00082789
0.000816235
0.000804586
0.000792954
0.000781329
0.000769723
0.000758129
0.000746555
0.000734995
0.000723458
0.000711937
0.00070044
0.000688959
0.0006775
0.000666056
0.000654632
0.00064322
0.000631823
0.000620435
0.000609058
0.000597685
0.00058632
0.000574955
0.000563596
0.000552232
0.000540873
0.000529506
0.000518145
0.000506774
0.000495408
0.000484031
0.000472661
0.000461279
0.000449904
0.000438518
0.00042714
0.000415751
0.000404369
0.000392978
0.000381595
0.000370202
0.000358817
0.000347424
0.000336038
0.000324644
0.000313258
0.000301864
0.000290477
0.000279083
0.000267696
0.000256302
0.000244915
0.000233521
0.000222134
0.000210739
0.000199353
0.000187958
0.000176572
0.000165177
0.00015379
0.000142396
0.000131009
0.000119614
0.000108228
9.6833e-05
8.54463e-05
7.40519e-05
6.26648e-05
5.12709e-05
3.98829e-05
2.84904e-05
1.71001e-05
5.713e-06
0.0031047
0.00282362
0.00285321
0.0027522
0.00273825
0.00268561
0.00265967
0.00262298
0.00259536
0.00256521
0.00253858
0.00251178
0.00248663
0.00246193
0.00243818
0.00241498
0.00239245
0.00237043
0.00234894
0.00232789
0.00230728
0.00228705
0.00226721
0.00224768
0.00222851
0.0022096
0.00219101
0.00217265
0.00215459
0.00213671
0.00211912
0.00210168
0.00208451
0.00206747
0.00205069
0.002034
0.00201757
0.00200122
0.00198511
0.00196906
0.00195324
0.00193748
0.00192193
0.00190643
0.00189114
0.00187588
0.00186082
0.00184578
0.00183094
0.00181612
0.00180148
0.00178686
0.0017724
0.00175797
0.00174369
0.00172943
0.00171532
0.00170123
0.00168727
0.00167333
0.00165952
0.00164573
0.00163206
0.00161841
0.00160486
0.00159134
0.00157792
0.00156452
0.00155122
0.00153793
0.00152474
0.00151157
0.00149847
0.00148541
0.00147241
0.00145944
0.00144654
0.00143366
0.00142085
0.00140806
0.00139532
0.00138262
0.00136997
0.00135734
0.00134476
0.0013322
0.0013197
0.00130721
0.00129478
0.00128235
0.00126998
0.00125762
0.00124531
0.00123301
0.00122076
0.00120851
0.00119631
0.00118412
0.00117198
0.00115984
0.00114774
0.00113564
0.00112359
0.00111154
0.00109953
0.00108753
0.00107556
0.0010636
0.00105166
0.00103974
0.00102785
0.00101596
0.0010041
0.000992248
0.000980422
0.000968605
0.00095681
0.000945025
0.00093326
0.000921504
0.000909766
0.000898035
0.000886321
0.000874613
0.00086292
0.000851232
0.000839558
0.000827889
0.000816235
0.000804586
0.000792954
0.000781329
0.000769723
0.000758128
0.000746554
0.000734995
0.000723458
0.000711937
0.00070044
0.000688958
0.0006775
0.000666056
0.000654632
0.000643219
0.000631823
0.000620435
0.000609058
0.000597685
0.00058632
0.000574955
0.000563596
0.000552232
0.000540873
0.000529506
0.000518145
0.000506774
0.000495408
0.000484031
0.000472661
0.000461279
0.000449904
0.000438518
0.00042714
0.000415751
0.000404369
0.000392978
0.000381595
0.000370202
0.000358817
0.000347424
0.000336038
0.000324644
0.000313258
0.000301864
0.000290477
0.000279083
0.000267696
0.000256302
0.000244915
0.000233521
0.000222134
0.000210739
0.000199353
0.000187958
0.000176572
0.000165177
0.00015379
0.000142396
0.000131009
0.000119614
0.000108228
9.6833e-05
8.54463e-05
7.40519e-05
6.26648e-05
5.12709e-05
3.9883e-05
2.84904e-05
1.71005e-05
5.71338e-06
0.00310743
0.00282233
0.00285262
0.0027519
0.00273806
0.00268549
0.00265959
0.00262291
0.00259531
0.00256517
0.00253855
0.00251175
0.0024866
0.00246191
0.00243816
0.00241497
0.00239243
0.00237042
0.00234892
0.00232788
0.00230727
0.00228704
0.0022672
0.00224767
0.0022285
0.00220959
0.00219101
0.00217264
0.00215458
0.00213671
0.00211912
0.00210168
0.00208451
0.00206747
0.00205068
0.002034
0.00201757
0.00200122
0.00198511
0.00196906
0.00195324
0.00193748
0.00192193
0.00190643
0.00189114
0.00187588
0.00186082
0.00184578
0.00183094
0.00181612
0.00180148
0.00178685
0.0017724
0.00175797
0.00174369
0.00172943
0.00171532
0.00170123
0.00168727
0.00167333
0.00165952
0.00164573
0.00163206
0.0016184
0.00160486
0.00159134
0.00157792
0.00156452
0.00155122
0.00153793
0.00152474
0.00151157
0.00149847
0.0014854
0.00147241
0.00145944
0.00144654
0.00143366
0.00142084
0.00140806
0.00139532
0.00138262
0.00136997
0.00135734
0.00134476
0.0013322
0.0013197
0.00130721
0.00129478
0.00128235
0.00126998
0.00125762
0.00124531
0.00123301
0.00122076
0.00120851
0.00119631
0.00118412
0.00117197
0.00115984
0.00114774
0.00113564
0.00112359
0.00111154
0.00109953
0.00108753
0.00107556
0.0010636
0.00105166
0.00103974
0.00102785
0.00101596
0.0010041
0.000992248
0.000980421
0.000968604
0.00095681
0.000945025
0.00093326
0.000921503
0.000909766
0.000898035
0.000886321
0.000874613
0.00086292
0.000851232
0.000839558
0.000827889
0.000816235
0.000804586
0.000792954
0.000781329
0.000769723
0.000758128
0.000746554
0.000734995
0.000723458
0.000711937
0.00070044
0.000688958
0.0006775
0.000666056
0.000654632
0.000643219
0.000631823
0.000620435
0.000609058
0.000597685
0.00058632
0.000574955
0.000563596
0.000552232
0.000540873
0.000529506
0.000518145
0.000506774
0.000495408
0.000484031
0.000472661
0.000461279
0.000449904
0.000438518
0.00042714
0.000415751
0.000404369
0.000392978
0.000381595
0.000370202
0.000358817
0.000347424
0.000336038
0.000324644
0.000313258
0.000301864
0.000290477
0.000279083
0.000267696
0.000256302
0.000244915
0.000233521
0.000222134
0.000210739
0.000199353
0.000187958
0.000176572
0.000165177
0.00015379
0.000142396
0.000131009
0.000119614
0.000108228
9.6833e-05
8.54463e-05
7.40519e-05
6.26648e-05
5.12709e-05
3.9883e-05
2.84904e-05
1.71008e-05
5.7137e-06
0.00311027
0.00282097
0.00285199
0.00275159
0.00273787
0.00268538
0.0026595
0.00262285
0.00259526
0.00256513
0.00253851
0.00251173
0.00248658
0.00246189
0.00243814
0.00241495
0.00239242
0.00237041
0.00234891
0.00232787
0.00230726
0.00228703
0.00226719
0.00224767
0.00222849
0.00220959
0.002191
0.00217264
0.00215458
0.0021367
0.00211911
0.00210167
0.00208451
0.00206746
0.00205068
0.002034
0.00201757
0.00200121
0.0019851
0.00196906
0.00195324
0.00193748
0.00192193
0.00190643
0.00189113
0.00187587
0.00186081
0.00184578
0.00183094
0.00181612
0.00180148
0.00178685
0.0017724
0.00175797
0.00174369
0.00172943
0.00171532
0.00170122
0.00168727
0.00167333
0.00165952
0.00164573
0.00163206
0.0016184
0.00160486
0.00159134
0.00157792
0.00156452
0.00155122
0.00153793
0.00152474
0.00151157
0.00149847
0.0014854
0.00147241
0.00145944
0.00144654
0.00143366
0.00142084
0.00140805
0.00139532
0.00138262
0.00136997
0.00135734
0.00134476
0.0013322
0.0013197
0.00130721
0.00129478
0.00128235
0.00126998
0.00125762
0.00124531
0.00123301
0.00122076
0.00120851
0.00119631
0.00118412
0.00117197
0.00115984
0.00114774
0.00113564
0.00112359
0.00111154
0.00109953
0.00108753
0.00107556
0.0010636
0.00105166
0.00103974
0.00102784
0.00101596
0.0010041
0.000992248
0.000980421
0.000968604
0.00095681
0.000945024
0.00093326
0.000921503
0.000909765
0.000898035
0.000886321
0.000874613
0.00086292
0.000851232
0.000839558
0.000827889
0.000816235
0.000804586
0.000792953
0.000781329
0.000769723
0.000758128
0.000746554
0.000734995
0.000723458
0.000711937
0.00070044
0.000688958
0.0006775
0.000666056
0.000654632
0.000643219
0.000631823
0.000620435
0.000609058
0.000597685
0.00058632
0.000574955
0.000563596
0.000552232
0.000540873
0.000529506
0.000518145
0.000506774
0.000495408
0.000484031
0.000472661
0.000461279
0.000449904
0.000438518
0.00042714
0.000415751
0.000404369
0.000392978
0.000381595
0.000370202
0.000358817
0.000347424
0.000336038
0.000324644
0.000313258
0.000301864
0.000290477
0.000279083
0.000267696
0.000256302
0.000244915
0.000233521
0.000222134
0.000210739
0.000199353
0.000187958
0.000176572
0.000165177
0.00015379
0.000142396
0.000131009
0.000119614
0.000108228
9.6833e-05
8.54463e-05
7.40519e-05
6.26648e-05
5.12709e-05
3.9883e-05
2.84904e-05
1.7101e-05
5.71395e-06
0.00311322
0.00281954
0.00285133
0.00275127
0.00273768
0.00268526
0.00265942
0.00262279
0.00259522
0.00256509
0.00253848
0.0025117
0.00248656
0.00246187
0.00243812
0.00241494
0.00239241
0.0023704
0.0023489
0.00232786
0.00230725
0.00228703
0.00226719
0.00224766
0.00222849
0.00220958
0.002191
0.00217264
0.00215458
0.0021367
0.00211911
0.00210167
0.0020845
0.00206746
0.00205068
0.002034
0.00201756
0.00200121
0.0019851
0.00196905
0.00195324
0.00193747
0.00192193
0.00190643
0.00189113
0.00187587
0.00186081
0.00184578
0.00183094
0.00181612
0.00180147
0.00178685
0.0017724
0.00175796
0.00174369
0.00172943
0.00171532
0.00170122
0.00168727
0.00167333
0.00165952
0.00164573
0.00163206
0.0016184
0.00160486
0.00159134
0.00157792
0.00156452
0.00155121
0.00153793
0.00152474
0.00151156
0.00149847
0.0014854
0.00147241
0.00145944
0.00144654
0.00143366
0.00142084
0.00140805
0.00139532
0.00138262
0.00136996
0.00135733
0.00134476
0.0013322
0.0013197
0.00130721
0.00129477
0.00128235
0.00126998
0.00125762
0.00124531
0.00123301
0.00122076
0.00120851
0.00119631
0.00118412
0.00117197
0.00115984
0.00114773
0.00113564
0.00112359
0.00111154
0.00109953
0.00108753
0.00107556
0.0010636
0.00105166
0.00103974
0.00102784
0.00101596
0.0010041
0.000992248
0.000980421
0.000968604
0.00095681
0.000945024
0.00093326
0.000921503
0.000909765
0.000898035
0.000886321
0.000874613
0.00086292
0.000851232
0.000839558
0.000827889
0.000816235
0.000804586
0.000792953
0.000781329
0.000769723
0.000758128
0.000746554
0.000734995
0.000723458
0.000711937
0.00070044
0.000688958
0.0006775
0.000666056
0.000654632
0.000643219
0.000631823
0.000620435
0.000609058
0.000597685
0.00058632
0.000574955
0.000563596
0.000552232
0.000540873
0.000529506
0.000518145
0.000506774
0.000495408
0.000484031
0.000472661
0.000461279
0.000449904
0.000438518
0.00042714
0.000415751
0.000404369
0.000392978
0.000381595
0.000370202
0.000358817
0.000347424
0.000336038
0.000324644
0.000313258
0.000301864
0.000290477
0.000279083
0.000267696
0.000256302
0.000244915
0.000233521
0.000222134
0.000210739
0.000199353
0.000187958
0.000176572
0.000165177
0.00015379
0.000142396
0.000131009
0.000119614
0.000108228
9.6833e-05
8.54463e-05
7.40519e-05
6.26648e-05
5.12709e-05
3.98831e-05
2.84904e-05
1.71011e-05
5.71414e-06
0.00311629
0.00281805
0.00285065
0.00275095
0.00273748
0.00268515
0.00265934
0.00262273
0.00259517
0.00256506
0.00253845
0.00251168
0.00248654
0.00246185
0.00243811
0.00241493
0.0023924
0.00237039
0.0023489
0.00232785
0.00230725
0.00228702
0.00226718
0.00224766
0.00222848
0.00220958
0.00219099
0.00217263
0.00215457
0.0021367
0.00211911
0.00210167
0.0020845
0.00206746
0.00205068
0.00203399
0.00201756
0.00200121
0.0019851
0.00196905
0.00195324
0.00193747
0.00192193
0.00190642
0.00189113
0.00187587
0.00186081
0.00184578
0.00183093
0.00181611
0.00180147
0.00178685
0.0017724
0.00175796
0.00174369
0.00172943
0.00171532
0.00170122
0.00168727
0.00167333
0.00165952
0.00164573
0.00163206
0.0016184
0.00160486
0.00159134
0.00157792
0.00156452
0.00155121
0.00153793
0.00152474
0.00151156
0.00149847
0.0014854
0.00147241
0.00145944
0.00144654
0.00143366
0.00142084
0.00140805
0.00139532
0.00138262
0.00136996
0.00135733
0.00134476
0.0013322
0.0013197
0.00130721
0.00129477
0.00128235
0.00126998
0.00125762
0.00124531
0.00123301
0.00122076
0.00120851
0.00119631
0.00118412
0.00117197
0.00115984
0.00114773
0.00113564
0.00112359
0.00111154
0.00109953
0.00108753
0.00107556
0.0010636
0.00105166
0.00103974
0.00102784
0.00101596
0.0010041
0.000992248
0.000980421
0.000968604
0.000956809
0.000945024
0.000933259
0.000921503
0.000909765
0.000898035
0.000886321
0.000874613
0.00086292
0.000851232
0.000839558
0.000827889
0.000816234
0.000804586
0.000792953
0.000781329
0.000769723
0.000758128
0.000746554
0.000734995
0.000723458
0.000711937
0.00070044
0.000688958
0.0006775
0.000666056
0.000654632
0.000643219
0.000631823
0.000620435
0.000609058
0.000597685
0.00058632
0.000574955
0.000563596
0.000552232
0.000540873
0.000529506
0.000518145
0.000506774
0.000495408
0.000484031
0.000472661
0.000461279
0.000449904
0.000438518
0.00042714
0.000415751
0.000404369
0.000392978
0.000381595
0.000370202
0.000358817
0.000347424
0.000336038
0.000324644
0.000313258
0.000301864
0.000290477
0.000279083
0.000267696
0.000256302
0.000244915
0.000233521
0.000222134
0.000210739
0.000199353
0.000187958
0.000176572
0.000165177
0.00015379
0.000142396
0.000131009
0.000119614
0.000108228
9.6833e-05
8.54463e-05
7.40519e-05
6.26648e-05
5.12709e-05
3.98831e-05
2.84904e-05
1.71013e-05
5.71429e-06
0.00311948
0.00281648
0.00284994
0.00275063
0.00273729
0.00268504
0.00265927
0.00262268
0.00259513
0.00256502
0.00253843
0.00251165
0.00248652
0.00246184
0.0024381
0.00241491
0.00239239
0.00237038
0.00234889
0.00232785
0.00230724
0.00228701
0.00226717
0.00224765
0.00222848
0.00220957
0.00219099
0.00217263
0.00215457
0.00213669
0.0021191
0.00210166
0.0020845
0.00206745
0.00205067
0.00203399
0.00201756
0.00200121
0.0019851
0.00196905
0.00195324
0.00193747
0.00192193
0.00190642
0.00189113
0.00187587
0.00186081
0.00184578
0.00183093
0.00181611
0.00180147
0.00178685
0.0017724
0.00175796
0.00174369
0.00172943
0.00171532
0.00170122
0.00168727
0.00167333
0.00165952
0.00164573
0.00163206
0.0016184
0.00160486
0.00159134
0.00157792
0.00156452
0.00155121
0.00153793
0.00152474
0.00151156
0.00149847
0.0014854
0.00147241
0.00145944
0.00144653
0.00143366
0.00142084
0.00140805
0.00139532
0.00138262
0.00136996
0.00135733
0.00134476
0.0013322
0.0013197
0.00130721
0.00129477
0.00128235
0.00126998
0.00125762
0.00124531
0.00123301
0.00122076
0.00120851
0.00119631
0.00118412
0.00117197
0.00115984
0.00114773
0.00113564
0.00112359
0.00111154
0.00109953
0.00108753
0.00107556
0.0010636
0.00105166
0.00103974
0.00102784
0.00101596
0.0010041
0.000992247
0.000980421
0.000968604
0.000956809
0.000945024
0.000933259
0.000921503
0.000909765
0.000898035
0.000886321
0.000874613
0.00086292
0.000851232
0.000839558
0.000827889
0.000816234
0.000804586
0.000792953
0.000781329
0.000769723
0.000758128
0.000746554
0.000734994
0.000723458
0.000711937
0.00070044
0.000688958
0.0006775
0.000666056
0.000654632
0.000643219
0.000631823
0.000620435
0.000609058
0.000597685
0.00058632
0.000574955
0.000563596
0.000552232
0.000540873
0.000529506
0.000518145
0.000506774
0.000495408
0.000484031
0.000472661
0.000461279
0.000449904
0.000438518
0.00042714
0.000415751
0.000404369
0.000392978
0.000381595
0.000370202
0.000358817
0.000347424
0.000336038
0.000324644
0.000313258
0.000301864
0.000290477
0.000279083
0.000267696
0.000256302
0.000244915
0.000233521
0.000222134
0.000210739
0.000199353
0.000187958
0.000176572
0.000165177
0.00015379
0.000142396
0.000131009
0.000119614
0.000108228
9.6833e-05
8.54463e-05
7.40519e-05
6.26648e-05
5.12709e-05
3.98831e-05
2.84904e-05
1.71013e-05
5.71438e-06
0.00312279
0.00281487
0.00284922
0.00275031
0.00273711
0.00268494
0.0026592
0.00262263
0.00259509
0.00256499
0.0025384
0.00251163
0.0024865
0.00246182
0.00243808
0.0024149
0.00239238
0.00237037
0.00234888
0.00232784
0.00230723
0.00228701
0.00226717
0.00224765
0.00222847
0.00220957
0.00219099
0.00217262
0.00215457
0.00213669
0.0021191
0.00210166
0.00208449
0.00206745
0.00205067
0.00203399
0.00201756
0.00200121
0.0019851
0.00196905
0.00195323
0.00193747
0.00192192
0.00190642
0.00189113
0.00187587
0.00186081
0.00184578
0.00183093
0.00181611
0.00180147
0.00178685
0.0017724
0.00175796
0.00174369
0.00172943
0.00171532
0.00170122
0.00168727
0.00167333
0.00165952
0.00164573
0.00163206
0.0016184
0.00160486
0.00159134
0.00157792
0.00156452
0.00155121
0.00153793
0.00152473
0.00151156
0.00149847
0.0014854
0.00147241
0.00145944
0.00144653
0.00143366
0.00142084
0.00140805
0.00139532
0.00138261
0.00136996
0.00135733
0.00134476
0.0013322
0.0013197
0.00130721
0.00129477
0.00128235
0.00126998
0.00125762
0.00124531
0.00123301
0.00122076
0.00120851
0.00119631
0.00118412
0.00117197
0.00115984
0.00114773
0.00113564
0.00112359
0.00111154
0.00109953
0.00108753
0.00107556
0.0010636
0.00105166
0.00103974
0.00102784
0.00101596
0.0010041
0.000992247
0.000980421
0.000968604
0.000956809
0.000945024
0.000933259
0.000921503
0.000909765
0.000898035
0.000886321
0.000874613
0.00086292
0.000851232
0.000839558
0.000827889
0.000816234
0.000804586
0.000792953
0.000781329
0.000769723
0.000758128
0.000746554
0.000734994
0.000723458
0.000711937
0.00070044
0.000688958
0.0006775
0.000666056
0.000654632
0.00064322
0.000631823
0.000620435
0.000609058
0.000597685
0.000586321
0.000574955
0.000563596
0.000552232
0.000540873
0.000529506
0.000518145
0.000506774
0.000495408
0.000484031
0.000472661
0.000461279
0.000449904
0.000438518
0.00042714
0.000415751
0.000404369
0.000392978
0.000381595
0.000370202
0.000358817
0.000347424
0.000336038
0.000324644
0.000313258
0.000301864
0.000290477
0.000279083
0.000267696
0.000256302
0.000244915
0.000233521
0.000222134
0.000210739
0.000199353
0.000187958
0.000176572
0.000165177
0.00015379
0.000142396
0.000131009
0.000119614
0.000108228
9.6833e-05
8.54463e-05
7.40519e-05
6.26648e-05
5.12709e-05
3.98831e-05
2.84904e-05
1.71014e-05
5.71444e-06
0.00312626
0.00281321
0.0028485
0.00275001
0.00273694
0.00268484
0.00265913
0.00262258
0.00259506
0.00256496
0.00253838
0.00251161
0.00248649
0.00246181
0.00243807
0.00241489
0.00239237
0.00237036
0.00234887
0.00232783
0.00230723
0.002287
0.00226716
0.00224764
0.00222847
0.00220956
0.00219098
0.00217262
0.00215456
0.00213669
0.0021191
0.00210166
0.00208449
0.00206745
0.00205067
0.00203399
0.00201756
0.0020012
0.00198509
0.00196905
0.00195323
0.00193747
0.00192192
0.00190642
0.00189113
0.00187587
0.00186081
0.00184577
0.00183093
0.00181611
0.00180147
0.00178685
0.0017724
0.00175796
0.00174369
0.00172942
0.00171532
0.00170122
0.00168727
0.00167333
0.00165952
0.00164573
0.00163206
0.0016184
0.00160486
0.00159134
0.00157792
0.00156452
0.00155121
0.00153793
0.00152473
0.00151156
0.00149847
0.0014854
0.00147241
0.00145944
0.00144653
0.00143366
0.00142084
0.00140805
0.00139532
0.00138261
0.00136996
0.00135733
0.00134476
0.0013322
0.0013197
0.00130721
0.00129477
0.00128235
0.00126998
0.00125762
0.00124531
0.00123301
0.00122076
0.00120851
0.00119631
0.00118412
0.00117197
0.00115983
0.00114773
0.00113564
0.00112359
0.00111154
0.00109953
0.00108753
0.00107556
0.0010636
0.00105166
0.00103974
0.00102784
0.00101596
0.0010041
0.000992247
0.000980421
0.000968604
0.000956809
0.000945024
0.000933259
0.000921503
0.000909765
0.000898034
0.00088632
0.000874613
0.000862919
0.000851232
0.000839558
0.000827889
0.000816234
0.000804586
0.000792953
0.000781329
0.000769723
0.000758128
0.000746554
0.000734994
0.000723458
0.000711937
0.00070044
0.000688958
0.0006775
0.000666056
0.000654632
0.00064322
0.000631823
0.000620435
0.000609058
0.000597685
0.000586321
0.000574955
0.000563596
0.000552232
0.000540873
0.000529506
0.000518145
0.000506774
0.000495408
0.000484031
0.000472661
0.000461279
0.000449904
0.000438518
0.00042714
0.000415751
0.000404369
0.000392978
0.000381595
0.000370202
0.000358817
0.000347424
0.000336038
0.000324644
0.000313258
0.000301864
0.000290477
0.000279083
0.000267696
0.000256302
0.000244915
0.000233521
0.000222134
0.000210739
0.000199353
0.000187958
0.000176572
0.000165177
0.00015379
0.000142396
0.000131009
0.000119614
0.000108228
9.6833e-05
8.54463e-05
7.40519e-05
6.26648e-05
5.12709e-05
3.98831e-05
2.84904e-05
1.71014e-05
5.71447e-06
0.00312993
0.00281153
0.0028478
0.00274974
0.00273679
0.00268476
0.00265907
0.00262254
0.00259502
0.00256494
0.00253836
0.0025116
0.00248647
0.00246179
0.00243806
0.00241488
0.00239236
0.00237035
0.00234886
0.00232782
0.00230722
0.002287
0.00226716
0.00224764
0.00222847
0.00220956
0.00219098
0.00217262
0.00215456
0.00213668
0.00211909
0.00210165
0.00208449
0.00206745
0.00205067
0.00203398
0.00201755
0.0020012
0.00198509
0.00196905
0.00195323
0.00193747
0.00192192
0.00190642
0.00189113
0.00187587
0.00186081
0.00184577
0.00183093
0.00181611
0.00180147
0.00178685
0.00177239
0.00175796
0.00174368
0.00172942
0.00171531
0.00170122
0.00168727
0.00167333
0.00165952
0.00164572
0.00163205
0.0016184
0.00160486
0.00159134
0.00157792
0.00156452
0.00155121
0.00153793
0.00152473
0.00151156
0.00149847
0.0014854
0.00147241
0.00145944
0.00144653
0.00143366
0.00142084
0.00140805
0.00139532
0.00138261
0.00136996
0.00135733
0.00134476
0.0013322
0.0013197
0.00130721
0.00129477
0.00128235
0.00126998
0.00125762
0.00124531
0.00123301
0.00122076
0.00120851
0.00119631
0.00118412
0.00117197
0.00115983
0.00114773
0.00113564
0.00112359
0.00111154
0.00109953
0.00108753
0.00107556
0.0010636
0.00105166
0.00103974
0.00102784
0.00101596
0.0010041
0.000992247
0.00098042
0.000968604
0.000956809
0.000945024
0.000933259
0.000921503
0.000909765
0.000898034
0.00088632
0.000874612
0.000862919
0.000851231
0.000839558
0.000827889
0.000816234
0.000804586
0.000792953
0.000781329
0.000769723
0.000758128
0.000746554
0.000734994
0.000723458
0.000711937
0.00070044
0.000688958
0.0006775
0.000666056
0.000654632
0.00064322
0.000631823
0.000620435
0.000609058
0.000597685
0.000586321
0.000574955
0.000563596
0.000552232
0.000540873
0.000529506
0.000518145
0.000506774
0.000495408
0.000484031
0.000472661
0.000461279
0.000449904
0.000438518
0.00042714
0.000415751
0.000404369
0.000392978
0.000381595
0.000370202
0.000358817
0.000347424
0.000336038
0.000324644
0.000313258
0.000301864
0.000290477
0.000279083
0.000267696
0.000256302
0.000244915
0.000233521
0.000222134
0.000210739
0.000199353
0.000187958
0.000176572
0.000165177
0.00015379
0.000142396
0.000131009
0.000119614
0.000108228
9.6833e-05
8.54463e-05
7.40519e-05
6.26648e-05
5.12709e-05
3.98831e-05
2.84904e-05
1.71014e-05
5.71447e-06
0.00313384
0.00280986
0.00284713
0.00274949
0.00273666
0.00268468
0.00265902
0.0026225
0.00259499
0.00256491
0.00253834
0.00251158
0.00248646
0.00246178
0.00243805
0.00241487
0.00239235
0.00237035
0.00234886
0.00232782
0.00230721
0.00228699
0.00226715
0.00224763
0.00222846
0.00220956
0.00219097
0.00217261
0.00215456
0.00213668
0.00211909
0.00210165
0.00208449
0.00206744
0.00205066
0.00203398
0.00201755
0.0020012
0.00198509
0.00196904
0.00195323
0.00193746
0.00192192
0.00190642
0.00189112
0.00187586
0.0018608
0.00184577
0.00183093
0.00181611
0.00180147
0.00178685
0.00177239
0.00175796
0.00174368
0.00172942
0.00171531
0.00170122
0.00168726
0.00167332
0.00165952
0.00164572
0.00163205
0.0016184
0.00160486
0.00159133
0.00157792
0.00156452
0.00155121
0.00153793
0.00152473
0.00151156
0.00149847
0.0014854
0.0014724
0.00145944
0.00144653
0.00143366
0.00142084
0.00140805
0.00139532
0.00138261
0.00136996
0.00135733
0.00134476
0.0013322
0.0013197
0.00130721
0.00129477
0.00128235
0.00126998
0.00125762
0.00124531
0.00123301
0.00122076
0.00120851
0.00119631
0.00118412
0.00117197
0.00115983
0.00114773
0.00113564
0.00112359
0.00111154
0.00109953
0.00108753
0.00107556
0.00106359
0.00105166
0.00103974
0.00102784
0.00101596
0.0010041
0.000992247
0.00098042
0.000968603
0.000956809
0.000945024
0.000933259
0.000921502
0.000909765
0.000898034
0.00088632
0.000874612
0.000862919
0.000851231
0.000839557
0.000827889
0.000816234
0.000804586
0.000792953
0.000781329
0.000769723
0.000758128
0.000746554
0.000734994
0.000723458
0.000711937
0.00070044
0.000688958
0.0006775
0.000666056
0.000654632
0.00064322
0.000631823
0.000620435
0.000609058
0.000597685
0.000586321
0.000574955
0.000563596
0.000552232
0.000540873
0.000529506
0.000518145
0.000506774
0.000495408
0.000484031
0.000472661
0.000461279
0.000449904
0.000438518
0.00042714
0.000415751
0.000404369
0.000392978
0.000381595
0.000370202
0.000358817
0.000347424
0.000336038
0.000324644
0.000313258
0.000301864
0.000290477
0.000279083
0.000267696
0.000256302
0.000244915
0.000233521
0.000222134
0.000210739
0.000199353
0.000187958
0.000176572
0.000165177
0.00015379
0.000142396
0.000131009
0.000119614
0.000108228
9.6833e-05
8.54463e-05
7.40519e-05
6.26648e-05
5.12709e-05
3.98832e-05
2.84904e-05
1.71014e-05
5.71446e-06
0.0031381
0.00280826
0.00284652
0.00274927
0.00273654
0.00268462
0.00265898
0.00262246
0.00259497
0.00256489
0.00253832
0.00251156
0.00248644
0.00246177
0.00243804
0.00241486
0.00239234
0.00237034
0.00234885
0.00232781
0.00230721
0.00228699
0.00226715
0.00224763
0.00222846
0.00220955
0.00219097
0.00217261
0.00215455
0.00213668
0.00211909
0.00210165
0.00208448
0.00206744
0.00205066
0.00203398
0.00201755
0.0020012
0.00198509
0.00196904
0.00195323
0.00193746
0.00192192
0.00190642
0.00189112
0.00187586
0.0018608
0.00184577
0.00183093
0.00181611
0.00180147
0.00178684
0.00177239
0.00175796
0.00174368
0.00172942
0.00171531
0.00170122
0.00168726
0.00167332
0.00165952
0.00164572
0.00163205
0.0016184
0.00160486
0.00159133
0.00157791
0.00156452
0.00155121
0.00153793
0.00152473
0.00151156
0.00149847
0.0014854
0.0014724
0.00145944
0.00144653
0.00143366
0.00142084
0.00140805
0.00139532
0.00138261
0.00136996
0.00135733
0.00134476
0.0013322
0.0013197
0.00130721
0.00129477
0.00128235
0.00126998
0.00125762
0.00124531
0.00123301
0.00122075
0.00120851
0.00119631
0.00118412
0.00117197
0.00115983
0.00114773
0.00113564
0.00112359
0.00111154
0.00109953
0.00108753
0.00107556
0.00106359
0.00105166
0.00103974
0.00102784
0.00101596
0.0010041
0.000992247
0.00098042
0.000968603
0.000956809
0.000945023
0.000933259
0.000921502
0.000909764
0.000898034
0.00088632
0.000874612
0.000862919
0.000851231
0.000839557
0.000827888
0.000816234
0.000804585
0.000792953
0.000781329
0.000769722
0.000758128
0.000746554
0.000734994
0.000723457
0.000711937
0.000700439
0.000688958
0.0006775
0.000666056
0.000654632
0.00064322
0.000631824
0.000620435
0.000609058
0.000597685
0.000586321
0.000574955
0.000563596
0.000552232
0.000540873
0.000529507
0.000518145
0.000506774
0.000495408
0.000484031
0.000472661
0.000461279
0.000449904
0.000438518
0.00042714
0.000415751
0.000404369
0.000392978
0.000381595
0.000370202
0.000358817
0.000347424
0.000336038
0.000324644
0.000313258
0.000301864
0.000290477
0.000279083
0.000267696
0.000256302
0.000244915
0.000233521
0.000222134
0.000210739
0.000199353
0.000187958
0.000176572
0.000165177
0.00015379
0.000142396
0.000131009
0.000119614
0.000108228
9.6833e-05
8.54463e-05
7.40519e-05
6.26648e-05
5.12709e-05
3.98832e-05
2.84904e-05
1.71014e-05
5.71444e-06
0.00314281
0.00280677
0.00284598
0.00274909
0.00273644
0.00268456
0.00265893
0.00262243
0.00259494
0.00256487
0.0025383
0.00251155
0.00248643
0.00246176
0.00243803
0.00241485
0.00239233
0.00237033
0.00234884
0.00232781
0.0023072
0.00228698
0.00226714
0.00224762
0.00222845
0.00220955
0.00219097
0.00217261
0.00215455
0.00213667
0.00211908
0.00210165
0.00208448
0.00206744
0.00205066
0.00203398
0.00201755
0.0020012
0.00198509
0.00196904
0.00195322
0.00193746
0.00192192
0.00190641
0.00189112
0.00187586
0.0018608
0.00184577
0.00183093
0.00181611
0.00180147
0.00178684
0.00177239
0.00175796
0.00174368
0.00172942
0.00171531
0.00170122
0.00168726
0.00167332
0.00165952
0.00164572
0.00163205
0.0016184
0.00160486
0.00159133
0.00157791
0.00156451
0.00155121
0.00153793
0.00152473
0.00151156
0.00149847
0.0014854
0.0014724
0.00145943
0.00144653
0.00143366
0.00142084
0.00140805
0.00139532
0.00138261
0.00136996
0.00135733
0.00134476
0.0013322
0.0013197
0.00130721
0.00129477
0.00128235
0.00126998
0.00125762
0.00124531
0.00123301
0.00122075
0.00120851
0.00119631
0.00118412
0.00117197
0.00115983
0.00114773
0.00113564
0.00112359
0.00111154
0.00109953
0.00108753
0.00107556
0.00106359
0.00105166
0.00103974
0.00102784
0.00101596
0.0010041
0.000992246
0.00098042
0.000968603
0.000956808
0.000945023
0.000933258
0.000921502
0.000909764
0.000898034
0.00088632
0.000874612
0.000862919
0.000851231
0.000839557
0.000827888
0.000816234
0.000804585
0.000792953
0.000781328
0.000769722
0.000758128
0.000746554
0.000734994
0.000723457
0.000711937
0.000700439
0.000688958
0.0006775
0.000666056
0.000654632
0.00064322
0.000631824
0.000620435
0.000609058
0.000597685
0.000586321
0.000574955
0.000563596
0.000552232
0.000540873
0.000529507
0.000518145
0.000506774
0.000495408
0.000484031
0.000472661
0.000461279
0.000449904
0.000438518
0.00042714
0.000415751
0.000404369
0.000392978
0.000381595
0.000370202
0.000358817
0.000347424
0.000336038
0.000324644
0.000313258
0.000301864
0.000290477
0.000279083
0.000267696
0.000256302
0.000244915
0.000233521
0.000222134
0.000210739
0.000199353
0.000187958
0.000176572
0.000165177
0.00015379
0.000142396
0.000131009
0.000119614
0.000108228
9.6833e-05
8.54463e-05
7.40519e-05
6.26648e-05
5.12709e-05
3.98832e-05
2.84904e-05
1.71013e-05
5.71442e-06
0.0031481
0.00280546
0.00284554
0.00274894
0.00273635
0.00268451
0.00265889
0.0026224
0.00259492
0.00256485
0.00253829
0.00251153
0.00248642
0.00246175
0.00243802
0.00241484
0.00239232
0.00237032
0.00234884
0.0023278
0.0023072
0.00228698
0.00226714
0.00224762
0.00222845
0.00220954
0.00219096
0.0021726
0.00215454
0.00213667
0.00211908
0.00210164
0.00208448
0.00206744
0.00205066
0.00203397
0.00201754
0.00200119
0.00198508
0.00196904
0.00195322
0.00193746
0.00192191
0.00190641
0.00189112
0.00187586
0.0018608
0.00184577
0.00183092
0.0018161
0.00180146
0.00178684
0.00177239
0.00175795
0.00174368
0.00172942
0.00171531
0.00170122
0.00168726
0.00167332
0.00165951
0.00164572
0.00163205
0.0016184
0.00160486
0.00159133
0.00157791
0.00156451
0.00155121
0.00153793
0.00152473
0.00151156
0.00149847
0.0014854
0.0014724
0.00145943
0.00144653
0.00143365
0.00142084
0.00140805
0.00139532
0.00138261
0.00136996
0.00135733
0.00134476
0.0013322
0.0013197
0.00130721
0.00129477
0.00128235
0.00126998
0.00125762
0.00124531
0.00123301
0.00122075
0.00120851
0.00119631
0.00118412
0.00117197
0.00115983
0.00114773
0.00113564
0.00112359
0.00111154
0.00109953
0.00108753
0.00107556
0.00106359
0.00105166
0.00103974
0.00102784
0.00101596
0.0010041
0.000992246
0.00098042
0.000968603
0.000956808
0.000945023
0.000933258
0.000921502
0.000909764
0.000898034
0.00088632
0.000874612
0.000862919
0.000851231
0.000839557
0.000827888
0.000816234
0.000804585
0.000792952
0.000781328
0.000769722
0.000758128
0.000746554
0.000734994
0.000723457
0.000711937
0.000700439
0.000688958
0.0006775
0.000666056
0.000654632
0.00064322
0.000631824
0.000620435
0.000609058
0.000597685
0.000586321
0.000574955
0.000563596
0.000552232
0.000540873
0.000529507
0.000518145
0.000506774
0.000495408
0.000484031
0.000472661
0.000461279
0.000449904
0.000438518
0.00042714
0.000415751
0.000404369
0.000392978
0.000381595
0.000370202
0.000358817
0.000347424
0.000336038
0.000324644
0.000313258
0.000301864
0.000290477
0.000279083
0.000267696
0.000256302
0.000244915
0.000233521
0.000222134
0.000210739
0.000199353
0.000187958
0.000176572
0.000165177
0.00015379
0.000142396
0.000131009
0.000119614
0.000108228
9.6833e-05
8.54463e-05
7.40519e-05
6.26648e-05
5.12709e-05
3.98832e-05
2.84904e-05
1.71013e-05
5.7144e-06
0.00315419
0.00280439
0.00284518
0.00274882
0.00273627
0.00268446
0.00265885
0.00262237
0.00259489
0.00256483
0.00253827
0.00251152
0.0024864
0.00246173
0.00243801
0.00241483
0.00239231
0.00237031
0.00234883
0.00232779
0.00230719
0.00228697
0.00226713
0.00224761
0.00222844
0.00220954
0.00219096
0.0021726
0.00215454
0.00213667
0.00211908
0.00210164
0.00208448
0.00206743
0.00205065
0.00203397
0.00201754
0.00200119
0.00198508
0.00196904
0.00195322
0.00193746
0.00192191
0.00190641
0.00189112
0.00187586
0.0018608
0.00184577
0.00183092
0.0018161
0.00180146
0.00178684
0.00177239
0.00175795
0.00174368
0.00172942
0.00171531
0.00170121
0.00168726
0.00167332
0.00165951
0.00164572
0.00163205
0.0016184
0.00160485
0.00159133
0.00157791
0.00156451
0.00155121
0.00153793
0.00152473
0.00151156
0.00149847
0.0014854
0.0014724
0.00145943
0.00144653
0.00143365
0.00142084
0.00140805
0.00139532
0.00138261
0.00136996
0.00135733
0.00134476
0.0013322
0.00131969
0.00130721
0.00129477
0.00128235
0.00126998
0.00125762
0.00124531
0.00123301
0.00122075
0.00120851
0.00119631
0.00118412
0.00117197
0.00115983
0.00114773
0.00113564
0.00112359
0.00111154
0.00109953
0.00108753
0.00107556
0.00106359
0.00105166
0.00103974
0.00102784
0.00101596
0.0010041
0.000992246
0.000980419
0.000968603
0.000956808
0.000945023
0.000933258
0.000921502
0.000909764
0.000898034
0.00088632
0.000874612
0.000862919
0.000851231
0.000839557
0.000827888
0.000816233
0.000804585
0.000792952
0.000781328
0.000769722
0.000758127
0.000746554
0.000734994
0.000723457
0.000711936
0.000700439
0.000688958
0.0006775
0.000666056
0.000654632
0.00064322
0.000631824
0.000620435
0.000609058
0.000597685
0.000586321
0.000574955
0.000563596
0.000552232
0.000540873
0.000529507
0.000518145
0.000506774
0.000495408
0.000484031
0.000472661
0.000461279
0.000449904
0.000438518
0.00042714
0.000415751
0.000404369
0.000392978
0.000381595
0.000370202
0.000358817
0.000347424
0.000336038
0.000324644
0.000313258
0.000301864
0.000290477
0.000279083
0.000267696
0.000256302
0.000244915
0.000233521
0.000222134
0.000210739
0.000199353
0.000187958
0.000176572
0.000165177
0.00015379
0.000142396
0.000131009
0.000119614
0.000108228
9.6833e-05
8.54463e-05
7.40519e-05
6.26648e-05
5.12709e-05
3.98832e-05
2.84904e-05
1.71013e-05
5.71439e-06
0.0031613
0.00280354
0.00284487
0.0027487
0.00273619
0.00268441
0.00265881
0.00262234
0.00259486
0.00256481
0.00253825
0.0025115
0.00248639
0.00246172
0.00243799
0.00241482
0.0023923
0.00237031
0.00234882
0.00232778
0.00230718
0.00228696
0.00226713
0.00224761
0.00222844
0.00220953
0.00219095
0.00217259
0.00215454
0.00213666
0.00211907
0.00210164
0.00208447
0.00206743
0.00205065
0.00203397
0.00201754
0.00200119
0.00198508
0.00196903
0.00195322
0.00193745
0.00192191
0.00190641
0.00189112
0.00187586
0.0018608
0.00184576
0.00183092
0.0018161
0.00180146
0.00178684
0.00177239
0.00175795
0.00174368
0.00172942
0.00171531
0.00170121
0.00168726
0.00167332
0.00165951
0.00164572
0.00163205
0.00161839
0.00160485
0.00159133
0.00157791
0.00156451
0.00155121
0.00153793
0.00152473
0.00151156
0.00149846
0.0014854
0.0014724
0.00145943
0.00144653
0.00143365
0.00142084
0.00140805
0.00139532
0.00138261
0.00136996
0.00135733
0.00134475
0.0013322
0.00131969
0.00130721
0.00129477
0.00128235
0.00126998
0.00125762
0.00124531
0.00123301
0.00122075
0.00120851
0.00119631
0.00118412
0.00117197
0.00115983
0.00114773
0.00113564
0.00112359
0.00111154
0.00109953
0.00108753
0.00107556
0.00106359
0.00105166
0.00103974
0.00102784
0.00101596
0.0010041
0.000992246
0.000980419
0.000968602
0.000956808
0.000945023
0.000933258
0.000921502
0.000909764
0.000898033
0.000886319
0.000874611
0.000862918
0.000851231
0.000839557
0.000827888
0.000816233
0.000804585
0.000792952
0.000781328
0.000769722
0.000758127
0.000746553
0.000734994
0.000723457
0.000711936
0.000700439
0.000688958
0.0006775
0.000666056
0.000654632
0.00064322
0.000631824
0.000620435
0.000609058
0.000597685
0.000586321
0.000574955
0.000563596
0.000552232
0.000540873
0.000529507
0.000518145
0.000506774
0.000495408
0.000484031
0.000472661
0.000461279
0.000449904
0.000438518
0.00042714
0.000415751
0.000404369
0.000392978
0.000381595
0.000370202
0.000358817
0.000347424
0.000336038
0.000324644
0.000313258
0.000301864
0.000290477
0.000279083
0.000267696
0.000256302
0.000244915
0.000233521
0.000222134
0.000210739
0.000199353
0.000187958
0.000176572
0.000165177
0.00015379
0.000142396
0.000131009
0.000119614
0.000108228
9.6833e-05
8.54463e-05
7.40519e-05
6.26648e-05
5.12709e-05
3.98832e-05
2.84903e-05
1.71013e-05
5.71438e-06
0.00316851
0.00280298
0.00284463
0.00274858
0.00273612
0.00268436
0.00265877
0.00262231
0.00259484
0.00256478
0.00253823
0.00251149
0.00248637
0.00246171
0.00243798
0.00241481
0.0023923
0.0023703
0.00234881
0.00232778
0.00230718
0.00228696
0.00226712
0.0022476
0.00222843
0.00220953
0.00219095
0.00217259
0.00215453
0.00213666
0.00211907
0.00210163
0.00208447
0.00206743
0.00205065
0.00203397
0.00201754
0.00200119
0.00198508
0.00196903
0.00195322
0.00193745
0.00192191
0.00190641
0.00189111
0.00187585
0.00186079
0.00184576
0.00183092
0.0018161
0.00180146
0.00178684
0.00177239
0.00175795
0.00174368
0.00172942
0.00171531
0.00170121
0.00168726
0.00167332
0.00165951
0.00164572
0.00163205
0.00161839
0.00160485
0.00159133
0.00157791
0.00156451
0.00155121
0.00153792
0.00152473
0.00151156
0.00149846
0.0014854
0.0014724
0.00145943
0.00144653
0.00143365
0.00142084
0.00140805
0.00139532
0.00138261
0.00136996
0.00135733
0.00134475
0.0013322
0.00131969
0.00130721
0.00129477
0.00128235
0.00126998
0.00125762
0.00124531
0.00123301
0.00122075
0.00120851
0.00119631
0.00118412
0.00117197
0.00115983
0.00114773
0.00113564
0.00112359
0.00111154
0.00109953
0.00108753
0.00107556
0.00106359
0.00105166
0.00103974
0.00102784
0.00101596
0.0010041
0.000992245
0.000980419
0.000968602
0.000956808
0.000945022
0.000933258
0.000921501
0.000909764
0.000898033
0.000886319
0.000874611
0.000862918
0.00085123
0.000839556
0.000827888
0.000816233
0.000804585
0.000792952
0.000781328
0.000769722
0.000758127
0.000746553
0.000734994
0.000723457
0.000711936
0.000700439
0.000688958
0.0006775
0.000666056
0.000654632
0.00064322
0.000631824
0.000620435
0.000609058
0.000597685
0.000586321
0.000574955
0.000563596
0.000552232
0.000540873
0.000529507
0.000518145
0.000506774
0.000495408
0.000484031
0.000472661
0.000461279
0.000449904
0.000438518
0.00042714
0.000415751
0.000404369
0.000392978
0.000381595
0.000370202
0.000358817
0.000347424
0.000336038
0.000324644
0.000313258
0.000301864
0.000290477
0.000279083
0.000267696
0.000256302
0.000244915
0.000233521
0.000222134
0.000210739
0.000199353
0.000187958
0.000176572
0.000165177
0.00015379
0.000142396
0.000131009
0.000119614
0.000108228
9.6833e-05
8.54463e-05
7.40519e-05
6.26648e-05
5.12709e-05
3.98832e-05
2.84903e-05
1.71013e-05
5.71439e-06
)
;

boundaryField
{
    inlet
    {
        type            zeroGradient;
    }
    outlet
    {
        type            fixedValue;
        value           uniform 0;
    }
    wall
    {
        type            zeroGradient;
    }
    axis
    {
        type            symmetryPlane;
    }
    frontAndBack
    {
        type            empty;
    }
}


// ************************************************************************* //
