/*--------------------------------*- C++ -*----------------------------------*\
| =========                 |                                                 |
| \\      /  F ield         | OpenFOAM: The Open Source CFD Toolbox           |
|  \\    /   O peration     | Version:  2412                                  |
|   \\  /    A nd           | Website:  www.openfoam.com                      |
|    \\/     M anipulation  |                                                 |
\*---------------------------------------------------------------------------*/
FoamFile
{
    version     2.0;
    format      ascii;
    arch        "LSB;label=32;scalar=64";
    class       volScalarField;
    location    "100";
    object      p;
}
// * * * * * * * * * * * * * * * * * * * * * * * * * * * * * * * * * * * * * //

dimensions      [0 2 -2 0 0 0 0];

internalField   nonuniform List<scalar> 
8000
(
0.00378126
0.00354663
0.00356842
0.00346446
0.00344922
0.00339563
0.00336935
0.00333239
0.00330464
0.00327438
0.00324767
0.00322074
0.00319549
0.00317083
0.00314748
0.00312519
0.00310415
0.00308418
0.0030652
0.00304703
0.00302951
0.00301247
0.00299573
0.00297915
0.00296262
0.00294606
0.00292945
0.00291277
0.00289603
0.00287925
0.00286243
0.00284559
0.00282874
0.00281187
0.002795
0.00277812
0.00276124
0.00274435
0.00272747
0.00271059
0.0026937
0.00267682
0.00265993
0.00264305
0.00262617
0.00260928
0.0025924
0.00257551
0.00255863
0.00254174
0.00252486
0.00250797
0.00249109
0.00247421
0.00245732
0.00244044
0.00242355
0.00240667
0.00238978
0.0023729
0.00235602
0.00233913
0.00232225
0.00230536
0.00228848
0.00227159
0.00225471
0.00223783
0.00222094
0.00220406
0.00218717
0.00217029
0.0021534
0.00213652
0.00211963
0.00210275
0.00208587
0.00206898
0.0020521
0.00203521
0.00201833
0.00200144
0.00198456
0.00196768
0.00195079
0.00193391
0.00191702
0.00190014
0.00188325
0.00186637
0.00184949
0.0018326
0.00181572
0.00179883
0.00178195
0.00176506
0.00174818
0.00173129
0.00171441
0.00169753
0.00168064
0.00166376
0.00164687
0.00162999
0.0016131
0.00159622
0.00157934
0.00156245
0.00154557
0.00152868
0.0015118
0.00149491
0.00147803
0.00146114
0.00144426
0.00142738
0.00141049
0.00139361
0.00137672
0.00135984
0.00134295
0.00132607
0.00130919
0.0012923
0.00127542
0.00125853
0.00124165
0.00122476
0.00120788
0.001191
0.00117411
0.00115723
0.00114034
0.00112346
0.00110657
0.00108969
0.0010728
0.00105593
0.00103902
0.00102217
0.00100524
0.000988427
0.000971438
0.000954695
0.000937624
0.000920981
0.00090379
0.000887287
0.000869938
0.00085361
0.000836073
0.00081994
0.000802205
0.000786267
0.000768349
0.000752574
0.00073452
0.000718847
0.000700731
0.000685075
0.00066699
0.000651253
0.000633301
0.000617381
0.000599656
0.000583471
0.000566044
0.000549536
0.000532446
0.000515596
0.000498843
0.000481672
0.000465215
0.000447781
0.000431547
0.000413935
0.000397833
0.000380132
0.00036408
0.00034636
0.000330308
0.000312593
0.00029655
0.000278794
0.000262834
0.000244956
0.000229132
0.00021115
0.000195346
0.00017746
0.000161454
0.000143823
0.000127581
0.00011012
9.37643e-05
7.64001e-05
5.98899e-05
4.26559e-05
2.54496e-05
8.45688e-06
0.00378135
0.00354662
0.00356837
0.00346446
0.00344921
0.00339563
0.00336934
0.00333238
0.00330464
0.00327438
0.00324767
0.00322074
0.00319549
0.00317083
0.00314748
0.00312518
0.00310415
0.00308417
0.00306519
0.00304702
0.0030295
0.00301246
0.00299573
0.00297915
0.00296262
0.00294606
0.00292945
0.00291277
0.00289603
0.00287925
0.00286243
0.00284559
0.00282874
0.00281187
0.002795
0.00277812
0.00276124
0.00274435
0.00272747
0.00271059
0.0026937
0.00267682
0.00265993
0.00264305
0.00262617
0.00260928
0.0025924
0.00257551
0.00255863
0.00254174
0.00252486
0.00250797
0.00249109
0.00247421
0.00245732
0.00244044
0.00242355
0.00240667
0.00238978
0.0023729
0.00235602
0.00233913
0.00232225
0.00230536
0.00228848
0.00227159
0.00225471
0.00223783
0.00222094
0.00220406
0.00218717
0.00217029
0.0021534
0.00213652
0.00211963
0.00210275
0.00208587
0.00206898
0.0020521
0.00203521
0.00201833
0.00200144
0.00198456
0.00196768
0.00195079
0.00193391
0.00191702
0.00190014
0.00188325
0.00186637
0.00184949
0.0018326
0.00181572
0.00179883
0.00178195
0.00176506
0.00174818
0.00173129
0.00171441
0.00169753
0.00168064
0.00166376
0.00164687
0.00162999
0.0016131
0.00159622
0.00157934
0.00156245
0.00154557
0.00152868
0.0015118
0.00149491
0.00147803
0.00146114
0.00144426
0.00142738
0.00141049
0.00139361
0.00137672
0.00135984
0.00134295
0.00132607
0.00130919
0.0012923
0.00127542
0.00125853
0.00124165
0.00122476
0.00120788
0.001191
0.00117411
0.00115723
0.00114034
0.00112346
0.00110657
0.00108969
0.0010728
0.00105593
0.00103902
0.00102217
0.00100524
0.000988427
0.000971439
0.000954695
0.000937624
0.000920981
0.00090379
0.000887287
0.000869938
0.00085361
0.000836073
0.00081994
0.000802205
0.000786266
0.000768349
0.000752574
0.00073452
0.000718847
0.000700731
0.000685075
0.000666991
0.000651252
0.000633301
0.000617381
0.000599656
0.00058347
0.000566044
0.000549536
0.000532446
0.000515596
0.000498843
0.000481672
0.000465215
0.000447781
0.000431546
0.000413935
0.000397833
0.000380132
0.00036408
0.000346361
0.000330308
0.000312593
0.000296549
0.000278794
0.000262834
0.000244956
0.000229132
0.00021115
0.000195346
0.00017746
0.000161454
0.000143823
0.000127581
0.00011012
9.37642e-05
7.64003e-05
5.989e-05
4.26562e-05
2.54478e-05
8.45522e-06
0.00378156
0.00354653
0.00356833
0.00346444
0.00344919
0.00339562
0.00336933
0.00333238
0.00330463
0.00327438
0.00324766
0.00322073
0.00319549
0.00317082
0.00314748
0.00312518
0.00310414
0.00308417
0.00306519
0.00304701
0.0030295
0.00301246
0.00299573
0.00297915
0.00296262
0.00294607
0.00292945
0.00291277
0.00289604
0.00287925
0.00286244
0.00284559
0.00282874
0.00281187
0.002795
0.00277812
0.00276124
0.00274435
0.00272747
0.00271059
0.0026937
0.00267682
0.00265993
0.00264305
0.00262617
0.00260928
0.0025924
0.00257551
0.00255863
0.00254174
0.00252486
0.00250797
0.00249109
0.00247421
0.00245732
0.00244044
0.00242355
0.00240667
0.00238978
0.0023729
0.00235602
0.00233913
0.00232225
0.00230536
0.00228848
0.00227159
0.00225471
0.00223783
0.00222094
0.00220406
0.00218717
0.00217029
0.0021534
0.00213652
0.00211963
0.00210275
0.00208587
0.00206898
0.0020521
0.00203521
0.00201833
0.00200144
0.00198456
0.00196768
0.00195079
0.00193391
0.00191702
0.00190014
0.00188325
0.00186637
0.00184949
0.0018326
0.00181572
0.00179883
0.00178195
0.00176506
0.00174818
0.00173129
0.00171441
0.00169753
0.00168064
0.00166376
0.00164687
0.00162999
0.0016131
0.00159622
0.00157934
0.00156245
0.00154557
0.00152868
0.0015118
0.00149491
0.00147803
0.00146114
0.00144426
0.00142738
0.00141049
0.00139361
0.00137672
0.00135984
0.00134295
0.00132607
0.00130919
0.0012923
0.00127542
0.00125853
0.00124165
0.00122476
0.00120788
0.001191
0.00117411
0.00115723
0.00114034
0.00112346
0.00110657
0.00108969
0.0010728
0.00105593
0.00103902
0.00102217
0.00100524
0.000988427
0.000971438
0.000954695
0.000937624
0.000920981
0.00090379
0.000887287
0.000869938
0.00085361
0.000836073
0.00081994
0.000802205
0.000786266
0.000768349
0.000752574
0.00073452
0.000718847
0.000700731
0.000685075
0.000666991
0.000651252
0.000633301
0.000617381
0.000599656
0.00058347
0.000566044
0.000549536
0.000532446
0.000515596
0.000498843
0.000481672
0.000465215
0.000447781
0.000431546
0.000413935
0.000397832
0.000380132
0.000364079
0.000346361
0.000330307
0.000312593
0.000296549
0.000278794
0.000262834
0.000244956
0.000229132
0.00021115
0.000195346
0.00017746
0.000161454
0.000143823
0.000127581
0.000110121
9.37643e-05
7.64002e-05
5.98903e-05
4.26565e-05
2.54501e-05
8.45769e-06
0.00378188
0.00354639
0.00356826
0.0034644
0.00344917
0.00339561
0.00336932
0.00333237
0.00330462
0.00327437
0.00324766
0.00322073
0.00319548
0.00317082
0.00314747
0.00312517
0.00310413
0.00308416
0.00306518
0.00304701
0.00302949
0.00301246
0.00299573
0.00297916
0.00296262
0.00294607
0.00292945
0.00291277
0.00289604
0.00287925
0.00286244
0.0028456
0.00282874
0.00281187
0.002795
0.00277812
0.00276124
0.00274435
0.00272747
0.00271059
0.0026937
0.00267682
0.00265993
0.00264305
0.00262617
0.00260928
0.0025924
0.00257551
0.00255863
0.00254174
0.00252486
0.00250797
0.00249109
0.00247421
0.00245732
0.00244044
0.00242355
0.00240667
0.00238978
0.0023729
0.00235602
0.00233913
0.00232225
0.00230536
0.00228848
0.00227159
0.00225471
0.00223783
0.00222094
0.00220406
0.00218717
0.00217029
0.0021534
0.00213652
0.00211963
0.00210275
0.00208587
0.00206898
0.0020521
0.00203521
0.00201833
0.00200144
0.00198456
0.00196768
0.00195079
0.00193391
0.00191702
0.00190014
0.00188325
0.00186637
0.00184949
0.0018326
0.00181572
0.00179883
0.00178195
0.00176506
0.00174818
0.00173129
0.00171441
0.00169753
0.00168064
0.00166376
0.00164687
0.00162999
0.0016131
0.00159622
0.00157934
0.00156245
0.00154557
0.00152868
0.0015118
0.00149491
0.00147803
0.00146114
0.00144426
0.00142738
0.00141049
0.00139361
0.00137672
0.00135984
0.00134295
0.00132607
0.00130919
0.0012923
0.00127542
0.00125853
0.00124165
0.00122476
0.00120788
0.001191
0.00117411
0.00115723
0.00114034
0.00112346
0.00110657
0.00108969
0.0010728
0.00105593
0.00103902
0.00102217
0.00100524
0.000988427
0.000971438
0.000954695
0.000937624
0.000920981
0.00090379
0.000887287
0.000869938
0.00085361
0.000836073
0.00081994
0.000802205
0.000786266
0.000768349
0.000752574
0.00073452
0.000718847
0.000700731
0.000685075
0.000666991
0.000651252
0.000633301
0.000617381
0.000599656
0.00058347
0.000566044
0.000549536
0.000532446
0.000515596
0.000498843
0.000481672
0.000465215
0.000447781
0.000431547
0.000413935
0.000397832
0.000380133
0.000364079
0.000346361
0.000330307
0.000312593
0.000296549
0.000278794
0.000262834
0.000244955
0.000229132
0.00021115
0.000195346
0.00017746
0.000161454
0.000143824
0.000127581
0.000110121
9.37643e-05
7.64002e-05
5.98909e-05
4.2657e-05
2.54564e-05
8.46412e-06
0.0037823
0.00354621
0.00356818
0.00346435
0.00344913
0.00339559
0.00336931
0.00333236
0.00330461
0.00327436
0.00324765
0.00322072
0.00319547
0.00317081
0.00314746
0.00312516
0.00310412
0.00308415
0.00306517
0.003047
0.00302949
0.00301245
0.00299573
0.00297916
0.00296263
0.00294607
0.00292946
0.00291278
0.00289604
0.00287925
0.00286244
0.0028456
0.00282874
0.00281187
0.002795
0.00277812
0.00276124
0.00274435
0.00272747
0.00271059
0.0026937
0.00267682
0.00265993
0.00264305
0.00262617
0.00260928
0.0025924
0.00257551
0.00255863
0.00254174
0.00252486
0.00250797
0.00249109
0.00247421
0.00245732
0.00244044
0.00242355
0.00240667
0.00238978
0.0023729
0.00235602
0.00233913
0.00232225
0.00230536
0.00228848
0.00227159
0.00225471
0.00223783
0.00222094
0.00220406
0.00218717
0.00217029
0.0021534
0.00213652
0.00211963
0.00210275
0.00208587
0.00206898
0.0020521
0.00203521
0.00201833
0.00200144
0.00198456
0.00196768
0.00195079
0.00193391
0.00191702
0.00190014
0.00188325
0.00186637
0.00184949
0.0018326
0.00181572
0.00179883
0.00178195
0.00176506
0.00174818
0.00173129
0.00171441
0.00169753
0.00168064
0.00166376
0.00164687
0.00162999
0.0016131
0.00159622
0.00157934
0.00156245
0.00154557
0.00152868
0.0015118
0.00149491
0.00147803
0.00146114
0.00144426
0.00142738
0.00141049
0.00139361
0.00137672
0.00135984
0.00134295
0.00132607
0.00130919
0.0012923
0.00127542
0.00125853
0.00124165
0.00122476
0.00120788
0.001191
0.00117411
0.00115723
0.00114034
0.00112346
0.00110657
0.00108969
0.0010728
0.00105593
0.00103902
0.00102217
0.00100524
0.000988427
0.000971438
0.000954695
0.000937624
0.000920981
0.00090379
0.000887287
0.000869938
0.00085361
0.000836073
0.00081994
0.000802205
0.000786266
0.000768349
0.000752574
0.00073452
0.000718847
0.000700731
0.000685075
0.000666991
0.000651252
0.000633301
0.000617381
0.000599656
0.00058347
0.000566044
0.000549536
0.000532446
0.000515596
0.000498843
0.000481672
0.000465215
0.000447781
0.000431547
0.000413935
0.000397832
0.000380133
0.000364079
0.000346362
0.000330307
0.000312594
0.000296549
0.000278794
0.000262835
0.000244955
0.000229133
0.000211149
0.000195347
0.00017746
0.000161454
0.000143824
0.00012758
0.000110121
9.37644e-05
7.64002e-05
5.98917e-05
4.26577e-05
2.54661e-05
8.47407e-06
0.00378282
0.00354599
0.00356808
0.00346429
0.00344909
0.00339557
0.00336929
0.00333235
0.0033046
0.00327435
0.00324764
0.00322071
0.00319547
0.0031708
0.00314745
0.00312515
0.00310411
0.00308413
0.00306516
0.00304699
0.00302948
0.00301245
0.00299573
0.00297916
0.00296263
0.00294607
0.00292946
0.00291278
0.00289604
0.00287926
0.00286244
0.0028456
0.00282874
0.00281187
0.002795
0.00277812
0.00276124
0.00274435
0.00272747
0.00271059
0.0026937
0.00267682
0.00265993
0.00264305
0.00262617
0.00260928
0.0025924
0.00257551
0.00255863
0.00254174
0.00252486
0.00250797
0.00249109
0.00247421
0.00245732
0.00244044
0.00242355
0.00240667
0.00238978
0.0023729
0.00235602
0.00233913
0.00232225
0.00230536
0.00228848
0.00227159
0.00225471
0.00223783
0.00222094
0.00220406
0.00218717
0.00217029
0.0021534
0.00213652
0.00211963
0.00210275
0.00208587
0.00206898
0.0020521
0.00203521
0.00201833
0.00200144
0.00198456
0.00196768
0.00195079
0.00193391
0.00191702
0.00190014
0.00188325
0.00186637
0.00184949
0.0018326
0.00181572
0.00179883
0.00178195
0.00176506
0.00174818
0.00173129
0.00171441
0.00169753
0.00168064
0.00166376
0.00164687
0.00162999
0.0016131
0.00159622
0.00157934
0.00156245
0.00154557
0.00152868
0.0015118
0.00149491
0.00147803
0.00146114
0.00144426
0.00142738
0.00141049
0.00139361
0.00137672
0.00135984
0.00134295
0.00132607
0.00130919
0.0012923
0.00127542
0.00125853
0.00124165
0.00122476
0.00120788
0.001191
0.00117411
0.00115723
0.00114034
0.00112346
0.00110657
0.00108969
0.0010728
0.00105593
0.00103902
0.00102217
0.00100524
0.000988427
0.000971438
0.000954695
0.000937624
0.000920981
0.00090379
0.000887287
0.000869938
0.00085361
0.000836073
0.00081994
0.000802205
0.000786266
0.000768349
0.000752574
0.00073452
0.000718847
0.000700731
0.000685075
0.000666991
0.000651252
0.000633301
0.000617381
0.000599656
0.00058347
0.000566044
0.000549536
0.000532446
0.000515596
0.000498843
0.000481672
0.000465215
0.000447781
0.000431547
0.000413935
0.000397832
0.000380133
0.000364078
0.000346362
0.000330306
0.000312594
0.000296549
0.000278793
0.000262835
0.000244955
0.000229133
0.000211149
0.000195347
0.00017746
0.000161454
0.000143824
0.00012758
0.000110121
9.37645e-05
7.64001e-05
5.98927e-05
4.26586e-05
2.54793e-05
8.48739e-06
0.00378345
0.00354571
0.00356795
0.00346422
0.00344904
0.00339554
0.00336927
0.00333233
0.00330459
0.00327434
0.00324763
0.0032207
0.00319546
0.00317079
0.00314744
0.00312514
0.0031041
0.00308412
0.00306515
0.00304698
0.00302947
0.00301244
0.00299572
0.00297916
0.00296263
0.00294608
0.00292946
0.00291278
0.00289604
0.00287926
0.00286244
0.0028456
0.00282874
0.00281187
0.002795
0.00277812
0.00276124
0.00274435
0.00272747
0.00271059
0.0026937
0.00267682
0.00265993
0.00264305
0.00262617
0.00260928
0.0025924
0.00257551
0.00255863
0.00254174
0.00252486
0.00250797
0.00249109
0.00247421
0.00245732
0.00244044
0.00242355
0.00240667
0.00238978
0.0023729
0.00235602
0.00233913
0.00232225
0.00230536
0.00228848
0.00227159
0.00225471
0.00223783
0.00222094
0.00220406
0.00218717
0.00217029
0.0021534
0.00213652
0.00211963
0.00210275
0.00208587
0.00206898
0.0020521
0.00203521
0.00201833
0.00200144
0.00198456
0.00196768
0.00195079
0.00193391
0.00191702
0.00190014
0.00188325
0.00186637
0.00184949
0.0018326
0.00181572
0.00179883
0.00178195
0.00176506
0.00174818
0.00173129
0.00171441
0.00169753
0.00168064
0.00166376
0.00164687
0.00162999
0.0016131
0.00159622
0.00157934
0.00156245
0.00154557
0.00152868
0.0015118
0.00149491
0.00147803
0.00146114
0.00144426
0.00142738
0.00141049
0.00139361
0.00137672
0.00135984
0.00134295
0.00132607
0.00130919
0.0012923
0.00127542
0.00125853
0.00124165
0.00122476
0.00120788
0.001191
0.00117411
0.00115723
0.00114034
0.00112346
0.00110657
0.00108969
0.0010728
0.00105593
0.00103902
0.00102217
0.00100524
0.000988427
0.000971438
0.000954695
0.000937624
0.000920981
0.00090379
0.000887287
0.000869938
0.00085361
0.000836073
0.00081994
0.000802205
0.000786266
0.000768349
0.000752574
0.00073452
0.000718847
0.000700731
0.000685075
0.000666991
0.000651252
0.000633301
0.000617381
0.000599656
0.00058347
0.000566044
0.000549536
0.000532446
0.000515596
0.000498843
0.000481672
0.000465215
0.000447781
0.000431547
0.000413935
0.000397832
0.000380133
0.000364078
0.000346362
0.000330306
0.000312594
0.000296549
0.000278793
0.000262835
0.000244955
0.000229133
0.000211149
0.000195347
0.00017746
0.000161454
0.000143824
0.00012758
0.000110121
9.37646e-05
7.64e-05
5.98938e-05
4.26596e-05
2.54958e-05
8.50404e-06
0.00378418
0.00354539
0.00356781
0.00346413
0.00344899
0.0033955
0.00336924
0.00333231
0.00330457
0.00327433
0.00324762
0.00322069
0.00319544
0.00317078
0.00314743
0.00312513
0.00310408
0.00308411
0.00306513
0.00304697
0.00302947
0.00301244
0.00299572
0.00297916
0.00296263
0.00294608
0.00292946
0.00291278
0.00289604
0.00287926
0.00286244
0.0028456
0.00282874
0.00281187
0.002795
0.00277812
0.00276124
0.00274435
0.00272747
0.00271059
0.0026937
0.00267682
0.00265993
0.00264305
0.00262617
0.00260928
0.0025924
0.00257551
0.00255863
0.00254174
0.00252486
0.00250797
0.00249109
0.00247421
0.00245732
0.00244044
0.00242355
0.00240667
0.00238978
0.0023729
0.00235602
0.00233913
0.00232225
0.00230536
0.00228848
0.00227159
0.00225471
0.00223783
0.00222094
0.00220406
0.00218717
0.00217029
0.0021534
0.00213652
0.00211963
0.00210275
0.00208587
0.00206898
0.0020521
0.00203521
0.00201833
0.00200144
0.00198456
0.00196768
0.00195079
0.00193391
0.00191702
0.00190014
0.00188325
0.00186637
0.00184949
0.0018326
0.00181572
0.00179883
0.00178195
0.00176506
0.00174818
0.00173129
0.00171441
0.00169753
0.00168064
0.00166376
0.00164687
0.00162999
0.0016131
0.00159622
0.00157934
0.00156245
0.00154557
0.00152868
0.0015118
0.00149491
0.00147803
0.00146114
0.00144426
0.00142738
0.00141049
0.00139361
0.00137672
0.00135984
0.00134295
0.00132607
0.00130919
0.0012923
0.00127542
0.00125853
0.00124165
0.00122476
0.00120788
0.001191
0.00117411
0.00115723
0.00114034
0.00112346
0.00110657
0.00108969
0.0010728
0.00105593
0.00103902
0.00102217
0.00100524
0.000988427
0.000971438
0.000954695
0.000937624
0.000920981
0.00090379
0.000887287
0.000869938
0.00085361
0.000836073
0.00081994
0.000802205
0.000786266
0.000768349
0.000752574
0.00073452
0.000718847
0.000700731
0.000685075
0.000666991
0.000651252
0.000633301
0.000617381
0.000599657
0.00058347
0.000566044
0.000549535
0.000532446
0.000515596
0.000498843
0.000481672
0.000465215
0.000447781
0.000431547
0.000413935
0.000397832
0.000380134
0.000364078
0.000346363
0.000330305
0.000312594
0.000296549
0.000278793
0.000262835
0.000244954
0.000229134
0.000211148
0.000195347
0.00017746
0.000161454
0.000143824
0.00012758
0.000110121
9.37648e-05
7.63999e-05
5.98952e-05
4.26609e-05
2.55155e-05
8.52389e-06
0.00378502
0.00354503
0.00356764
0.00346404
0.00344892
0.00339547
0.00336921
0.00333229
0.00330455
0.00327431
0.00324761
0.00322068
0.00319543
0.00317076
0.00314741
0.00312511
0.00310407
0.00308409
0.00306512
0.00304696
0.00302946
0.00301243
0.00299572
0.00297916
0.00296263
0.00294608
0.00292947
0.00291279
0.00289605
0.00287926
0.00286244
0.0028456
0.00282874
0.00281187
0.002795
0.00277812
0.00276124
0.00274435
0.00272747
0.00271059
0.0026937
0.00267682
0.00265993
0.00264305
0.00262617
0.00260928
0.0025924
0.00257551
0.00255863
0.00254174
0.00252486
0.00250797
0.00249109
0.00247421
0.00245732
0.00244044
0.00242355
0.00240667
0.00238978
0.0023729
0.00235602
0.00233913
0.00232225
0.00230536
0.00228848
0.00227159
0.00225471
0.00223783
0.00222094
0.00220406
0.00218717
0.00217029
0.0021534
0.00213652
0.00211963
0.00210275
0.00208587
0.00206898
0.0020521
0.00203521
0.00201833
0.00200144
0.00198456
0.00196768
0.00195079
0.00193391
0.00191702
0.00190014
0.00188325
0.00186637
0.00184949
0.0018326
0.00181572
0.00179883
0.00178195
0.00176506
0.00174818
0.00173129
0.00171441
0.00169753
0.00168064
0.00166376
0.00164687
0.00162999
0.0016131
0.00159622
0.00157934
0.00156245
0.00154557
0.00152868
0.0015118
0.00149491
0.00147803
0.00146114
0.00144426
0.00142738
0.00141049
0.00139361
0.00137672
0.00135984
0.00134295
0.00132607
0.00130919
0.0012923
0.00127542
0.00125853
0.00124165
0.00122476
0.00120788
0.001191
0.00117411
0.00115723
0.00114034
0.00112346
0.00110657
0.00108969
0.0010728
0.00105593
0.00103902
0.00102217
0.00100524
0.000988427
0.000971438
0.000954695
0.000937624
0.000920981
0.00090379
0.000887287
0.000869938
0.00085361
0.000836073
0.00081994
0.000802205
0.000786266
0.000768349
0.000752574
0.00073452
0.000718847
0.000700731
0.000685075
0.000666991
0.000651252
0.000633301
0.000617381
0.000599657
0.00058347
0.000566044
0.000549535
0.000532447
0.000515596
0.000498843
0.000481671
0.000465215
0.000447781
0.000431547
0.000413935
0.000397832
0.000380134
0.000364077
0.000346363
0.000330305
0.000312595
0.000296549
0.000278793
0.000262836
0.000244954
0.000229134
0.000211148
0.000195348
0.00017746
0.000161454
0.000143824
0.00012758
0.000110121
9.3765e-05
7.63998e-05
5.98968e-05
4.26623e-05
2.55383e-05
8.54684e-06
0.00378597
0.00354462
0.00356746
0.00346393
0.00344885
0.00339542
0.00336918
0.00333226
0.00330453
0.00327429
0.00324759
0.00322067
0.00319542
0.00317075
0.0031474
0.00312509
0.00310405
0.00308408
0.00306511
0.00304695
0.00302945
0.00301243
0.00299572
0.00297916
0.00296264
0.00294608
0.00292947
0.00291279
0.00289605
0.00287926
0.00286244
0.0028456
0.00282874
0.00281187
0.002795
0.00277812
0.00276124
0.00274435
0.00272747
0.00271059
0.0026937
0.00267682
0.00265993
0.00264305
0.00262617
0.00260928
0.0025924
0.00257551
0.00255863
0.00254174
0.00252486
0.00250797
0.00249109
0.00247421
0.00245732
0.00244044
0.00242355
0.00240667
0.00238978
0.0023729
0.00235602
0.00233913
0.00232225
0.00230536
0.00228848
0.00227159
0.00225471
0.00223783
0.00222094
0.00220406
0.00218717
0.00217029
0.0021534
0.00213652
0.00211963
0.00210275
0.00208587
0.00206898
0.0020521
0.00203521
0.00201833
0.00200144
0.00198456
0.00196768
0.00195079
0.00193391
0.00191702
0.00190014
0.00188325
0.00186637
0.00184949
0.0018326
0.00181572
0.00179883
0.00178195
0.00176506
0.00174818
0.00173129
0.00171441
0.00169753
0.00168064
0.00166376
0.00164687
0.00162999
0.0016131
0.00159622
0.00157934
0.00156245
0.00154557
0.00152868
0.0015118
0.00149491
0.00147803
0.00146114
0.00144426
0.00142738
0.00141049
0.00139361
0.00137672
0.00135984
0.00134295
0.00132607
0.00130919
0.0012923
0.00127542
0.00125853
0.00124165
0.00122476
0.00120788
0.001191
0.00117411
0.00115723
0.00114034
0.00112346
0.00110657
0.00108969
0.0010728
0.00105593
0.00103902
0.00102217
0.00100524
0.000988427
0.000971438
0.000954695
0.000937624
0.000920981
0.00090379
0.000887287
0.000869938
0.00085361
0.000836073
0.00081994
0.000802205
0.000786266
0.000768349
0.000752574
0.00073452
0.000718847
0.000700731
0.000685075
0.000666991
0.000651252
0.000633301
0.000617381
0.000599657
0.00058347
0.000566044
0.000549535
0.000532447
0.000515596
0.000498844
0.000481671
0.000465215
0.000447781
0.000431547
0.000413935
0.000397831
0.000380134
0.000364077
0.000346364
0.000330305
0.000312595
0.000296549
0.000278793
0.000262836
0.000244954
0.000229135
0.000211148
0.000195348
0.000177459
0.000161454
0.000143825
0.00012758
0.000110121
9.37652e-05
7.63997e-05
5.98985e-05
4.26638e-05
2.55641e-05
8.57273e-06
0.00378702
0.00354415
0.00356725
0.0034638
0.00344877
0.00339537
0.00336914
0.00333223
0.00330451
0.00327427
0.00324758
0.00322065
0.0031954
0.00317073
0.00314738
0.00312508
0.00310403
0.00308406
0.00306509
0.00304693
0.00302944
0.00301242
0.00299571
0.00297916
0.00296264
0.00294609
0.00292947
0.00291279
0.00289605
0.00287926
0.00286244
0.0028456
0.00282874
0.00281187
0.002795
0.00277812
0.00276124
0.00274435
0.00272747
0.00271059
0.0026937
0.00267682
0.00265993
0.00264305
0.00262617
0.00260928
0.0025924
0.00257551
0.00255863
0.00254174
0.00252486
0.00250797
0.00249109
0.00247421
0.00245732
0.00244044
0.00242355
0.00240667
0.00238978
0.0023729
0.00235602
0.00233913
0.00232225
0.00230536
0.00228848
0.00227159
0.00225471
0.00223783
0.00222094
0.00220406
0.00218717
0.00217029
0.0021534
0.00213652
0.00211963
0.00210275
0.00208587
0.00206898
0.0020521
0.00203521
0.00201833
0.00200144
0.00198456
0.00196768
0.00195079
0.00193391
0.00191702
0.00190014
0.00188325
0.00186637
0.00184949
0.0018326
0.00181572
0.00179883
0.00178195
0.00176506
0.00174818
0.00173129
0.00171441
0.00169753
0.00168064
0.00166376
0.00164687
0.00162999
0.0016131
0.00159622
0.00157934
0.00156245
0.00154557
0.00152868
0.0015118
0.00149491
0.00147803
0.00146114
0.00144426
0.00142738
0.00141049
0.00139361
0.00137672
0.00135984
0.00134295
0.00132607
0.00130919
0.0012923
0.00127542
0.00125853
0.00124165
0.00122476
0.00120788
0.001191
0.00117411
0.00115723
0.00114034
0.00112346
0.00110657
0.00108969
0.0010728
0.00105593
0.00103902
0.00102217
0.00100524
0.000988427
0.000971438
0.000954695
0.000937624
0.000920981
0.00090379
0.000887287
0.000869938
0.00085361
0.000836073
0.00081994
0.000802205
0.000786266
0.000768349
0.000752574
0.00073452
0.000718847
0.000700731
0.000685075
0.000666991
0.000651252
0.000633301
0.000617381
0.000599657
0.00058347
0.000566044
0.000549535
0.000532447
0.000515596
0.000498844
0.000481671
0.000465215
0.000447781
0.000431547
0.000413935
0.000397831
0.000380135
0.000364076
0.000346364
0.000330304
0.000312595
0.000296549
0.000278793
0.000262836
0.000244953
0.000229135
0.000211147
0.000195349
0.000177459
0.000161453
0.000143825
0.000127579
0.000110121
9.37654e-05
7.63996e-05
5.99004e-05
4.26655e-05
2.55926e-05
8.6014e-06
0.00378818
0.00354364
0.00356702
0.00346367
0.00344868
0.00339532
0.0033691
0.0033322
0.00330448
0.00327425
0.00324756
0.00322063
0.00319539
0.00317071
0.00314736
0.00312506
0.00310401
0.00308404
0.00306507
0.00304692
0.00302943
0.00301242
0.00299571
0.00297916
0.00296264
0.00294609
0.00292948
0.00291279
0.00289605
0.00287927
0.00286245
0.0028456
0.00282874
0.00281187
0.002795
0.00277812
0.00276124
0.00274435
0.00272747
0.00271059
0.0026937
0.00267682
0.00265993
0.00264305
0.00262617
0.00260928
0.0025924
0.00257551
0.00255863
0.00254174
0.00252486
0.00250797
0.00249109
0.00247421
0.00245732
0.00244044
0.00242355
0.00240667
0.00238978
0.0023729
0.00235602
0.00233913
0.00232225
0.00230536
0.00228848
0.00227159
0.00225471
0.00223783
0.00222094
0.00220406
0.00218717
0.00217029
0.0021534
0.00213652
0.00211963
0.00210275
0.00208587
0.00206898
0.0020521
0.00203521
0.00201833
0.00200144
0.00198456
0.00196768
0.00195079
0.00193391
0.00191702
0.00190014
0.00188325
0.00186637
0.00184949
0.0018326
0.00181572
0.00179883
0.00178195
0.00176506
0.00174818
0.00173129
0.00171441
0.00169753
0.00168064
0.00166376
0.00164687
0.00162999
0.0016131
0.00159622
0.00157934
0.00156245
0.00154557
0.00152868
0.0015118
0.00149491
0.00147803
0.00146114
0.00144426
0.00142738
0.00141049
0.00139361
0.00137672
0.00135984
0.00134295
0.00132607
0.00130919
0.0012923
0.00127542
0.00125853
0.00124165
0.00122476
0.00120788
0.001191
0.00117411
0.00115723
0.00114034
0.00112346
0.00110657
0.00108969
0.0010728
0.00105593
0.00103902
0.00102217
0.00100524
0.000988427
0.000971438
0.000954695
0.000937624
0.000920981
0.00090379
0.000887287
0.000869938
0.00085361
0.000836073
0.00081994
0.000802205
0.000786266
0.000768349
0.000752574
0.00073452
0.000718847
0.000700731
0.000685075
0.000666991
0.000651252
0.000633301
0.000617381
0.000599657
0.00058347
0.000566044
0.000549535
0.000532447
0.000515596
0.000498844
0.000481671
0.000465216
0.000447781
0.000431547
0.000413935
0.000397831
0.000380135
0.000364076
0.000346365
0.000330304
0.000312596
0.000296548
0.000278793
0.000262836
0.000244953
0.000229135
0.000211147
0.000195349
0.000177459
0.000161453
0.000143825
0.000127579
0.000110121
9.37656e-05
7.63995e-05
5.99025e-05
4.26673e-05
2.56236e-05
8.63265e-06
0.00378945
0.00354309
0.00356676
0.00346352
0.00344859
0.00339526
0.00336906
0.00333217
0.00330446
0.00327423
0.00324754
0.00322062
0.00319537
0.00317069
0.00314734
0.00312503
0.00310399
0.00308402
0.00306506
0.0030469
0.00302942
0.00301241
0.00299571
0.00297916
0.00296264
0.00294609
0.00292948
0.0029128
0.00289606
0.00287927
0.00286245
0.0028456
0.00282874
0.00281187
0.002795
0.00277812
0.00276124
0.00274435
0.00272747
0.00271059
0.0026937
0.00267682
0.00265993
0.00264305
0.00262617
0.00260928
0.0025924
0.00257551
0.00255863
0.00254174
0.00252486
0.00250797
0.00249109
0.00247421
0.00245732
0.00244044
0.00242355
0.00240667
0.00238978
0.0023729
0.00235602
0.00233913
0.00232225
0.00230536
0.00228848
0.00227159
0.00225471
0.00223783
0.00222094
0.00220406
0.00218717
0.00217029
0.0021534
0.00213652
0.00211963
0.00210275
0.00208587
0.00206898
0.0020521
0.00203521
0.00201833
0.00200144
0.00198456
0.00196768
0.00195079
0.00193391
0.00191702
0.00190014
0.00188325
0.00186637
0.00184949
0.0018326
0.00181572
0.00179883
0.00178195
0.00176506
0.00174818
0.00173129
0.00171441
0.00169753
0.00168064
0.00166376
0.00164687
0.00162999
0.0016131
0.00159622
0.00157934
0.00156245
0.00154557
0.00152868
0.0015118
0.00149491
0.00147803
0.00146114
0.00144426
0.00142738
0.00141049
0.00139361
0.00137672
0.00135984
0.00134295
0.00132607
0.00130919
0.0012923
0.00127542
0.00125853
0.00124165
0.00122476
0.00120788
0.001191
0.00117411
0.00115723
0.00114034
0.00112346
0.00110657
0.00108969
0.0010728
0.00105593
0.00103902
0.00102217
0.00100524
0.000988427
0.000971438
0.000954695
0.000937624
0.000920981
0.00090379
0.000887287
0.000869938
0.00085361
0.000836073
0.00081994
0.000802205
0.000786266
0.000768349
0.000752574
0.00073452
0.000718847
0.000700731
0.000685075
0.000666991
0.000651252
0.000633301
0.000617381
0.000599657
0.00058347
0.000566044
0.000549535
0.000532447
0.000515595
0.000498844
0.000481671
0.000465216
0.000447781
0.000431547
0.000413935
0.000397831
0.000380135
0.000364075
0.000346365
0.000330303
0.000312596
0.000296548
0.000278793
0.000262836
0.000244953
0.000229136
0.000211146
0.000195349
0.000177459
0.000161453
0.000143825
0.000127579
0.000110121
9.37659e-05
7.63993e-05
5.99047e-05
4.26693e-05
2.5657e-05
8.66625e-06
0.00379082
0.00354248
0.00356649
0.00346336
0.00344848
0.0033952
0.00336901
0.00333213
0.00330443
0.0032742
0.00324752
0.0032206
0.00319535
0.00317067
0.00314732
0.00312501
0.00310397
0.003084
0.00306504
0.00304689
0.00302941
0.0030124
0.0029957
0.00297916
0.00296264
0.00294609
0.00292948
0.0029128
0.00289606
0.00287927
0.00286245
0.0028456
0.00282874
0.00281187
0.002795
0.00277812
0.00276124
0.00274435
0.00272747
0.00271059
0.0026937
0.00267682
0.00265993
0.00264305
0.00262617
0.00260928
0.0025924
0.00257551
0.00255863
0.00254174
0.00252486
0.00250797
0.00249109
0.00247421
0.00245732
0.00244044
0.00242355
0.00240667
0.00238978
0.0023729
0.00235602
0.00233913
0.00232225
0.00230536
0.00228848
0.00227159
0.00225471
0.00223783
0.00222094
0.00220406
0.00218717
0.00217029
0.0021534
0.00213652
0.00211963
0.00210275
0.00208587
0.00206898
0.0020521
0.00203521
0.00201833
0.00200144
0.00198456
0.00196768
0.00195079
0.00193391
0.00191702
0.00190014
0.00188325
0.00186637
0.00184949
0.0018326
0.00181572
0.00179883
0.00178195
0.00176506
0.00174818
0.00173129
0.00171441
0.00169753
0.00168064
0.00166376
0.00164687
0.00162999
0.0016131
0.00159622
0.00157934
0.00156245
0.00154557
0.00152868
0.0015118
0.00149491
0.00147803
0.00146114
0.00144426
0.00142738
0.00141049
0.00139361
0.00137672
0.00135984
0.00134295
0.00132607
0.00130919
0.0012923
0.00127542
0.00125853
0.00124165
0.00122476
0.00120788
0.001191
0.00117411
0.00115723
0.00114034
0.00112346
0.00110657
0.00108969
0.0010728
0.00105593
0.00103902
0.00102217
0.00100524
0.000988427
0.000971438
0.000954695
0.000937624
0.000920981
0.00090379
0.000887287
0.000869938
0.00085361
0.000836073
0.00081994
0.000802205
0.000786266
0.000768349
0.000752574
0.00073452
0.000718847
0.000700731
0.000685075
0.000666991
0.000651252
0.000633301
0.000617381
0.000599657
0.00058347
0.000566044
0.000549535
0.000532447
0.000515595
0.000498844
0.000481671
0.000465216
0.00044778
0.000431547
0.000413936
0.00039783
0.000380136
0.000364075
0.000346366
0.000330302
0.000312597
0.000296548
0.000278793
0.000262836
0.000244952
0.000229136
0.000211145
0.00019535
0.000177458
0.000161453
0.000143826
0.000127579
0.000110121
9.37661e-05
7.63991e-05
5.99071e-05
4.26713e-05
2.56924e-05
8.70194e-06
0.00379231
0.00354182
0.00356619
0.00346319
0.00344837
0.00339513
0.00336896
0.00333209
0.00330439
0.00327418
0.00324749
0.00322057
0.00319533
0.00317065
0.00314729
0.00312499
0.00310395
0.00308398
0.00306502
0.00304687
0.00302939
0.0030124
0.0029957
0.00297916
0.00296265
0.0029461
0.00292949
0.0029128
0.00289606
0.00287927
0.00286245
0.0028456
0.00282874
0.00281187
0.002795
0.00277812
0.00276124
0.00274435
0.00272747
0.00271059
0.0026937
0.00267682
0.00265993
0.00264305
0.00262617
0.00260928
0.0025924
0.00257551
0.00255863
0.00254174
0.00252486
0.00250797
0.00249109
0.00247421
0.00245732
0.00244044
0.00242355
0.00240667
0.00238978
0.0023729
0.00235602
0.00233913
0.00232225
0.00230536
0.00228848
0.00227159
0.00225471
0.00223783
0.00222094
0.00220406
0.00218717
0.00217029
0.0021534
0.00213652
0.00211963
0.00210275
0.00208587
0.00206898
0.0020521
0.00203521
0.00201833
0.00200144
0.00198456
0.00196768
0.00195079
0.00193391
0.00191702
0.00190014
0.00188325
0.00186637
0.00184949
0.0018326
0.00181572
0.00179883
0.00178195
0.00176506
0.00174818
0.00173129
0.00171441
0.00169753
0.00168064
0.00166376
0.00164687
0.00162999
0.0016131
0.00159622
0.00157934
0.00156245
0.00154557
0.00152868
0.0015118
0.00149491
0.00147803
0.00146114
0.00144426
0.00142738
0.00141049
0.00139361
0.00137672
0.00135984
0.00134295
0.00132607
0.00130919
0.0012923
0.00127542
0.00125853
0.00124165
0.00122476
0.00120788
0.001191
0.00117411
0.00115723
0.00114034
0.00112346
0.00110657
0.00108969
0.0010728
0.00105593
0.00103902
0.00102217
0.00100524
0.000988427
0.000971438
0.000954695
0.000937624
0.000920981
0.00090379
0.000887287
0.000869938
0.00085361
0.000836073
0.00081994
0.000802205
0.000786266
0.000768349
0.000752574
0.00073452
0.000718847
0.000700731
0.000685075
0.000666991
0.000651252
0.000633301
0.000617381
0.000599657
0.00058347
0.000566044
0.000549535
0.000532447
0.000515595
0.000498844
0.000481671
0.000465216
0.00044778
0.000431547
0.000413936
0.00039783
0.000380136
0.000364074
0.000346367
0.000330302
0.000312597
0.000296548
0.000278793
0.000262837
0.000244952
0.000229137
0.000211145
0.000195351
0.000177458
0.000161453
0.000143826
0.000127578
0.000110121
9.37664e-05
7.63989e-05
5.99096e-05
4.26734e-05
2.57296e-05
8.73943e-06
0.0037939
0.00354111
0.00356587
0.003463
0.00344825
0.00339506
0.0033689
0.00333205
0.00330436
0.00327415
0.00324747
0.00322055
0.0031953
0.00317063
0.00314727
0.00312496
0.00310392
0.00308396
0.003065
0.00304686
0.00302938
0.00301239
0.0029957
0.00297916
0.00296265
0.0029461
0.00292949
0.00291281
0.00289606
0.00287927
0.00286245
0.00284561
0.00282874
0.00281188
0.002795
0.00277812
0.00276124
0.00274435
0.00272747
0.00271059
0.0026937
0.00267682
0.00265993
0.00264305
0.00262617
0.00260928
0.0025924
0.00257551
0.00255863
0.00254174
0.00252486
0.00250797
0.00249109
0.00247421
0.00245732
0.00244044
0.00242355
0.00240667
0.00238978
0.0023729
0.00235602
0.00233913
0.00232225
0.00230536
0.00228848
0.00227159
0.00225471
0.00223783
0.00222094
0.00220406
0.00218717
0.00217029
0.0021534
0.00213652
0.00211963
0.00210275
0.00208587
0.00206898
0.0020521
0.00203521
0.00201833
0.00200144
0.00198456
0.00196768
0.00195079
0.00193391
0.00191702
0.00190014
0.00188325
0.00186637
0.00184949
0.0018326
0.00181572
0.00179883
0.00178195
0.00176506
0.00174818
0.00173129
0.00171441
0.00169753
0.00168064
0.00166376
0.00164687
0.00162999
0.0016131
0.00159622
0.00157934
0.00156245
0.00154557
0.00152868
0.0015118
0.00149491
0.00147803
0.00146114
0.00144426
0.00142738
0.00141049
0.00139361
0.00137672
0.00135984
0.00134295
0.00132607
0.00130919
0.0012923
0.00127542
0.00125853
0.00124165
0.00122476
0.00120788
0.001191
0.00117411
0.00115723
0.00114034
0.00112346
0.00110657
0.00108969
0.0010728
0.00105593
0.00103902
0.00102217
0.00100524
0.000988427
0.000971438
0.000954695
0.000937624
0.000920981
0.00090379
0.000887287
0.000869938
0.00085361
0.000836073
0.00081994
0.000802205
0.000786266
0.000768349
0.000752574
0.00073452
0.000718847
0.000700731
0.000685075
0.000666991
0.000651252
0.000633301
0.000617381
0.000599657
0.00058347
0.000566044
0.000549535
0.000532447
0.000515595
0.000498844
0.000481671
0.000465216
0.00044778
0.000431547
0.000413936
0.00039783
0.000380137
0.000364074
0.000346367
0.000330301
0.000312598
0.000296547
0.000278794
0.000262837
0.000244952
0.000229137
0.000211144
0.000195351
0.000177458
0.000161453
0.000143826
0.000127578
0.000110121
9.37668e-05
7.63987e-05
5.99123e-05
4.26756e-05
2.57681e-05
8.77838e-06
0.0037956
0.00354035
0.00356552
0.00346281
0.00344813
0.00339498
0.00336884
0.003332
0.00330432
0.00327412
0.00324744
0.00322053
0.00319528
0.0031706
0.00314724
0.00312494
0.0031039
0.00308394
0.00306498
0.00304684
0.00302937
0.00301238
0.00299569
0.00297916
0.00296265
0.0029461
0.00292949
0.00291281
0.00289607
0.00287928
0.00286245
0.00284561
0.00282875
0.00281188
0.002795
0.00277812
0.00276124
0.00274435
0.00272747
0.00271059
0.0026937
0.00267682
0.00265993
0.00264305
0.00262617
0.00260928
0.0025924
0.00257551
0.00255863
0.00254174
0.00252486
0.00250797
0.00249109
0.00247421
0.00245732
0.00244044
0.00242355
0.00240667
0.00238978
0.0023729
0.00235602
0.00233913
0.00232225
0.00230536
0.00228848
0.00227159
0.00225471
0.00223783
0.00222094
0.00220406
0.00218717
0.00217029
0.0021534
0.00213652
0.00211963
0.00210275
0.00208587
0.00206898
0.0020521
0.00203521
0.00201833
0.00200144
0.00198456
0.00196768
0.00195079
0.00193391
0.00191702
0.00190014
0.00188325
0.00186637
0.00184949
0.0018326
0.00181572
0.00179883
0.00178195
0.00176506
0.00174818
0.00173129
0.00171441
0.00169753
0.00168064
0.00166376
0.00164687
0.00162999
0.0016131
0.00159622
0.00157934
0.00156245
0.00154557
0.00152868
0.0015118
0.00149491
0.00147803
0.00146114
0.00144426
0.00142738
0.00141049
0.00139361
0.00137672
0.00135984
0.00134295
0.00132607
0.00130919
0.0012923
0.00127542
0.00125853
0.00124165
0.00122476
0.00120788
0.001191
0.00117411
0.00115723
0.00114034
0.00112346
0.00110657
0.00108969
0.0010728
0.00105593
0.00103902
0.00102217
0.00100524
0.000988427
0.000971438
0.000954695
0.000937624
0.000920981
0.00090379
0.000887287
0.000869938
0.00085361
0.000836073
0.00081994
0.000802205
0.000786266
0.000768349
0.000752574
0.00073452
0.000718847
0.000700731
0.000685075
0.000666991
0.000651252
0.000633301
0.000617381
0.000599657
0.00058347
0.000566044
0.000549535
0.000532447
0.000515595
0.000498844
0.000481671
0.000465216
0.00044778
0.000431547
0.000413936
0.00039783
0.000380137
0.000364073
0.000346368
0.000330301
0.000312598
0.000296547
0.000278794
0.000262837
0.000244951
0.000229138
0.000211144
0.000195352
0.000177457
0.000161453
0.000143827
0.000127578
0.000110121
9.37671e-05
7.63985e-05
5.9915e-05
4.26777e-05
2.58077e-05
8.81841e-06
0.00379742
0.00353953
0.00356515
0.0034626
0.00344799
0.0033949
0.00336878
0.00333195
0.00330428
0.00327408
0.00324741
0.0032205
0.00319525
0.00317058
0.00314721
0.00312491
0.00310387
0.00308391
0.00306496
0.00304683
0.00302936
0.00301237
0.00299569
0.00297916
0.00296265
0.00294611
0.0029295
0.00291281
0.00289607
0.00287928
0.00286245
0.00284561
0.00282875
0.00281188
0.002795
0.00277812
0.00276124
0.00274435
0.00272747
0.00271059
0.0026937
0.00267682
0.00265993
0.00264305
0.00262617
0.00260928
0.0025924
0.00257551
0.00255863
0.00254174
0.00252486
0.00250797
0.00249109
0.00247421
0.00245732
0.00244044
0.00242355
0.00240667
0.00238978
0.0023729
0.00235602
0.00233913
0.00232225
0.00230536
0.00228848
0.00227159
0.00225471
0.00223783
0.00222094
0.00220406
0.00218717
0.00217029
0.0021534
0.00213652
0.00211963
0.00210275
0.00208587
0.00206898
0.0020521
0.00203521
0.00201833
0.00200144
0.00198456
0.00196768
0.00195079
0.00193391
0.00191702
0.00190014
0.00188325
0.00186637
0.00184949
0.0018326
0.00181572
0.00179883
0.00178195
0.00176506
0.00174818
0.00173129
0.00171441
0.00169753
0.00168064
0.00166376
0.00164687
0.00162999
0.0016131
0.00159622
0.00157934
0.00156245
0.00154557
0.00152868
0.0015118
0.00149491
0.00147803
0.00146114
0.00144426
0.00142738
0.00141049
0.00139361
0.00137672
0.00135984
0.00134295
0.00132607
0.00130919
0.0012923
0.00127542
0.00125853
0.00124165
0.00122476
0.00120788
0.001191
0.00117411
0.00115723
0.00114034
0.00112346
0.00110657
0.00108969
0.0010728
0.00105593
0.00103902
0.00102217
0.00100524
0.000988427
0.000971438
0.000954695
0.000937624
0.000920981
0.00090379
0.000887287
0.000869938
0.00085361
0.000836073
0.00081994
0.000802205
0.000786266
0.000768349
0.000752574
0.00073452
0.000718847
0.000700731
0.000685075
0.000666991
0.000651252
0.000633301
0.000617381
0.000599657
0.00058347
0.000566044
0.000549535
0.000532447
0.000515595
0.000498844
0.000481671
0.000465216
0.00044778
0.000431547
0.000413936
0.000397829
0.000380137
0.000364073
0.000346369
0.0003303
0.000312599
0.000296547
0.000278794
0.000262837
0.000244951
0.000229139
0.000211143
0.000195352
0.000177457
0.000161453
0.000143827
0.000127577
0.000110121
9.37674e-05
7.63983e-05
5.99178e-05
4.26799e-05
2.58478e-05
8.8591e-06
0.00379934
0.00353866
0.00356476
0.00346238
0.00344785
0.00339481
0.00336871
0.0033319
0.00330424
0.00327405
0.00324739
0.00322048
0.00319523
0.00317055
0.00314719
0.00312488
0.00310384
0.00308389
0.00306494
0.00304681
0.00302935
0.00301237
0.00299569
0.00297916
0.00296265
0.00294611
0.0029295
0.00291282
0.00289607
0.00287928
0.00286246
0.00284561
0.00282875
0.00281188
0.002795
0.00277812
0.00276124
0.00274435
0.00272747
0.00271059
0.0026937
0.00267682
0.00265993
0.00264305
0.00262617
0.00260928
0.0025924
0.00257551
0.00255863
0.00254174
0.00252486
0.00250797
0.00249109
0.00247421
0.00245732
0.00244044
0.00242355
0.00240667
0.00238978
0.0023729
0.00235602
0.00233913
0.00232225
0.00230536
0.00228848
0.00227159
0.00225471
0.00223783
0.00222094
0.00220406
0.00218717
0.00217029
0.0021534
0.00213652
0.00211963
0.00210275
0.00208587
0.00206898
0.0020521
0.00203521
0.00201833
0.00200144
0.00198456
0.00196768
0.00195079
0.00193391
0.00191702
0.00190014
0.00188325
0.00186637
0.00184949
0.0018326
0.00181572
0.00179883
0.00178195
0.00176506
0.00174818
0.00173129
0.00171441
0.00169753
0.00168064
0.00166376
0.00164687
0.00162999
0.0016131
0.00159622
0.00157934
0.00156245
0.00154557
0.00152868
0.0015118
0.00149491
0.00147803
0.00146114
0.00144426
0.00142738
0.00141049
0.00139361
0.00137672
0.00135984
0.00134295
0.00132607
0.00130919
0.0012923
0.00127542
0.00125853
0.00124165
0.00122476
0.00120788
0.001191
0.00117411
0.00115723
0.00114034
0.00112346
0.00110657
0.00108969
0.0010728
0.00105593
0.00103902
0.00102217
0.00100524
0.000988427
0.000971438
0.000954695
0.000937624
0.000920981
0.00090379
0.000887287
0.000869938
0.00085361
0.000836073
0.00081994
0.000802205
0.000786266
0.000768349
0.000752574
0.00073452
0.000718847
0.000700731
0.000685075
0.000666991
0.000651252
0.000633301
0.000617381
0.000599657
0.00058347
0.000566044
0.000549535
0.000532447
0.000515595
0.000498844
0.00048167
0.000465216
0.00044778
0.000431547
0.000413936
0.000397829
0.000380138
0.000364072
0.000346369
0.000330299
0.000312599
0.000296546
0.000278794
0.000262837
0.000244951
0.000229139
0.000211142
0.000195353
0.000177457
0.000161453
0.000143827
0.000127577
0.000110122
9.37678e-05
7.63981e-05
5.99206e-05
4.2682e-05
2.5888e-05
8.9e-06
0.00380138
0.00353773
0.00356433
0.00346214
0.0034477
0.00339472
0.00336864
0.00333185
0.0033042
0.00327401
0.00324736
0.00322045
0.0031952
0.00317052
0.00314716
0.00312485
0.00310382
0.00308386
0.00306492
0.00304679
0.00302934
0.00301236
0.00299568
0.00297916
0.00296265
0.00294611
0.0029295
0.00291282
0.00289607
0.00287928
0.00286246
0.00284561
0.00282875
0.00281188
0.002795
0.00277812
0.00276124
0.00274435
0.00272747
0.00271059
0.0026937
0.00267682
0.00265993
0.00264305
0.00262617
0.00260928
0.0025924
0.00257551
0.00255863
0.00254174
0.00252486
0.00250797
0.00249109
0.00247421
0.00245732
0.00244044
0.00242355
0.00240667
0.00238978
0.0023729
0.00235602
0.00233913
0.00232225
0.00230536
0.00228848
0.00227159
0.00225471
0.00223783
0.00222094
0.00220406
0.00218717
0.00217029
0.0021534
0.00213652
0.00211963
0.00210275
0.00208587
0.00206898
0.0020521
0.00203521
0.00201833
0.00200144
0.00198456
0.00196768
0.00195079
0.00193391
0.00191702
0.00190014
0.00188325
0.00186637
0.00184949
0.0018326
0.00181572
0.00179883
0.00178195
0.00176506
0.00174818
0.00173129
0.00171441
0.00169753
0.00168064
0.00166376
0.00164687
0.00162999
0.0016131
0.00159622
0.00157934
0.00156245
0.00154557
0.00152868
0.0015118
0.00149491
0.00147803
0.00146114
0.00144426
0.00142738
0.00141049
0.00139361
0.00137672
0.00135984
0.00134295
0.00132607
0.00130919
0.0012923
0.00127542
0.00125853
0.00124165
0.00122476
0.00120788
0.001191
0.00117411
0.00115723
0.00114034
0.00112346
0.00110657
0.00108969
0.0010728
0.00105593
0.00103902
0.00102217
0.00100524
0.000988427
0.000971438
0.000954695
0.000937624
0.000920981
0.00090379
0.000887287
0.000869938
0.00085361
0.000836073
0.00081994
0.000802205
0.000786266
0.000768349
0.000752574
0.00073452
0.000718847
0.000700731
0.000685075
0.000666991
0.000651252
0.000633301
0.000617381
0.000599657
0.00058347
0.000566044
0.000549535
0.000532447
0.000515595
0.000498844
0.00048167
0.000465216
0.00044778
0.000431547
0.000413936
0.000397829
0.000380138
0.000364071
0.00034637
0.000330299
0.0003126
0.000296546
0.000278794
0.000262837
0.00024495
0.00022914
0.000211141
0.000195354
0.000177456
0.000161453
0.000143828
0.000127577
0.000110122
9.37681e-05
7.63978e-05
5.99235e-05
4.26841e-05
2.59278e-05
8.94061e-06
0.00380354
0.00353675
0.00356388
0.00346189
0.00344754
0.00339462
0.00336857
0.00333179
0.00330415
0.00327398
0.00324732
0.00322042
0.00319517
0.00317049
0.00314713
0.00312482
0.00310379
0.00308384
0.0030649
0.00304678
0.00302932
0.00301235
0.00299568
0.00297916
0.00296266
0.00294612
0.0029295
0.00291282
0.00289608
0.00287928
0.00286246
0.00284561
0.00282875
0.00281188
0.002795
0.00277812
0.00276124
0.00274435
0.00272747
0.00271059
0.0026937
0.00267682
0.00265993
0.00264305
0.00262617
0.00260928
0.0025924
0.00257551
0.00255863
0.00254174
0.00252486
0.00250797
0.00249109
0.00247421
0.00245732
0.00244044
0.00242355
0.00240667
0.00238978
0.0023729
0.00235602
0.00233913
0.00232225
0.00230536
0.00228848
0.00227159
0.00225471
0.00223783
0.00222094
0.00220406
0.00218717
0.00217029
0.0021534
0.00213652
0.00211963
0.00210275
0.00208587
0.00206898
0.0020521
0.00203521
0.00201833
0.00200144
0.00198456
0.00196768
0.00195079
0.00193391
0.00191702
0.00190014
0.00188325
0.00186637
0.00184949
0.0018326
0.00181572
0.00179883
0.00178195
0.00176506
0.00174818
0.00173129
0.00171441
0.00169753
0.00168064
0.00166376
0.00164687
0.00162999
0.0016131
0.00159622
0.00157934
0.00156245
0.00154557
0.00152868
0.0015118
0.00149491
0.00147803
0.00146114
0.00144426
0.00142738
0.00141049
0.00139361
0.00137672
0.00135984
0.00134295
0.00132607
0.00130919
0.0012923
0.00127542
0.00125853
0.00124165
0.00122476
0.00120788
0.001191
0.00117411
0.00115723
0.00114034
0.00112346
0.00110657
0.00108969
0.0010728
0.00105593
0.00103902
0.00102217
0.00100524
0.000988427
0.000971439
0.000954695
0.000937624
0.000920981
0.00090379
0.000887287
0.000869938
0.00085361
0.000836073
0.00081994
0.000802205
0.000786266
0.000768349
0.000752574
0.00073452
0.000718847
0.000700731
0.000685075
0.000666991
0.000651252
0.000633301
0.000617381
0.000599657
0.00058347
0.000566044
0.000549535
0.000532447
0.000515595
0.000498844
0.00048167
0.000465216
0.00044778
0.000431547
0.000413936
0.000397829
0.000380139
0.000364071
0.00034637
0.000330298
0.0003126
0.000296545
0.000278795
0.000262837
0.00024495
0.00022914
0.000211141
0.000195354
0.000177456
0.000161453
0.000143828
0.000127576
0.000110122
9.37685e-05
7.63976e-05
5.99264e-05
4.2686e-05
2.59667e-05
8.98042e-06
0.0038058
0.00353571
0.00356341
0.00346164
0.00344738
0.00339452
0.0033685
0.00333173
0.00330411
0.00327394
0.00324729
0.00322039
0.00319514
0.00317046
0.0031471
0.0031248
0.00310376
0.00308382
0.00306488
0.00304676
0.00302931
0.00301234
0.00299568
0.00297916
0.00296266
0.00294612
0.00292951
0.00291282
0.00289608
0.00287929
0.00286246
0.00284561
0.00282875
0.00281188
0.002795
0.00277812
0.00276124
0.00274435
0.00272747
0.00271059
0.0026937
0.00267682
0.00265993
0.00264305
0.00262617
0.00260928
0.0025924
0.00257551
0.00255863
0.00254174
0.00252486
0.00250797
0.00249109
0.00247421
0.00245732
0.00244044
0.00242355
0.00240667
0.00238978
0.0023729
0.00235602
0.00233913
0.00232225
0.00230536
0.00228848
0.00227159
0.00225471
0.00223783
0.00222094
0.00220406
0.00218717
0.00217029
0.0021534
0.00213652
0.00211963
0.00210275
0.00208587
0.00206898
0.0020521
0.00203521
0.00201833
0.00200144
0.00198456
0.00196768
0.00195079
0.00193391
0.00191702
0.00190014
0.00188325
0.00186637
0.00184949
0.0018326
0.00181572
0.00179883
0.00178195
0.00176506
0.00174818
0.00173129
0.00171441
0.00169753
0.00168064
0.00166376
0.00164687
0.00162999
0.0016131
0.00159622
0.00157934
0.00156245
0.00154557
0.00152868
0.0015118
0.00149491
0.00147803
0.00146114
0.00144426
0.00142738
0.00141049
0.00139361
0.00137672
0.00135984
0.00134295
0.00132607
0.00130919
0.0012923
0.00127542
0.00125853
0.00124165
0.00122476
0.00120788
0.001191
0.00117411
0.00115723
0.00114034
0.00112346
0.00110657
0.00108969
0.0010728
0.00105593
0.00103902
0.00102217
0.00100524
0.000988427
0.000971439
0.000954695
0.000937624
0.000920981
0.00090379
0.000887287
0.000869938
0.00085361
0.000836073
0.00081994
0.000802205
0.000786266
0.000768349
0.000752574
0.00073452
0.000718847
0.000700731
0.000685075
0.000666991
0.000651252
0.000633301
0.000617381
0.000599657
0.00058347
0.000566044
0.000549535
0.000532447
0.000515595
0.000498845
0.00048167
0.000465217
0.00044778
0.000431547
0.000413936
0.000397829
0.000380139
0.000364071
0.000346371
0.000330298
0.000312601
0.000296545
0.000278795
0.000262837
0.00024495
0.000229141
0.00021114
0.000195355
0.000177456
0.000161453
0.000143828
0.000127576
0.000110122
9.37688e-05
7.63974e-05
5.99292e-05
4.26879e-05
2.60042e-05
9.0189e-06
0.00380818
0.00353461
0.0035629
0.00346137
0.00344721
0.00339441
0.00336842
0.00333167
0.00330406
0.0032739
0.00324726
0.00322036
0.00319512
0.00317043
0.00314707
0.00312477
0.00310374
0.00308379
0.00306486
0.00304675
0.0030293
0.00301234
0.00299568
0.00297916
0.00296266
0.00294612
0.00292951
0.00291283
0.00289608
0.00287929
0.00286246
0.00284561
0.00282875
0.00281188
0.002795
0.00277812
0.00276124
0.00274435
0.00272747
0.00271059
0.0026937
0.00267682
0.00265993
0.00264305
0.00262617
0.00260928
0.0025924
0.00257551
0.00255863
0.00254174
0.00252486
0.00250797
0.00249109
0.00247421
0.00245732
0.00244044
0.00242355
0.00240667
0.00238978
0.0023729
0.00235602
0.00233913
0.00232225
0.00230536
0.00228848
0.00227159
0.00225471
0.00223783
0.00222094
0.00220406
0.00218717
0.00217029
0.0021534
0.00213652
0.00211963
0.00210275
0.00208587
0.00206898
0.0020521
0.00203521
0.00201833
0.00200144
0.00198456
0.00196768
0.00195079
0.00193391
0.00191702
0.00190014
0.00188325
0.00186637
0.00184949
0.0018326
0.00181572
0.00179883
0.00178195
0.00176506
0.00174818
0.00173129
0.00171441
0.00169753
0.00168064
0.00166376
0.00164687
0.00162999
0.0016131
0.00159622
0.00157934
0.00156245
0.00154557
0.00152868
0.0015118
0.00149491
0.00147803
0.00146114
0.00144426
0.00142738
0.00141049
0.00139361
0.00137672
0.00135984
0.00134295
0.00132607
0.00130919
0.0012923
0.00127542
0.00125853
0.00124165
0.00122476
0.00120788
0.001191
0.00117411
0.00115723
0.00114034
0.00112346
0.00110657
0.00108969
0.0010728
0.00105593
0.00103902
0.00102217
0.00100524
0.000988427
0.000971439
0.000954695
0.000937624
0.000920981
0.00090379
0.000887287
0.000869938
0.00085361
0.000836073
0.00081994
0.000802205
0.000786266
0.000768349
0.000752574
0.00073452
0.000718847
0.000700731
0.000685075
0.000666991
0.000651252
0.000633301
0.000617381
0.000599657
0.00058347
0.000566044
0.000549535
0.000532447
0.000515595
0.000498845
0.00048167
0.000465217
0.00044778
0.000431547
0.000413936
0.000397828
0.000380139
0.00036407
0.000346371
0.000330297
0.000312601
0.000296544
0.000278795
0.000262837
0.00024495
0.000229141
0.00021114
0.000195356
0.000177455
0.000161453
0.000143829
0.000127576
0.000110122
9.37692e-05
7.63971e-05
5.9932e-05
4.26896e-05
2.60397e-05
9.05552e-06
0.00381068
0.00353344
0.00356237
0.00346108
0.00344703
0.0033943
0.00336834
0.00333161
0.00330401
0.00327386
0.00324723
0.00322033
0.00319509
0.00317041
0.00314704
0.00312474
0.00310371
0.00308377
0.00306484
0.00304673
0.00302929
0.00301233
0.00299567
0.00297916
0.00296266
0.00294612
0.00292951
0.00291283
0.00289608
0.00287929
0.00286246
0.00284561
0.00282875
0.00281188
0.002795
0.00277812
0.00276124
0.00274435
0.00272747
0.00271059
0.0026937
0.00267682
0.00265993
0.00264305
0.00262617
0.00260928
0.0025924
0.00257551
0.00255863
0.00254174
0.00252486
0.00250797
0.00249109
0.00247421
0.00245732
0.00244044
0.00242355
0.00240667
0.00238978
0.0023729
0.00235602
0.00233913
0.00232225
0.00230536
0.00228848
0.00227159
0.00225471
0.00223783
0.00222094
0.00220406
0.00218717
0.00217029
0.0021534
0.00213652
0.00211963
0.00210275
0.00208587
0.00206898
0.0020521
0.00203521
0.00201833
0.00200144
0.00198456
0.00196768
0.00195079
0.00193391
0.00191702
0.00190014
0.00188325
0.00186637
0.00184949
0.0018326
0.00181572
0.00179883
0.00178195
0.00176506
0.00174818
0.00173129
0.00171441
0.00169753
0.00168064
0.00166376
0.00164687
0.00162999
0.0016131
0.00159622
0.00157934
0.00156245
0.00154557
0.00152868
0.0015118
0.00149491
0.00147803
0.00146114
0.00144426
0.00142738
0.00141049
0.00139361
0.00137672
0.00135984
0.00134295
0.00132607
0.00130919
0.0012923
0.00127542
0.00125853
0.00124165
0.00122476
0.00120788
0.001191
0.00117411
0.00115723
0.00114034
0.00112346
0.00110657
0.00108969
0.0010728
0.00105593
0.00103902
0.00102217
0.00100524
0.000988427
0.000971439
0.000954695
0.000937624
0.000920981
0.00090379
0.000887287
0.000869938
0.00085361
0.000836073
0.00081994
0.000802206
0.000786266
0.000768349
0.000752573
0.00073452
0.000718847
0.000700731
0.000685075
0.000666991
0.000651252
0.000633301
0.000617381
0.000599657
0.00058347
0.000566044
0.000549535
0.000532447
0.000515595
0.000498845
0.00048167
0.000465217
0.00044778
0.000431547
0.000413936
0.000397828
0.000380139
0.00036407
0.000346372
0.000330297
0.000312602
0.000296544
0.000278796
0.000262837
0.00024495
0.000229141
0.000211139
0.000195356
0.000177455
0.000161453
0.000143829
0.000127575
0.000110122
9.37695e-05
7.63969e-05
5.99347e-05
4.2691e-05
2.60728e-05
9.08979e-06
0.00381329
0.00353221
0.0035618
0.00346079
0.00344684
0.00339419
0.00336826
0.00333155
0.00330396
0.00327382
0.00324719
0.0032203
0.00319506
0.00317038
0.00314701
0.00312471
0.00310369
0.00308375
0.00306483
0.00304672
0.00302929
0.00301233
0.00299567
0.00297916
0.00296266
0.00294612
0.00292951
0.00291283
0.00289608
0.00287929
0.00286246
0.00284561
0.00282875
0.00281188
0.002795
0.00277812
0.00276124
0.00274435
0.00272747
0.00271059
0.0026937
0.00267682
0.00265993
0.00264305
0.00262617
0.00260928
0.0025924
0.00257551
0.00255863
0.00254174
0.00252486
0.00250797
0.00249109
0.00247421
0.00245732
0.00244044
0.00242355
0.00240667
0.00238978
0.0023729
0.00235602
0.00233913
0.00232225
0.00230536
0.00228848
0.00227159
0.00225471
0.00223783
0.00222094
0.00220406
0.00218717
0.00217029
0.0021534
0.00213652
0.00211963
0.00210275
0.00208587
0.00206898
0.0020521
0.00203521
0.00201833
0.00200144
0.00198456
0.00196768
0.00195079
0.00193391
0.00191702
0.00190014
0.00188325
0.00186637
0.00184949
0.0018326
0.00181572
0.00179883
0.00178195
0.00176506
0.00174818
0.00173129
0.00171441
0.00169753
0.00168064
0.00166376
0.00164687
0.00162999
0.0016131
0.00159622
0.00157934
0.00156245
0.00154557
0.00152868
0.0015118
0.00149491
0.00147803
0.00146114
0.00144426
0.00142738
0.00141049
0.00139361
0.00137672
0.00135984
0.00134295
0.00132607
0.00130919
0.0012923
0.00127542
0.00125853
0.00124165
0.00122476
0.00120788
0.001191
0.00117411
0.00115723
0.00114034
0.00112346
0.00110657
0.00108969
0.0010728
0.00105593
0.00103902
0.00102217
0.00100524
0.000988427
0.000971439
0.000954695
0.000937624
0.000920981
0.00090379
0.000887287
0.000869938
0.000853609
0.000836073
0.00081994
0.000802206
0.000786266
0.00076835
0.000752573
0.00073452
0.000718847
0.000700731
0.000685075
0.000666991
0.000651252
0.000633301
0.000617381
0.000599657
0.00058347
0.000566044
0.000549535
0.000532447
0.000515595
0.000498845
0.00048167
0.000465217
0.00044778
0.000431547
0.000413936
0.000397828
0.00038014
0.000364069
0.000346372
0.000330296
0.000312603
0.000296543
0.000278796
0.000262836
0.00024495
0.000229142
0.000211138
0.000195357
0.000177455
0.000161453
0.000143829
0.000127575
0.000110122
9.37698e-05
7.63966e-05
5.99373e-05
4.26923e-05
2.6103e-05
9.12124e-06
0.00381602
0.00353092
0.00356121
0.00346049
0.00344665
0.00339408
0.00336817
0.00333148
0.00330391
0.00327378
0.00324716
0.00322027
0.00319503
0.00317035
0.00314699
0.00312469
0.00310367
0.00308373
0.00306481
0.00304671
0.00302928
0.00301232
0.00299567
0.00297916
0.00296266
0.00294613
0.00292952
0.00291283
0.00289608
0.00287929
0.00286246
0.00284561
0.00282875
0.00281188
0.002795
0.00277812
0.00276124
0.00274435
0.00272747
0.00271059
0.0026937
0.00267682
0.00265993
0.00264305
0.00262617
0.00260928
0.0025924
0.00257551
0.00255863
0.00254174
0.00252486
0.00250797
0.00249109
0.00247421
0.00245732
0.00244044
0.00242355
0.00240667
0.00238978
0.0023729
0.00235602
0.00233913
0.00232225
0.00230536
0.00228848
0.00227159
0.00225471
0.00223783
0.00222094
0.00220406
0.00218717
0.00217029
0.0021534
0.00213652
0.00211963
0.00210275
0.00208587
0.00206898
0.0020521
0.00203521
0.00201833
0.00200144
0.00198456
0.00196768
0.00195079
0.00193391
0.00191702
0.00190014
0.00188325
0.00186637
0.00184949
0.0018326
0.00181572
0.00179883
0.00178195
0.00176506
0.00174818
0.00173129
0.00171441
0.00169753
0.00168064
0.00166376
0.00164687
0.00162999
0.0016131
0.00159622
0.00157934
0.00156245
0.00154557
0.00152868
0.0015118
0.00149491
0.00147803
0.00146114
0.00144426
0.00142738
0.00141049
0.00139361
0.00137672
0.00135984
0.00134295
0.00132607
0.00130919
0.0012923
0.00127542
0.00125853
0.00124165
0.00122476
0.00120788
0.001191
0.00117411
0.00115723
0.00114034
0.00112346
0.00110657
0.00108969
0.0010728
0.00105593
0.00103902
0.00102217
0.00100524
0.000988427
0.000971439
0.000954695
0.000937624
0.000920981
0.00090379
0.000887287
0.000869938
0.000853609
0.000836073
0.00081994
0.000802206
0.000786266
0.00076835
0.000752573
0.00073452
0.000718847
0.000700731
0.000685075
0.000666991
0.000651252
0.000633301
0.000617381
0.000599657
0.00058347
0.000566044
0.000549535
0.000532447
0.000515595
0.000498845
0.00048167
0.000465217
0.00044778
0.000431547
0.000413936
0.000397828
0.00038014
0.000364069
0.000346373
0.000330296
0.000312603
0.000296543
0.000278796
0.000262836
0.00024495
0.000229142
0.000211138
0.000195357
0.000177454
0.000161453
0.000143829
0.000127575
0.000110122
9.37701e-05
7.63964e-05
5.99397e-05
4.26934e-05
2.613e-05
9.14949e-06
0.00381886
0.00352956
0.00356058
0.00346017
0.00344646
0.00339396
0.00336809
0.00333142
0.00330386
0.00327374
0.00324713
0.00322025
0.00319501
0.00317033
0.00314696
0.00312467
0.00310365
0.00308372
0.0030648
0.0030467
0.00302927
0.00301232
0.00299567
0.00297916
0.00296266
0.00294613
0.00292952
0.00291283
0.00289609
0.00287929
0.00286246
0.00284561
0.00282875
0.00281188
0.002795
0.00277812
0.00276124
0.00274435
0.00272747
0.00271059
0.0026937
0.00267682
0.00265993
0.00264305
0.00262617
0.00260928
0.0025924
0.00257551
0.00255863
0.00254174
0.00252486
0.00250797
0.00249109
0.00247421
0.00245732
0.00244044
0.00242355
0.00240667
0.00238978
0.0023729
0.00235602
0.00233913
0.00232225
0.00230536
0.00228848
0.00227159
0.00225471
0.00223783
0.00222094
0.00220406
0.00218717
0.00217029
0.0021534
0.00213652
0.00211963
0.00210275
0.00208587
0.00206898
0.0020521
0.00203521
0.00201833
0.00200144
0.00198456
0.00196768
0.00195079
0.00193391
0.00191702
0.00190014
0.00188325
0.00186637
0.00184949
0.0018326
0.00181572
0.00179883
0.00178195
0.00176506
0.00174818
0.00173129
0.00171441
0.00169753
0.00168064
0.00166376
0.00164687
0.00162999
0.0016131
0.00159622
0.00157934
0.00156245
0.00154557
0.00152868
0.0015118
0.00149491
0.00147803
0.00146114
0.00144426
0.00142738
0.00141049
0.00139361
0.00137672
0.00135984
0.00134295
0.00132607
0.00130919
0.0012923
0.00127542
0.00125853
0.00124165
0.00122476
0.00120788
0.001191
0.00117411
0.00115723
0.00114034
0.00112346
0.00110657
0.00108969
0.0010728
0.00105593
0.00103902
0.00102217
0.00100524
0.000988426
0.000971439
0.000954695
0.000937624
0.000920981
0.00090379
0.000887287
0.000869938
0.000853609
0.000836073
0.00081994
0.000802206
0.000786266
0.00076835
0.000752573
0.00073452
0.000718847
0.000700731
0.000685075
0.000666991
0.000651252
0.000633301
0.000617381
0.000599657
0.00058347
0.000566044
0.000549535
0.000532447
0.000515595
0.000498845
0.00048167
0.000465217
0.00044778
0.000431547
0.000413936
0.000397828
0.00038014
0.000364069
0.000346373
0.000330295
0.000312603
0.000296542
0.000278797
0.000262836
0.00024495
0.000229142
0.000211138
0.000195358
0.000177454
0.000161453
0.00014383
0.000127575
0.000110122
9.37704e-05
7.63962e-05
5.9942e-05
4.26942e-05
2.61535e-05
9.17423e-06
0.00382181
0.00352813
0.00355992
0.00345985
0.00344627
0.00339385
0.00336801
0.00333136
0.00330382
0.0032737
0.0032471
0.00322022
0.00319498
0.0031703
0.00314694
0.00312465
0.00310363
0.0030837
0.00306479
0.00304669
0.00302927
0.00301232
0.00299567
0.00297916
0.00296267
0.00294613
0.00292952
0.00291283
0.00289609
0.00287929
0.00286246
0.00284561
0.00282875
0.00281188
0.002795
0.00277812
0.00276124
0.00274435
0.00272747
0.00271059
0.0026937
0.00267682
0.00265993
0.00264305
0.00262617
0.00260928
0.0025924
0.00257551
0.00255863
0.00254174
0.00252486
0.00250797
0.00249109
0.00247421
0.00245732
0.00244044
0.00242355
0.00240667
0.00238978
0.0023729
0.00235602
0.00233913
0.00232225
0.00230536
0.00228848
0.00227159
0.00225471
0.00223783
0.00222094
0.00220406
0.00218717
0.00217029
0.0021534
0.00213652
0.00211963
0.00210275
0.00208587
0.00206898
0.0020521
0.00203521
0.00201833
0.00200144
0.00198456
0.00196768
0.00195079
0.00193391
0.00191702
0.00190014
0.00188325
0.00186637
0.00184949
0.0018326
0.00181572
0.00179883
0.00178195
0.00176506
0.00174818
0.00173129
0.00171441
0.00169753
0.00168064
0.00166376
0.00164687
0.00162999
0.0016131
0.00159622
0.00157934
0.00156245
0.00154557
0.00152868
0.0015118
0.00149491
0.00147803
0.00146114
0.00144426
0.00142738
0.00141049
0.00139361
0.00137672
0.00135984
0.00134295
0.00132607
0.00130919
0.0012923
0.00127542
0.00125853
0.00124165
0.00122476
0.00120788
0.001191
0.00117411
0.00115723
0.00114034
0.00112346
0.00110657
0.00108969
0.0010728
0.00105593
0.00103902
0.00102217
0.00100524
0.000988426
0.000971439
0.000954695
0.000937624
0.000920981
0.00090379
0.000887287
0.000869938
0.000853609
0.000836073
0.00081994
0.000802206
0.000786266
0.00076835
0.000752573
0.00073452
0.000718847
0.000700731
0.000685075
0.000666991
0.000651252
0.000633301
0.000617381
0.000599657
0.00058347
0.000566044
0.000549535
0.000532447
0.000515595
0.000498845
0.00048167
0.000465217
0.00044778
0.000431547
0.000413936
0.000397828
0.00038014
0.000364069
0.000346373
0.000330295
0.000312604
0.000296542
0.000278797
0.000262836
0.00024495
0.000229142
0.000211137
0.000195358
0.000177454
0.000161453
0.00014383
0.000127574
0.000110122
9.37707e-05
7.6396e-05
5.99441e-05
4.26948e-05
2.61734e-05
9.19529e-06
0.00382488
0.00352663
0.00355924
0.00345953
0.00344607
0.00339373
0.00336793
0.0033313
0.00330377
0.00327367
0.00324707
0.0032202
0.00319496
0.00317028
0.00314692
0.00312463
0.00310361
0.00308369
0.00306478
0.00304669
0.00302926
0.00301232
0.00299567
0.00297916
0.00296267
0.00294613
0.00292952
0.00291283
0.00289609
0.00287929
0.00286246
0.00284561
0.00282875
0.00281188
0.002795
0.00277812
0.00276124
0.00274435
0.00272747
0.00271059
0.0026937
0.00267682
0.00265993
0.00264305
0.00262617
0.00260928
0.0025924
0.00257551
0.00255863
0.00254174
0.00252486
0.00250797
0.00249109
0.00247421
0.00245732
0.00244044
0.00242355
0.00240667
0.00238978
0.0023729
0.00235602
0.00233913
0.00232225
0.00230536
0.00228848
0.00227159
0.00225471
0.00223783
0.00222094
0.00220406
0.00218717
0.00217029
0.0021534
0.00213652
0.00211963
0.00210275
0.00208587
0.00206898
0.0020521
0.00203521
0.00201833
0.00200144
0.00198456
0.00196768
0.00195079
0.00193391
0.00191702
0.00190014
0.00188325
0.00186637
0.00184949
0.0018326
0.00181572
0.00179883
0.00178195
0.00176506
0.00174818
0.00173129
0.00171441
0.00169753
0.00168064
0.00166376
0.00164687
0.00162999
0.0016131
0.00159622
0.00157934
0.00156245
0.00154557
0.00152868
0.0015118
0.00149491
0.00147803
0.00146114
0.00144426
0.00142738
0.00141049
0.00139361
0.00137672
0.00135984
0.00134295
0.00132607
0.00130919
0.0012923
0.00127542
0.00125853
0.00124165
0.00122476
0.00120788
0.001191
0.00117411
0.00115723
0.00114034
0.00112346
0.00110657
0.00108969
0.0010728
0.00105593
0.00103902
0.00102217
0.00100524
0.000988426
0.000971439
0.000954695
0.000937624
0.000920981
0.00090379
0.000887287
0.000869938
0.000853609
0.000836073
0.00081994
0.000802206
0.000786266
0.00076835
0.000752573
0.00073452
0.000718847
0.000700731
0.000685075
0.000666991
0.000651252
0.000633301
0.000617381
0.000599657
0.00058347
0.000566044
0.000549535
0.000532447
0.000515595
0.000498845
0.00048167
0.000465217
0.00044778
0.000431547
0.000413936
0.000397828
0.00038014
0.000364069
0.000346373
0.000330295
0.000312604
0.000296542
0.000278797
0.000262835
0.00024495
0.000229142
0.000211137
0.000195358
0.000177454
0.000161453
0.00014383
0.000127574
0.000110122
9.37709e-05
7.63958e-05
5.9946e-05
4.26952e-05
2.61897e-05
9.2126e-06
0.00382807
0.00352507
0.00355853
0.00345921
0.00344589
0.00339362
0.00336785
0.00333125
0.00330373
0.00327363
0.00324705
0.00322017
0.00319494
0.00317026
0.0031469
0.00312461
0.0031036
0.00308368
0.00306477
0.00304668
0.00302926
0.00301232
0.00299567
0.00297916
0.00296267
0.00294613
0.00292952
0.00291283
0.00289609
0.00287929
0.00286246
0.00284561
0.00282875
0.00281188
0.002795
0.00277812
0.00276124
0.00274435
0.00272747
0.00271059
0.0026937
0.00267682
0.00265993
0.00264305
0.00262617
0.00260928
0.0025924
0.00257551
0.00255863
0.00254174
0.00252486
0.00250797
0.00249109
0.00247421
0.00245732
0.00244044
0.00242355
0.00240667
0.00238978
0.0023729
0.00235602
0.00233913
0.00232225
0.00230536
0.00228848
0.00227159
0.00225471
0.00223783
0.00222094
0.00220406
0.00218717
0.00217029
0.0021534
0.00213652
0.00211963
0.00210275
0.00208587
0.00206898
0.0020521
0.00203521
0.00201833
0.00200144
0.00198456
0.00196768
0.00195079
0.00193391
0.00191702
0.00190014
0.00188325
0.00186637
0.00184949
0.0018326
0.00181572
0.00179883
0.00178195
0.00176506
0.00174818
0.00173129
0.00171441
0.00169753
0.00168064
0.00166376
0.00164687
0.00162999
0.0016131
0.00159622
0.00157934
0.00156245
0.00154557
0.00152868
0.0015118
0.00149491
0.00147803
0.00146114
0.00144426
0.00142738
0.00141049
0.00139361
0.00137672
0.00135984
0.00134295
0.00132607
0.00130919
0.0012923
0.00127542
0.00125853
0.00124165
0.00122476
0.00120788
0.001191
0.00117411
0.00115723
0.00114034
0.00112346
0.00110657
0.00108969
0.0010728
0.00105593
0.00103902
0.00102217
0.00100524
0.000988426
0.000971439
0.000954695
0.000937624
0.000920981
0.000903791
0.000887287
0.000869938
0.000853609
0.000836073
0.00081994
0.000802206
0.000786266
0.00076835
0.000752573
0.00073452
0.000718847
0.000700731
0.000685075
0.000666991
0.000651252
0.000633301
0.000617381
0.000599657
0.00058347
0.000566044
0.000549535
0.000532447
0.000515595
0.000498845
0.00048167
0.000465217
0.00044778
0.000431547
0.000413936
0.000397828
0.00038014
0.000364068
0.000346374
0.000330294
0.000312605
0.000296541
0.000278798
0.000262835
0.00024495
0.000229142
0.000211137
0.000195358
0.000177454
0.000161453
0.00014383
0.000127574
0.000110122
9.37711e-05
7.63957e-05
5.99477e-05
4.26954e-05
2.62024e-05
9.22622e-06
0.00383139
0.00352346
0.00355781
0.0034589
0.0034457
0.00339352
0.00336778
0.0033312
0.00330369
0.0032736
0.00324702
0.00322015
0.00319492
0.00317024
0.00314689
0.0031246
0.00310359
0.00308367
0.00306476
0.00304668
0.00302926
0.00301231
0.00299567
0.00297916
0.00296267
0.00294613
0.00292952
0.00291284
0.00289609
0.00287929
0.00286246
0.00284561
0.00282875
0.00281188
0.002795
0.00277812
0.00276124
0.00274435
0.00272747
0.00271059
0.0026937
0.00267682
0.00265993
0.00264305
0.00262617
0.00260928
0.0025924
0.00257551
0.00255863
0.00254174
0.00252486
0.00250797
0.00249109
0.00247421
0.00245732
0.00244044
0.00242355
0.00240667
0.00238978
0.0023729
0.00235602
0.00233913
0.00232225
0.00230536
0.00228848
0.00227159
0.00225471
0.00223783
0.00222094
0.00220406
0.00218717
0.00217029
0.0021534
0.00213652
0.00211963
0.00210275
0.00208587
0.00206898
0.0020521
0.00203521
0.00201833
0.00200144
0.00198456
0.00196768
0.00195079
0.00193391
0.00191702
0.00190014
0.00188325
0.00186637
0.00184949
0.0018326
0.00181572
0.00179883
0.00178195
0.00176506
0.00174818
0.00173129
0.00171441
0.00169753
0.00168064
0.00166376
0.00164687
0.00162999
0.0016131
0.00159622
0.00157934
0.00156245
0.00154557
0.00152868
0.0015118
0.00149491
0.00147803
0.00146114
0.00144426
0.00142738
0.00141049
0.00139361
0.00137672
0.00135984
0.00134295
0.00132607
0.00130919
0.0012923
0.00127542
0.00125853
0.00124165
0.00122476
0.00120788
0.001191
0.00117411
0.00115723
0.00114034
0.00112346
0.00110657
0.00108969
0.0010728
0.00105593
0.00103902
0.00102217
0.00100524
0.000988426
0.000971439
0.000954695
0.000937624
0.000920981
0.000903791
0.000887287
0.000869938
0.000853609
0.000836073
0.00081994
0.000802206
0.000786266
0.00076835
0.000752573
0.00073452
0.000718847
0.000700731
0.000685075
0.000666991
0.000651252
0.000633301
0.000617381
0.000599657
0.00058347
0.000566044
0.000549535
0.000532447
0.000515595
0.000498845
0.00048167
0.000465217
0.00044778
0.000431547
0.000413937
0.000397828
0.00038014
0.000364068
0.000346374
0.000330294
0.000312605
0.000296541
0.000278798
0.000262835
0.00024495
0.000229142
0.000211137
0.000195358
0.000177454
0.000161453
0.00014383
0.000127574
0.000110122
9.37712e-05
7.63956e-05
5.99492e-05
4.26953e-05
2.62119e-05
9.23637e-06
0.00383486
0.0035218
0.00355709
0.0034586
0.00344554
0.00339343
0.00336772
0.00333115
0.00330366
0.00327358
0.003247
0.00322013
0.00319491
0.00317023
0.00314687
0.00312459
0.00310358
0.00308366
0.00306476
0.00304668
0.00302926
0.00301231
0.00299567
0.00297916
0.00296267
0.00294613
0.00292952
0.00291284
0.00289609
0.00287929
0.00286246
0.00284561
0.00282875
0.00281188
0.002795
0.00277812
0.00276124
0.00274435
0.00272747
0.00271059
0.0026937
0.00267682
0.00265993
0.00264305
0.00262617
0.00260928
0.0025924
0.00257551
0.00255863
0.00254174
0.00252486
0.00250797
0.00249109
0.00247421
0.00245732
0.00244044
0.00242355
0.00240667
0.00238978
0.0023729
0.00235602
0.00233913
0.00232225
0.00230536
0.00228848
0.00227159
0.00225471
0.00223783
0.00222094
0.00220406
0.00218717
0.00217029
0.0021534
0.00213652
0.00211963
0.00210275
0.00208587
0.00206898
0.0020521
0.00203521
0.00201833
0.00200144
0.00198456
0.00196768
0.00195079
0.00193391
0.00191702
0.00190014
0.00188325
0.00186637
0.00184949
0.0018326
0.00181572
0.00179883
0.00178195
0.00176506
0.00174818
0.00173129
0.00171441
0.00169753
0.00168064
0.00166376
0.00164687
0.00162999
0.0016131
0.00159622
0.00157934
0.00156245
0.00154557
0.00152868
0.0015118
0.00149491
0.00147803
0.00146114
0.00144426
0.00142738
0.00141049
0.00139361
0.00137672
0.00135984
0.00134295
0.00132607
0.00130919
0.0012923
0.00127542
0.00125853
0.00124165
0.00122476
0.00120788
0.001191
0.00117411
0.00115723
0.00114034
0.00112346
0.00110657
0.00108969
0.0010728
0.00105593
0.00103902
0.00102217
0.00100524
0.000988426
0.000971439
0.000954694
0.000937624
0.000920981
0.000903791
0.000887287
0.000869939
0.000853609
0.000836074
0.00081994
0.000802206
0.000786266
0.00076835
0.000752573
0.000734521
0.000718847
0.000700731
0.000685075
0.000666991
0.000651252
0.000633301
0.000617381
0.000599657
0.00058347
0.000566044
0.000549535
0.000532447
0.000515595
0.000498844
0.00048167
0.000465217
0.00044778
0.000431547
0.000413937
0.000397828
0.00038014
0.000364068
0.000346374
0.000330294
0.000312605
0.000296541
0.000278798
0.000262835
0.00024495
0.000229142
0.000211137
0.000195358
0.000177454
0.000161453
0.00014383
0.000127574
0.000110122
9.37713e-05
7.63955e-05
5.99504e-05
4.26952e-05
2.62185e-05
9.24337e-06
0.00383852
0.00352012
0.00355639
0.00345832
0.00344538
0.00339334
0.00336766
0.00333111
0.00330362
0.00327355
0.00324698
0.00322011
0.00319489
0.00317022
0.00314686
0.00312458
0.00310357
0.00308366
0.00306476
0.00304667
0.00302926
0.00301231
0.00299567
0.00297916
0.00296267
0.00294613
0.00292952
0.00291284
0.00289609
0.00287929
0.00286246
0.00284561
0.00282875
0.00281188
0.002795
0.00277812
0.00276124
0.00274435
0.00272747
0.00271059
0.0026937
0.00267682
0.00265993
0.00264305
0.00262617
0.00260928
0.0025924
0.00257551
0.00255863
0.00254174
0.00252486
0.00250797
0.00249109
0.00247421
0.00245732
0.00244044
0.00242355
0.00240667
0.00238978
0.0023729
0.00235602
0.00233913
0.00232225
0.00230536
0.00228848
0.00227159
0.00225471
0.00223783
0.00222094
0.00220406
0.00218717
0.00217029
0.0021534
0.00213652
0.00211963
0.00210275
0.00208587
0.00206898
0.0020521
0.00203521
0.00201833
0.00200144
0.00198456
0.00196768
0.00195079
0.00193391
0.00191702
0.00190014
0.00188325
0.00186637
0.00184949
0.0018326
0.00181572
0.00179883
0.00178195
0.00176506
0.00174818
0.00173129
0.00171441
0.00169753
0.00168064
0.00166376
0.00164687
0.00162999
0.0016131
0.00159622
0.00157934
0.00156245
0.00154557
0.00152868
0.0015118
0.00149491
0.00147803
0.00146114
0.00144426
0.00142738
0.00141049
0.00139361
0.00137672
0.00135984
0.00134295
0.00132607
0.00130919
0.0012923
0.00127542
0.00125853
0.00124165
0.00122476
0.00120788
0.001191
0.00117411
0.00115723
0.00114034
0.00112346
0.00110657
0.00108969
0.0010728
0.00105593
0.00103902
0.00102217
0.00100524
0.000988426
0.000971439
0.000954694
0.000937624
0.000920981
0.000903791
0.000887287
0.000869939
0.000853609
0.000836074
0.000819939
0.000802206
0.000786266
0.00076835
0.000752573
0.000734521
0.000718846
0.000700731
0.000685075
0.000666991
0.000651252
0.000633301
0.000617381
0.000599656
0.00058347
0.000566044
0.000549535
0.000532447
0.000515595
0.000498844
0.00048167
0.000465217
0.00044778
0.000431547
0.000413937
0.000397828
0.00038014
0.000364068
0.000346374
0.000330294
0.000312605
0.000296541
0.000278799
0.000262834
0.000244951
0.000229142
0.000211137
0.000195358
0.000177454
0.000161453
0.000143831
0.000127574
0.000110122
9.37714e-05
7.63954e-05
5.99514e-05
4.26949e-05
2.62227e-05
9.24764e-06
0.00384243
0.00351845
0.00355572
0.00345807
0.00344525
0.00339327
0.00336761
0.00333107
0.00330359
0.00327353
0.00324696
0.0032201
0.00319488
0.0031702
0.00314685
0.00312457
0.00310357
0.00308365
0.00306475
0.00304667
0.00302926
0.00301231
0.00299567
0.00297916
0.00296267
0.00294613
0.00292952
0.00291284
0.00289609
0.00287929
0.00286246
0.00284561
0.00282875
0.00281188
0.002795
0.00277812
0.00276124
0.00274435
0.00272747
0.00271059
0.0026937
0.00267682
0.00265993
0.00264305
0.00262617
0.00260928
0.0025924
0.00257551
0.00255863
0.00254174
0.00252486
0.00250797
0.00249109
0.00247421
0.00245732
0.00244044
0.00242355
0.00240667
0.00238978
0.0023729
0.00235602
0.00233913
0.00232225
0.00230536
0.00228848
0.00227159
0.00225471
0.00223783
0.00222094
0.00220406
0.00218717
0.00217029
0.0021534
0.00213652
0.00211963
0.00210275
0.00208587
0.00206898
0.0020521
0.00203521
0.00201833
0.00200144
0.00198456
0.00196768
0.00195079
0.00193391
0.00191702
0.00190014
0.00188325
0.00186637
0.00184949
0.0018326
0.00181572
0.00179883
0.00178195
0.00176506
0.00174818
0.00173129
0.00171441
0.00169753
0.00168064
0.00166376
0.00164687
0.00162999
0.0016131
0.00159622
0.00157934
0.00156245
0.00154557
0.00152868
0.0015118
0.00149491
0.00147803
0.00146114
0.00144426
0.00142738
0.00141049
0.00139361
0.00137672
0.00135984
0.00134295
0.00132607
0.00130919
0.0012923
0.00127542
0.00125853
0.00124165
0.00122476
0.00120788
0.001191
0.00117411
0.00115723
0.00114034
0.00112346
0.00110657
0.00108969
0.0010728
0.00105593
0.00103902
0.00102217
0.00100524
0.000988426
0.000971439
0.000954694
0.000937624
0.000920981
0.000903791
0.000887287
0.000869939
0.000853609
0.000836074
0.000819939
0.000802206
0.000786266
0.00076835
0.000752573
0.000734521
0.000718846
0.000700731
0.000685075
0.000666991
0.000651252
0.000633301
0.000617381
0.000599656
0.00058347
0.000566044
0.000549535
0.000532447
0.000515595
0.000498844
0.00048167
0.000465216
0.00044778
0.000431547
0.000413937
0.000397828
0.000380141
0.000364068
0.000346374
0.000330294
0.000312605
0.00029654
0.000278799
0.000262834
0.000244951
0.000229142
0.000211137
0.000195358
0.000177454
0.000161453
0.000143831
0.000127574
0.000110122
9.37714e-05
7.63954e-05
5.99522e-05
4.26946e-05
2.62249e-05
9.2497e-06
0.00384669
0.00351685
0.0035551
0.00345786
0.00344513
0.0033932
0.00336756
0.00333103
0.00330357
0.0032735
0.00324694
0.00322008
0.00319486
0.00317019
0.00314684
0.00312456
0.00310356
0.00308365
0.00306475
0.00304667
0.00302926
0.00301232
0.00299567
0.00297916
0.00296267
0.00294613
0.00292952
0.00291284
0.00289609
0.00287929
0.00286246
0.00284561
0.00282875
0.00281188
0.002795
0.00277812
0.00276124
0.00274435
0.00272747
0.00271059
0.0026937
0.00267682
0.00265993
0.00264305
0.00262617
0.00260928
0.0025924
0.00257551
0.00255863
0.00254174
0.00252486
0.00250797
0.00249109
0.00247421
0.00245732
0.00244044
0.00242355
0.00240667
0.00238978
0.0023729
0.00235602
0.00233913
0.00232225
0.00230536
0.00228848
0.00227159
0.00225471
0.00223783
0.00222094
0.00220406
0.00218717
0.00217029
0.0021534
0.00213652
0.00211963
0.00210275
0.00208587
0.00206898
0.0020521
0.00203521
0.00201833
0.00200144
0.00198456
0.00196768
0.00195079
0.00193391
0.00191702
0.00190014
0.00188325
0.00186637
0.00184949
0.0018326
0.00181572
0.00179883
0.00178195
0.00176506
0.00174818
0.00173129
0.00171441
0.00169753
0.00168064
0.00166376
0.00164687
0.00162999
0.0016131
0.00159622
0.00157934
0.00156245
0.00154557
0.00152868
0.0015118
0.00149491
0.00147803
0.00146114
0.00144426
0.00142738
0.00141049
0.00139361
0.00137672
0.00135984
0.00134295
0.00132607
0.00130919
0.0012923
0.00127542
0.00125853
0.00124165
0.00122476
0.00120788
0.001191
0.00117411
0.00115723
0.00114034
0.00112346
0.00110657
0.00108969
0.0010728
0.00105593
0.00103902
0.00102217
0.00100524
0.000988426
0.000971439
0.000954694
0.000937625
0.000920981
0.000903791
0.000887287
0.000869939
0.000853609
0.000836074
0.000819939
0.000802206
0.000786266
0.00076835
0.000752573
0.000734521
0.000718846
0.000700732
0.000685075
0.000666991
0.000651252
0.000633301
0.000617381
0.000599656
0.00058347
0.000566044
0.000549536
0.000532447
0.000515595
0.000498844
0.000481671
0.000465216
0.00044778
0.000431547
0.000413937
0.000397828
0.000380141
0.000364068
0.000346374
0.000330293
0.000312606
0.00029654
0.000278799
0.000262834
0.000244951
0.000229141
0.000211138
0.000195358
0.000177454
0.000161453
0.000143831
0.000127574
0.000110123
9.37714e-05
7.63954e-05
5.99527e-05
4.26942e-05
2.62259e-05
9.25007e-06
0.0038514
0.00351536
0.00355457
0.00345768
0.00344503
0.00339315
0.00336752
0.003331
0.00330354
0.00327348
0.00324692
0.00322007
0.00319485
0.00317018
0.00314684
0.00312456
0.00310356
0.00308365
0.00306475
0.00304667
0.00302926
0.00301232
0.00299567
0.00297916
0.00296267
0.00294613
0.00292952
0.00291284
0.00289609
0.00287929
0.00286246
0.00284561
0.00282875
0.00281188
0.002795
0.00277812
0.00276124
0.00274435
0.00272747
0.00271059
0.0026937
0.00267682
0.00265993
0.00264305
0.00262617
0.00260928
0.0025924
0.00257551
0.00255863
0.00254174
0.00252486
0.00250797
0.00249109
0.00247421
0.00245732
0.00244044
0.00242355
0.00240667
0.00238978
0.0023729
0.00235602
0.00233913
0.00232225
0.00230536
0.00228848
0.00227159
0.00225471
0.00223783
0.00222094
0.00220406
0.00218717
0.00217029
0.0021534
0.00213652
0.00211963
0.00210275
0.00208587
0.00206898
0.0020521
0.00203521
0.00201833
0.00200144
0.00198456
0.00196768
0.00195079
0.00193391
0.00191702
0.00190014
0.00188325
0.00186637
0.00184949
0.0018326
0.00181572
0.00179883
0.00178195
0.00176506
0.00174818
0.00173129
0.00171441
0.00169753
0.00168064
0.00166376
0.00164687
0.00162999
0.0016131
0.00159622
0.00157934
0.00156245
0.00154557
0.00152868
0.0015118
0.00149491
0.00147803
0.00146114
0.00144426
0.00142738
0.00141049
0.00139361
0.00137672
0.00135984
0.00134295
0.00132607
0.00130919
0.0012923
0.00127542
0.00125853
0.00124165
0.00122476
0.00120788
0.001191
0.00117411
0.00115723
0.00114034
0.00112346
0.00110657
0.00108969
0.0010728
0.00105593
0.00103902
0.00102217
0.00100524
0.000988426
0.000971439
0.000954694
0.000937625
0.000920981
0.000903791
0.000887287
0.000869939
0.000853609
0.000836074
0.000819939
0.000802206
0.000786265
0.00076835
0.000752573
0.000734521
0.000718846
0.000700732
0.000685075
0.000666991
0.000651252
0.000633301
0.000617381
0.000599656
0.00058347
0.000566044
0.000549536
0.000532447
0.000515595
0.000498844
0.000481671
0.000465216
0.00044778
0.000431546
0.000413937
0.000397828
0.000380141
0.000364068
0.000346374
0.000330293
0.000312606
0.00029654
0.000278799
0.000262833
0.000244952
0.000229141
0.000211138
0.000195358
0.000177454
0.000161453
0.000143831
0.000127574
0.000110123
9.37714e-05
7.63953e-05
5.99531e-05
4.26939e-05
2.6226e-05
9.24931e-06
0.00385669
0.00351405
0.00355413
0.00345753
0.00344494
0.00339309
0.00336748
0.00333097
0.00330352
0.00327346
0.0032469
0.00322005
0.00319484
0.00317017
0.00314683
0.00312455
0.00310355
0.00308365
0.00306475
0.00304667
0.00302926
0.00301232
0.00299567
0.00297916
0.00296267
0.00294613
0.00292952
0.00291284
0.00289609
0.00287929
0.00286246
0.00284561
0.00282875
0.00281188
0.002795
0.00277812
0.00276124
0.00274435
0.00272747
0.00271059
0.0026937
0.00267682
0.00265993
0.00264305
0.00262617
0.00260928
0.0025924
0.00257551
0.00255863
0.00254174
0.00252486
0.00250797
0.00249109
0.00247421
0.00245732
0.00244044
0.00242355
0.00240667
0.00238978
0.0023729
0.00235602
0.00233913
0.00232225
0.00230536
0.00228848
0.00227159
0.00225471
0.00223783
0.00222094
0.00220406
0.00218717
0.00217029
0.0021534
0.00213652
0.00211963
0.00210275
0.00208587
0.00206898
0.0020521
0.00203521
0.00201833
0.00200144
0.00198456
0.00196768
0.00195079
0.00193391
0.00191702
0.00190014
0.00188325
0.00186637
0.00184949
0.0018326
0.00181572
0.00179883
0.00178195
0.00176506
0.00174818
0.00173129
0.00171441
0.00169753
0.00168064
0.00166376
0.00164687
0.00162999
0.0016131
0.00159622
0.00157934
0.00156245
0.00154557
0.00152868
0.0015118
0.00149491
0.00147803
0.00146114
0.00144426
0.00142738
0.00141049
0.00139361
0.00137672
0.00135984
0.00134295
0.00132607
0.00130919
0.0012923
0.00127542
0.00125853
0.00124165
0.00122476
0.00120788
0.001191
0.00117411
0.00115723
0.00114034
0.00112346
0.00110657
0.00108969
0.0010728
0.00105593
0.00103902
0.00102217
0.00100524
0.000988426
0.000971439
0.000954694
0.000937625
0.000920981
0.000903791
0.000887286
0.000869939
0.000853609
0.000836074
0.000819939
0.000802207
0.000786265
0.00076835
0.000752573
0.000734521
0.000718846
0.000700732
0.000685074
0.000666991
0.000651252
0.000633301
0.000617381
0.000599656
0.000583471
0.000566044
0.000549536
0.000532446
0.000515596
0.000498844
0.000481671
0.000465216
0.00044778
0.000431546
0.000413937
0.000397827
0.000380141
0.000364068
0.000346374
0.000330293
0.000312606
0.00029654
0.0002788
0.000262833
0.000244952
0.000229141
0.000211138
0.000195358
0.000177454
0.000161453
0.000143831
0.000127574
0.000110123
9.37714e-05
7.63954e-05
5.99533e-05
4.26935e-05
2.62257e-05
9.24794e-06
0.00386278
0.00351298
0.00355377
0.0034574
0.00344486
0.00339304
0.00336744
0.00333094
0.00330349
0.00327344
0.00324689
0.00322003
0.00319482
0.00317016
0.00314682
0.00312454
0.00310355
0.00308364
0.00306475
0.00304667
0.00302926
0.00301232
0.00299567
0.00297916
0.00296267
0.00294613
0.00292952
0.00291284
0.00289609
0.00287929
0.00286246
0.00284561
0.00282875
0.00281188
0.002795
0.00277812
0.00276124
0.00274435
0.00272747
0.00271059
0.0026937
0.00267682
0.00265993
0.00264305
0.00262617
0.00260928
0.0025924
0.00257551
0.00255863
0.00254174
0.00252486
0.00250797
0.00249109
0.00247421
0.00245732
0.00244044
0.00242355
0.00240667
0.00238978
0.0023729
0.00235602
0.00233913
0.00232225
0.00230536
0.00228848
0.00227159
0.00225471
0.00223783
0.00222094
0.00220406
0.00218717
0.00217029
0.0021534
0.00213652
0.00211963
0.00210275
0.00208587
0.00206898
0.0020521
0.00203521
0.00201833
0.00200144
0.00198456
0.00196768
0.00195079
0.00193391
0.00191702
0.00190014
0.00188325
0.00186637
0.00184949
0.0018326
0.00181572
0.00179883
0.00178195
0.00176506
0.00174818
0.00173129
0.00171441
0.00169753
0.00168064
0.00166376
0.00164687
0.00162999
0.0016131
0.00159622
0.00157934
0.00156245
0.00154557
0.00152868
0.0015118
0.00149491
0.00147803
0.00146114
0.00144426
0.00142738
0.00141049
0.00139361
0.00137672
0.00135984
0.00134295
0.00132607
0.00130919
0.0012923
0.00127542
0.00125853
0.00124165
0.00122476
0.00120788
0.001191
0.00117411
0.00115723
0.00114034
0.00112346
0.00110657
0.00108969
0.0010728
0.00105593
0.00103902
0.00102217
0.00100524
0.000988426
0.000971439
0.000954694
0.000937625
0.000920981
0.000903791
0.000887286
0.000869939
0.000853608
0.000836074
0.000819939
0.000802207
0.000786265
0.000768351
0.000752572
0.000734521
0.000718846
0.000700732
0.000685074
0.000666991
0.000651252
0.000633301
0.000617381
0.000599656
0.000583471
0.000566044
0.000549536
0.000532446
0.000515596
0.000498844
0.000481671
0.000465216
0.00044778
0.000431546
0.000413937
0.000397827
0.000380141
0.000364068
0.000346375
0.000330293
0.000312606
0.00029654
0.0002788
0.000262833
0.000244952
0.000229141
0.000211138
0.000195358
0.000177454
0.000161453
0.000143831
0.000127573
0.000110123
9.37713e-05
7.63954e-05
5.99534e-05
4.26932e-05
2.62255e-05
9.2464e-06
0.00386989
0.00351213
0.00355346
0.00345728
0.00344478
0.00339299
0.0033674
0.00333091
0.00330346
0.00327342
0.00324687
0.00322002
0.00319481
0.00317015
0.00314681
0.00312453
0.00310354
0.00308364
0.00306475
0.00304667
0.00302926
0.00301232
0.00299567
0.00297916
0.00296267
0.00294613
0.00292952
0.00291284
0.00289609
0.00287929
0.00286246
0.00284561
0.00282875
0.00281188
0.002795
0.00277812
0.00276124
0.00274435
0.00272747
0.00271059
0.0026937
0.00267682
0.00265993
0.00264305
0.00262617
0.00260928
0.0025924
0.00257551
0.00255863
0.00254174
0.00252486
0.00250797
0.00249109
0.00247421
0.00245732
0.00244044
0.00242355
0.00240667
0.00238978
0.0023729
0.00235602
0.00233913
0.00232225
0.00230536
0.00228848
0.00227159
0.00225471
0.00223783
0.00222094
0.00220406
0.00218717
0.00217029
0.0021534
0.00213652
0.00211963
0.00210275
0.00208587
0.00206898
0.0020521
0.00203521
0.00201833
0.00200144
0.00198456
0.00196768
0.00195079
0.00193391
0.00191702
0.00190014
0.00188325
0.00186637
0.00184949
0.0018326
0.00181572
0.00179883
0.00178195
0.00176506
0.00174818
0.00173129
0.00171441
0.00169753
0.00168064
0.00166376
0.00164687
0.00162999
0.0016131
0.00159622
0.00157934
0.00156245
0.00154557
0.00152868
0.0015118
0.00149491
0.00147803
0.00146114
0.00144426
0.00142738
0.00141049
0.00139361
0.00137672
0.00135984
0.00134295
0.00132607
0.00130919
0.0012923
0.00127542
0.00125853
0.00124165
0.00122476
0.00120788
0.001191
0.00117411
0.00115723
0.00114034
0.00112346
0.00110657
0.00108969
0.0010728
0.00105593
0.00103902
0.00102217
0.00100524
0.000988426
0.000971439
0.000954694
0.000937625
0.000920981
0.000903791
0.000887286
0.000869939
0.000853608
0.000836074
0.000819939
0.000802207
0.000786265
0.000768351
0.000752572
0.000734521
0.000718846
0.000700732
0.000685074
0.000666991
0.000651252
0.000633301
0.000617381
0.000599656
0.000583471
0.000566044
0.000549536
0.000532446
0.000515596
0.000498844
0.000481671
0.000465216
0.00044778
0.000431546
0.000413937
0.000397827
0.000380141
0.000364068
0.000346375
0.000330293
0.000312606
0.000296539
0.0002788
0.000262833
0.000244953
0.00022914
0.000211138
0.000195358
0.000177454
0.000161453
0.000143831
0.000127573
0.000110123
9.37712e-05
7.63954e-05
5.99535e-05
4.26928e-05
2.62256e-05
9.24508e-06
0.0038771
0.00351157
0.00355322
0.00345717
0.00344471
0.00339294
0.00336736
0.00333088
0.00330344
0.0032734
0.00324685
0.00322
0.00319479
0.00317013
0.0031468
0.00312453
0.00310354
0.00308363
0.00306474
0.00304667
0.00302926
0.00301232
0.00299567
0.00297916
0.00296267
0.00294613
0.00292952
0.00291284
0.00289609
0.00287929
0.00286246
0.00284561
0.00282875
0.00281188
0.002795
0.00277812
0.00276124
0.00274435
0.00272747
0.00271059
0.0026937
0.00267682
0.00265993
0.00264305
0.00262617
0.00260928
0.0025924
0.00257551
0.00255863
0.00254174
0.00252486
0.00250797
0.00249109
0.00247421
0.00245732
0.00244044
0.00242355
0.00240667
0.00238978
0.0023729
0.00235602
0.00233913
0.00232225
0.00230536
0.00228848
0.00227159
0.00225471
0.00223783
0.00222094
0.00220406
0.00218717
0.00217029
0.0021534
0.00213652
0.00211963
0.00210275
0.00208587
0.00206898
0.0020521
0.00203521
0.00201833
0.00200144
0.00198456
0.00196768
0.00195079
0.00193391
0.00191702
0.00190014
0.00188325
0.00186637
0.00184949
0.0018326
0.00181572
0.00179883
0.00178195
0.00176506
0.00174818
0.00173129
0.00171441
0.00169753
0.00168064
0.00166376
0.00164687
0.00162999
0.0016131
0.00159622
0.00157934
0.00156245
0.00154557
0.00152868
0.0015118
0.00149491
0.00147803
0.00146114
0.00144426
0.00142738
0.00141049
0.00139361
0.00137672
0.00135984
0.00134295
0.00132607
0.00130919
0.0012923
0.00127542
0.00125853
0.00124165
0.00122476
0.00120788
0.001191
0.00117411
0.00115723
0.00114034
0.00112346
0.00110657
0.00108969
0.0010728
0.00105593
0.00103902
0.00102217
0.00100524
0.000988426
0.000971439
0.000954694
0.000937625
0.000920981
0.000903791
0.000887286
0.000869939
0.000853608
0.000836074
0.000819939
0.000802207
0.000786265
0.00076835
0.000752573
0.000734521
0.000718846
0.000700731
0.000685075
0.000666991
0.000651252
0.000633301
0.000617381
0.000599656
0.000583471
0.000566044
0.000549536
0.000532446
0.000515596
0.000498844
0.000481671
0.000465216
0.00044778
0.000431546
0.000413937
0.000397828
0.000380141
0.000364068
0.000346374
0.000330293
0.000312606
0.000296539
0.0002788
0.000262833
0.000244952
0.00022914
0.000211138
0.000195358
0.000177454
0.000161453
0.00014383
0.000127574
0.000110123
9.37713e-05
7.63952e-05
5.99536e-05
4.26923e-05
2.6226e-05
9.24432e-06
)
;

boundaryField
{
    inlet
    {
        type            zeroGradient;
    }
    outlet
    {
        type            fixedValue;
        value           uniform 0;
    }
    wall
    {
        type            zeroGradient;
    }
    axis
    {
        type            symmetryPlane;
    }
    frontAndBack
    {
        type            empty;
    }
}


// ************************************************************************* //
