/*--------------------------------*- C++ -*----------------------------------*\
| =========                 |                                                 |
| \\      /  F ield         | OpenFOAM: The Open Source CFD Toolbox           |
|  \\    /   O peration     | Version:  2412                                  |
|   \\  /    A nd           | Website:  www.openfoam.com                      |
|    \\/     M anipulation  |                                                 |
\*---------------------------------------------------------------------------*/
FoamFile
{
    version     2.0;
    format      ascii;
    arch        "LSB;label=32;scalar=64";
    class       volScalarField;
    location    "700";
    object      p;
}
// * * * * * * * * * * * * * * * * * * * * * * * * * * * * * * * * * * * * * //

dimensions      [0 2 -2 0 0 0 0];

internalField   nonuniform List<scalar> 
8000
(
0.00307169
0.00283704
0.00285888
0.00275485
0.00273969
0.00268603
0.00265981
0.00262279
0.00259509
0.00256477
0.00253811
0.00251119
0.00248604
0.00246125
0.00243751
0.00241424
0.00239172
0.00236965
0.00234817
0.00232707
0.00230647
0.00228621
0.00226637
0.00224682
0.00222765
0.00220873
0.00219013
0.00217176
0.00215369
0.00213582
0.00211821
0.00210078
0.00208359
0.00206656
0.00204975
0.00203309
0.00201663
0.0020003
0.00198416
0.00196814
0.00195229
0.00193656
0.00192097
0.0019055
0.00189017
0.00187495
0.00185985
0.00184485
0.00182997
0.00181518
0.00180051
0.00178591
0.00177143
0.00175702
0.00174272
0.00172848
0.00171435
0.00170028
0.0016863
0.00167238
0.00165855
0.00164478
0.00163108
0.00161745
0.00160389
0.00159038
0.00157694
0.00156356
0.00155024
0.00153697
0.00152376
0.0015106
0.0014975
0.00148444
0.00147143
0.00145847
0.00144556
0.00143269
0.00141987
0.00140708
0.00139435
0.00138165
0.00136899
0.00135636
0.00134378
0.00133123
0.00131872
0.00130624
0.0012938
0.00128138
0.001269
0.00125665
0.00124433
0.00123204
0.00121978
0.00120754
0.00119533
0.00118315
0.00117099
0.00115886
0.00114675
0.00113467
0.00112261
0.00111057
0.00109855
0.00108655
0.00107458
0.00106262
0.00105068
0.00103876
0.00102687
0.00101498
0.00100312
0.00099127
0.00097944
0.000967624
0.000955825
0.000944039
0.000932271
0.000920514
0.000908774
0.000897044
0.000885331
0.000873628
0.00086194
0.000850261
0.000838598
0.000826942
0.000815301
0.000803667
0.000792047
0.000780434
0.000768835
0.000757241
0.000745661
0.000734086
0.000722526
0.000710969
0.000699426
0.000687887
0.000676361
0.000664838
0.000653327
0.00064182
0.000630323
0.000618829
0.000607344
0.000595861
0.000584387
0.000572913
0.000561448
0.000549983
0.000538526
0.000527071
0.000515625
0.000504181
0.000492747
0.000481318
0.0004699
0.000458488
0.000447089
0.000435697
0.000424318
0.000412947
0.000401589
0.000390237
0.000378899
0.000367564
0.000356242
0.000344921
0.00033361
0.000322299
0.000310996
0.000299691
0.000288392
0.000277089
0.000265791
0.000254488
0.00024319
0.000231885
0.000220584
0.000209277
0.000197974
0.000186665
0.000175359
0.000164049
0.000152739
0.000141428
0.000130117
0.000118804
0.000107492
9.61772e-05
8.48652e-05
7.35498e-05
6.22368e-05
5.09216e-05
3.96075e-05
2.82923e-05
1.69718e-05
5.65866e-06
0.00307179
0.00283702
0.00285883
0.00275485
0.00273967
0.00268603
0.00265981
0.00262279
0.00259509
0.00256476
0.00253811
0.00251119
0.00248604
0.00246125
0.00243751
0.00241424
0.00239172
0.00236965
0.00234816
0.00232707
0.00230647
0.00228621
0.00226637
0.00224682
0.00222765
0.00220872
0.00219013
0.00217176
0.00215369
0.00213582
0.00211821
0.00210078
0.00208359
0.00206656
0.00204975
0.00203309
0.00201663
0.0020003
0.00198416
0.00196814
0.00195229
0.00193656
0.00192097
0.0019055
0.00189017
0.00187495
0.00185985
0.00184485
0.00182997
0.00181518
0.00180051
0.00178591
0.00177143
0.00175702
0.00174272
0.00172848
0.00171435
0.00170028
0.0016863
0.00167238
0.00165855
0.00164478
0.00163108
0.00161745
0.00160389
0.00159038
0.00157694
0.00156356
0.00155024
0.00153697
0.00152376
0.0015106
0.0014975
0.00148444
0.00147143
0.00145847
0.00144556
0.00143269
0.00141987
0.00140708
0.00139435
0.00138165
0.00136899
0.00135636
0.00134378
0.00133123
0.00131872
0.00130624
0.0012938
0.00128138
0.001269
0.00125665
0.00124433
0.00123204
0.00121978
0.00120754
0.00119533
0.00118315
0.00117099
0.00115886
0.00114675
0.00113467
0.00112261
0.00111057
0.00109855
0.00108655
0.00107458
0.00106262
0.00105068
0.00103876
0.00102687
0.00101498
0.00100312
0.00099127
0.00097944
0.000967624
0.000955825
0.000944039
0.000932271
0.000920514
0.000908774
0.000897044
0.000885331
0.000873628
0.00086194
0.000850261
0.000838598
0.000826942
0.000815301
0.000803667
0.000792047
0.000780434
0.000768835
0.000757241
0.000745661
0.000734086
0.000722526
0.000710969
0.000699426
0.000687887
0.000676361
0.000664838
0.000653327
0.00064182
0.000630323
0.000618829
0.000607344
0.000595861
0.000584387
0.000572913
0.000561448
0.000549983
0.000538526
0.000527071
0.000515625
0.000504181
0.000492747
0.000481318
0.0004699
0.000458488
0.000447089
0.000435697
0.000424318
0.000412947
0.000401589
0.000390237
0.000378899
0.000367564
0.000356242
0.000344921
0.00033361
0.000322299
0.000310996
0.000299691
0.000288392
0.000277089
0.000265791
0.000254488
0.00024319
0.000231885
0.000220584
0.000209277
0.000197974
0.000186665
0.000175359
0.000164049
0.000152739
0.000141428
0.000130117
0.000118804
0.000107492
9.61772e-05
8.48652e-05
7.35498e-05
6.22368e-05
5.09216e-05
3.96075e-05
2.82923e-05
1.69717e-05
5.65863e-06
0.00307199
0.00283694
0.00285879
0.00275483
0.00273966
0.00268602
0.0026598
0.00262278
0.00259508
0.00256476
0.00253811
0.00251119
0.00248604
0.00246124
0.00243751
0.00241424
0.00239172
0.00236965
0.00234816
0.00232707
0.00230647
0.00228621
0.00226637
0.00224682
0.00222765
0.00220872
0.00219013
0.00217176
0.00215369
0.00213582
0.00211821
0.00210078
0.00208359
0.00206656
0.00204975
0.00203309
0.00201663
0.0020003
0.00198416
0.00196814
0.00195229
0.00193655
0.00192097
0.0019055
0.00189017
0.00187495
0.00185985
0.00184485
0.00182997
0.00181518
0.0018005
0.00178591
0.00177143
0.00175702
0.00174272
0.00172848
0.00171435
0.00170028
0.0016863
0.00167238
0.00165855
0.00164478
0.00163108
0.00161745
0.00160389
0.00159038
0.00157694
0.00156356
0.00155024
0.00153697
0.00152376
0.0015106
0.0014975
0.00148444
0.00147143
0.00145847
0.00144556
0.00143269
0.00141987
0.00140708
0.00139435
0.00138165
0.00136899
0.00135636
0.00134378
0.00133123
0.00131872
0.00130624
0.0012938
0.00128138
0.001269
0.00125665
0.00124433
0.00123204
0.00121978
0.00120754
0.00119533
0.00118315
0.00117099
0.00115886
0.00114675
0.00113467
0.00112261
0.00111057
0.00109855
0.00108655
0.00107458
0.00106262
0.00105068
0.00103876
0.00102687
0.00101498
0.00100312
0.00099127
0.00097944
0.000967624
0.000955825
0.000944039
0.000932271
0.000920514
0.000908774
0.000897044
0.000885331
0.000873628
0.00086194
0.000850261
0.000838597
0.000826942
0.000815301
0.000803667
0.000792047
0.000780434
0.000768835
0.000757241
0.000745661
0.000734086
0.000722526
0.000710969
0.000699426
0.000687887
0.000676361
0.000664838
0.000653327
0.00064182
0.000630323
0.000618829
0.000607344
0.000595861
0.000584387
0.000572913
0.000561448
0.000549983
0.000538526
0.000527071
0.000515625
0.000504181
0.000492747
0.000481318
0.0004699
0.000458488
0.000447089
0.000435697
0.000424318
0.000412947
0.000401589
0.000390237
0.000378899
0.000367564
0.000356242
0.000344921
0.00033361
0.000322299
0.000310996
0.000299691
0.000288392
0.000277089
0.000265791
0.000254488
0.00024319
0.000231885
0.000220584
0.000209277
0.000197974
0.000186665
0.000175359
0.000164049
0.000152739
0.000141428
0.000130117
0.000118804
0.000107492
9.61772e-05
8.48652e-05
7.35498e-05
6.22368e-05
5.09216e-05
3.96075e-05
2.82923e-05
1.69718e-05
5.65867e-06
0.00307231
0.0028368
0.00285872
0.00275479
0.00273963
0.00268601
0.00265979
0.00262278
0.00259508
0.00256475
0.0025381
0.00251118
0.00248604
0.00246124
0.0024375
0.00241424
0.00239172
0.00236964
0.00234816
0.00232707
0.00230647
0.00228621
0.00226637
0.00224682
0.00222764
0.00220872
0.00219013
0.00217176
0.00215369
0.00213582
0.00211821
0.00210078
0.00208359
0.00206656
0.00204975
0.00203309
0.00201663
0.0020003
0.00198416
0.00196814
0.00195229
0.00193655
0.00192097
0.0019055
0.00189017
0.00187494
0.00185985
0.00184485
0.00182997
0.00181518
0.0018005
0.00178591
0.00177143
0.00175702
0.00174272
0.00172848
0.00171434
0.00170028
0.00168629
0.00167238
0.00165855
0.00164478
0.00163108
0.00161745
0.00160389
0.00159038
0.00157694
0.00156356
0.00155024
0.00153697
0.00152376
0.0015106
0.0014975
0.00148444
0.00147143
0.00145847
0.00144556
0.00143269
0.00141987
0.00140708
0.00139435
0.00138164
0.00136899
0.00135636
0.00134378
0.00133123
0.00131872
0.00130624
0.0012938
0.00128138
0.001269
0.00125665
0.00124433
0.00123204
0.00121978
0.00120754
0.00119533
0.00118315
0.00117099
0.00115886
0.00114675
0.00113467
0.00112261
0.00111057
0.00109855
0.00108655
0.00107458
0.00106262
0.00105068
0.00103876
0.00102687
0.00101498
0.00100312
0.00099127
0.00097944
0.000967623
0.000955825
0.000944039
0.00093227
0.000920514
0.000908774
0.000897044
0.000885331
0.000873628
0.00086194
0.000850261
0.000838597
0.000826942
0.000815301
0.000803667
0.000792047
0.000780434
0.000768835
0.000757241
0.000745661
0.000734086
0.000722526
0.000710969
0.000699426
0.000687887
0.000676361
0.000664838
0.000653327
0.00064182
0.000630323
0.000618829
0.000607344
0.000595861
0.000584387
0.000572913
0.000561448
0.000549983
0.000538526
0.000527071
0.000515625
0.000504181
0.000492747
0.000481318
0.0004699
0.000458488
0.000447089
0.000435697
0.000424318
0.000412947
0.000401589
0.000390237
0.000378899
0.000367564
0.000356241
0.000344921
0.00033361
0.000322299
0.000310996
0.000299691
0.000288392
0.000277089
0.000265791
0.000254488
0.00024319
0.000231885
0.000220584
0.000209277
0.000197974
0.000186665
0.000175359
0.000164049
0.000152739
0.000141428
0.000130117
0.000118804
0.000107492
9.61772e-05
8.48652e-05
7.35498e-05
6.22368e-05
5.09216e-05
3.96075e-05
2.82924e-05
1.69719e-05
5.65877e-06
0.00307273
0.00283662
0.00285864
0.00275475
0.0027396
0.00268599
0.00265977
0.00262277
0.00259507
0.00256475
0.0025381
0.00251118
0.00248603
0.00246124
0.0024375
0.00241423
0.00239171
0.00236964
0.00234816
0.00232706
0.00230647
0.0022862
0.00226636
0.00224682
0.00222764
0.00220872
0.00219013
0.00217176
0.00215369
0.00213581
0.00211821
0.00210078
0.00208359
0.00206656
0.00204975
0.00203309
0.00201663
0.0020003
0.00198416
0.00196814
0.00195229
0.00193655
0.00192097
0.0019055
0.00189017
0.00187494
0.00185985
0.00184485
0.00182997
0.00181518
0.0018005
0.00178591
0.00177143
0.00175702
0.00174272
0.00172848
0.00171434
0.00170028
0.00168629
0.00167238
0.00165855
0.00164477
0.00163108
0.00161745
0.00160389
0.00159038
0.00157694
0.00156356
0.00155024
0.00153697
0.00152376
0.0015106
0.0014975
0.00148444
0.00147143
0.00145847
0.00144556
0.00143269
0.00141987
0.00140708
0.00139435
0.00138164
0.00136899
0.00135636
0.00134378
0.00133123
0.00131872
0.00130624
0.0012938
0.00128138
0.001269
0.00125665
0.00124433
0.00123204
0.00121978
0.00120754
0.00119533
0.00118315
0.00117099
0.00115886
0.00114675
0.00113467
0.00112261
0.00111057
0.00109855
0.00108655
0.00107458
0.00106262
0.00105068
0.00103876
0.00102687
0.00101498
0.00100312
0.00099127
0.00097944
0.000967623
0.000955825
0.000944039
0.00093227
0.000920514
0.000908773
0.000897044
0.000885331
0.000873628
0.00086194
0.000850261
0.000838597
0.000826942
0.000815301
0.000803667
0.000792047
0.000780434
0.000768835
0.000757241
0.000745661
0.000734086
0.000722526
0.000710969
0.000699426
0.000687887
0.000676361
0.000664838
0.000653327
0.00064182
0.000630323
0.000618829
0.000607344
0.000595861
0.000584387
0.000572913
0.000561448
0.000549983
0.000538526
0.000527071
0.000515625
0.000504181
0.000492747
0.000481318
0.0004699
0.000458488
0.000447089
0.000435696
0.000424318
0.000412947
0.000401589
0.000390237
0.000378898
0.000367564
0.000356241
0.000344921
0.00033361
0.000322299
0.000310996
0.000299691
0.000288392
0.000277089
0.000265791
0.000254488
0.00024319
0.000231885
0.000220584
0.000209277
0.000197974
0.000186665
0.000175359
0.000164049
0.000152739
0.000141428
0.000130117
0.000118804
0.000107492
9.61772e-05
8.48652e-05
7.35498e-05
6.22368e-05
5.09216e-05
3.96075e-05
2.82924e-05
1.6972e-05
5.65892e-06
0.00307325
0.00283639
0.00285854
0.00275469
0.00273956
0.00268596
0.00265975
0.00262275
0.00259506
0.00256474
0.00253809
0.00251117
0.00248602
0.00246123
0.00243749
0.00241423
0.00239171
0.00236964
0.00234815
0.00232706
0.00230646
0.0022862
0.00226636
0.00224681
0.00222764
0.00220872
0.00219013
0.00217176
0.00215369
0.00213581
0.0021182
0.00210077
0.00208359
0.00206656
0.00204975
0.00203309
0.00201663
0.0020003
0.00198416
0.00196814
0.00195229
0.00193655
0.00192097
0.0019055
0.00189017
0.00187494
0.00185985
0.00184485
0.00182997
0.00181518
0.0018005
0.00178591
0.00177143
0.00175702
0.00174271
0.00172848
0.00171434
0.00170027
0.00168629
0.00167238
0.00165855
0.00164477
0.00163108
0.00161745
0.00160389
0.00159038
0.00157694
0.00156356
0.00155024
0.00153697
0.00152376
0.0015106
0.0014975
0.00148444
0.00147143
0.00145847
0.00144556
0.00143269
0.00141987
0.00140708
0.00139435
0.00138164
0.00136899
0.00135636
0.00134378
0.00133123
0.00131872
0.00130624
0.0012938
0.00128138
0.001269
0.00125665
0.00124433
0.00123204
0.00121978
0.00120754
0.00119533
0.00118315
0.00117099
0.00115886
0.00114675
0.00113467
0.00112261
0.00111057
0.00109855
0.00108655
0.00107458
0.00106262
0.00105068
0.00103876
0.00102687
0.00101498
0.00100312
0.00099127
0.00097944
0.000967623
0.000955825
0.000944039
0.00093227
0.000920514
0.000908773
0.000897044
0.000885331
0.000873627
0.00086194
0.000850261
0.000838597
0.000826941
0.000815301
0.000803666
0.000792047
0.000780434
0.000768835
0.000757241
0.000745661
0.000734086
0.000722525
0.000710969
0.000699426
0.000687887
0.00067636
0.000664838
0.000653327
0.00064182
0.000630323
0.000618829
0.000607344
0.000595861
0.000584387
0.000572913
0.000561448
0.000549983
0.000538526
0.000527071
0.000515625
0.000504181
0.000492747
0.000481317
0.0004699
0.000458488
0.000447089
0.000435696
0.000424318
0.000412946
0.000401589
0.000390237
0.000378898
0.000367564
0.000356241
0.000344921
0.00033361
0.000322299
0.000310996
0.000299691
0.000288392
0.000277089
0.000265791
0.000254488
0.00024319
0.000231885
0.000220584
0.000209277
0.000197974
0.000186665
0.000175359
0.000164049
0.000152739
0.000141428
0.000130117
0.000118804
0.000107492
9.61772e-05
8.48652e-05
7.35498e-05
6.22368e-05
5.09216e-05
3.96076e-05
2.82924e-05
1.69722e-05
5.65913e-06
0.00307388
0.00283612
0.00285841
0.00275461
0.00273951
0.00268593
0.00265973
0.00262273
0.00259504
0.00256472
0.00253808
0.00251116
0.00248602
0.00246122
0.00243749
0.00241422
0.0023917
0.00236963
0.00234815
0.00232706
0.00230646
0.0022862
0.00226636
0.00224681
0.00222764
0.00220871
0.00219012
0.00217176
0.00215368
0.00213581
0.0021182
0.00210077
0.00208358
0.00206656
0.00204975
0.00203309
0.00201662
0.0020003
0.00198415
0.00196814
0.00195228
0.00193655
0.00192097
0.0019055
0.00189017
0.00187494
0.00185985
0.00184485
0.00182997
0.00181518
0.0018005
0.00178591
0.00177143
0.00175702
0.00174271
0.00172848
0.00171434
0.00170027
0.00168629
0.00167238
0.00165855
0.00164477
0.00163108
0.00161745
0.00160389
0.00159038
0.00157694
0.00156356
0.00155024
0.00153697
0.00152376
0.0015106
0.0014975
0.00148444
0.00147143
0.00145847
0.00144556
0.00143269
0.00141987
0.00140708
0.00139435
0.00138164
0.00136899
0.00135636
0.00134378
0.00133123
0.00131872
0.00130624
0.0012938
0.00128138
0.001269
0.00125665
0.00124433
0.00123204
0.00121978
0.00120754
0.00119533
0.00118315
0.00117099
0.00115886
0.00114675
0.00113467
0.00112261
0.00111057
0.00109855
0.00108655
0.00107458
0.00106262
0.00105068
0.00103876
0.00102687
0.00101498
0.00100312
0.00099127
0.00097944
0.000967623
0.000955825
0.000944039
0.00093227
0.000920513
0.000908773
0.000897044
0.000885331
0.000873627
0.00086194
0.000850261
0.000838597
0.000826941
0.000815301
0.000803666
0.000792047
0.000780434
0.000768835
0.000757241
0.000745661
0.000734086
0.000722525
0.000710969
0.000699426
0.000687886
0.00067636
0.000664838
0.000653327
0.00064182
0.000630323
0.000618829
0.000607344
0.000595861
0.000584387
0.000572913
0.000561448
0.000549983
0.000538526
0.000527071
0.000515625
0.000504181
0.000492747
0.000481317
0.0004699
0.000458488
0.000447089
0.000435696
0.000424318
0.000412946
0.000401589
0.000390237
0.000378898
0.000367564
0.000356241
0.000344921
0.00033361
0.000322299
0.000310996
0.000299691
0.000288392
0.000277089
0.000265791
0.000254488
0.00024319
0.000231885
0.000220584
0.000209277
0.000197974
0.000186665
0.000175359
0.000164049
0.000152739
0.000141428
0.000130117
0.000118804
0.000107492
9.61772e-05
8.48652e-05
7.35498e-05
6.22368e-05
5.09216e-05
3.96076e-05
2.82924e-05
1.69725e-05
5.65938e-06
0.00307462
0.0028358
0.00285827
0.00275453
0.00273945
0.0026859
0.00265971
0.00262271
0.00259503
0.00256471
0.00253807
0.00251115
0.00248601
0.00246121
0.00243748
0.00241421
0.0023917
0.00236962
0.00234814
0.00232705
0.00230645
0.00228619
0.00226635
0.00224681
0.00222763
0.00220871
0.00219012
0.00217175
0.00215368
0.00213581
0.0021182
0.00210077
0.00208358
0.00206655
0.00204975
0.00203308
0.00201662
0.0020003
0.00198415
0.00196813
0.00195228
0.00193655
0.00192097
0.0019055
0.00189017
0.00187494
0.00185984
0.00184484
0.00182997
0.00181518
0.0018005
0.00178591
0.00177143
0.00175702
0.00174271
0.00172848
0.00171434
0.00170027
0.00168629
0.00167238
0.00165854
0.00164477
0.00163108
0.00161745
0.00160389
0.00159038
0.00157694
0.00156356
0.00155024
0.00153697
0.00152376
0.0015106
0.0014975
0.00148444
0.00147143
0.00145847
0.00144556
0.00143269
0.00141987
0.00140708
0.00139435
0.00138164
0.00136899
0.00135636
0.00134378
0.00133123
0.00131872
0.00130624
0.00129379
0.00128138
0.001269
0.00125665
0.00124433
0.00123204
0.00121978
0.00120754
0.00119533
0.00118315
0.00117099
0.00115886
0.00114675
0.00113467
0.00112261
0.00111057
0.00109855
0.00108655
0.00107458
0.00106262
0.00105068
0.00103876
0.00102687
0.00101498
0.00100312
0.00099127
0.00097944
0.000967623
0.000955825
0.000944039
0.00093227
0.000920513
0.000908773
0.000897044
0.000885331
0.000873627
0.00086194
0.000850261
0.000838597
0.000826941
0.0008153
0.000803666
0.000792047
0.000780433
0.000768835
0.000757241
0.000745661
0.000734086
0.000722525
0.000710969
0.000699426
0.000687886
0.00067636
0.000664838
0.000653327
0.00064182
0.000630323
0.000618829
0.000607344
0.000595861
0.000584387
0.000572913
0.000561448
0.000549983
0.000538526
0.000527071
0.000515625
0.000504181
0.000492747
0.000481317
0.0004699
0.000458487
0.000447089
0.000435696
0.000424318
0.000412946
0.000401589
0.000390237
0.000378898
0.000367564
0.000356241
0.000344921
0.00033361
0.000322299
0.000310996
0.000299691
0.000288392
0.000277089
0.000265791
0.000254488
0.00024319
0.000231885
0.000220584
0.000209277
0.000197974
0.000186665
0.000175359
0.000164049
0.000152739
0.000141428
0.000130117
0.000118804
0.000107492
9.61772e-05
8.48652e-05
7.35498e-05
6.22368e-05
5.09216e-05
3.96076e-05
2.82924e-05
1.69728e-05
5.65967e-06
0.00307546
0.00283543
0.0028581
0.00275443
0.00273939
0.00268586
0.00265968
0.00262269
0.00259501
0.00256469
0.00253805
0.00251114
0.002486
0.0024612
0.00243747
0.00241421
0.00239169
0.00236962
0.00234814
0.00232705
0.00230645
0.00228619
0.00226635
0.0022468
0.00222763
0.00220871
0.00219012
0.00217175
0.00215368
0.0021358
0.0021182
0.00210077
0.00208358
0.00206655
0.00204974
0.00203308
0.00201662
0.00200029
0.00198415
0.00196813
0.00195228
0.00193655
0.00192097
0.0019055
0.00189017
0.00187494
0.00185984
0.00184484
0.00182996
0.00181518
0.0018005
0.00178591
0.00177142
0.00175702
0.00174271
0.00172848
0.00171434
0.00170027
0.00168629
0.00167238
0.00165854
0.00164477
0.00163108
0.00161744
0.00160388
0.00159038
0.00157694
0.00156356
0.00155024
0.00153697
0.00152376
0.0015106
0.00149749
0.00148443
0.00147143
0.00145847
0.00144556
0.00143269
0.00141987
0.00140708
0.00139435
0.00138164
0.00136899
0.00135636
0.00134378
0.00133123
0.00131872
0.00130624
0.00129379
0.00128138
0.001269
0.00125665
0.00124433
0.00123204
0.00121978
0.00120754
0.00119533
0.00118315
0.00117099
0.00115886
0.00114675
0.00113467
0.00112261
0.00111057
0.00109855
0.00108655
0.00107458
0.00106262
0.00105068
0.00103876
0.00102686
0.00101498
0.00100312
0.00099127
0.000979439
0.000967623
0.000955824
0.000944039
0.00093227
0.000920513
0.000908773
0.000897044
0.000885331
0.000873627
0.00086194
0.000850261
0.000838597
0.000826941
0.0008153
0.000803666
0.000792047
0.000780433
0.000768834
0.000757241
0.000745661
0.000734086
0.000722525
0.000710969
0.000699426
0.000687886
0.00067636
0.000664838
0.000653327
0.000641819
0.000630323
0.000618829
0.000607344
0.000595861
0.000584387
0.000572913
0.000561448
0.000549983
0.000538526
0.000527071
0.000515625
0.00050418
0.000492747
0.000481317
0.0004699
0.000458487
0.000447089
0.000435696
0.000424318
0.000412946
0.000401589
0.000390237
0.000378898
0.000367564
0.000356241
0.000344921
0.00033361
0.000322299
0.000310996
0.000299691
0.000288392
0.000277089
0.000265791
0.000254488
0.00024319
0.000231885
0.000220584
0.000209277
0.000197974
0.000186665
0.000175359
0.000164049
0.000152739
0.000141428
0.000130117
0.000118804
0.000107492
9.61772e-05
8.48652e-05
7.35498e-05
6.22368e-05
5.09216e-05
3.96076e-05
2.82924e-05
1.69731e-05
5.65999e-06
0.0030764
0.00283502
0.00285792
0.00275432
0.00273932
0.00268582
0.00265964
0.00262267
0.00259499
0.00256468
0.00253804
0.00251113
0.00248598
0.00246119
0.00243746
0.0024142
0.00239168
0.00236961
0.00234813
0.00232704
0.00230644
0.00228618
0.00226634
0.0022468
0.00222762
0.0022087
0.00219011
0.00217175
0.00215367
0.0021358
0.00211819
0.00210076
0.00208358
0.00206655
0.00204974
0.00203308
0.00201662
0.00200029
0.00198415
0.00196813
0.00195228
0.00193655
0.00192097
0.00190549
0.00189017
0.00187494
0.00185984
0.00184484
0.00182996
0.00181517
0.0018005
0.00178591
0.00177142
0.00175702
0.00174271
0.00172848
0.00171434
0.00170027
0.00168629
0.00167238
0.00165854
0.00164477
0.00163108
0.00161744
0.00160388
0.00159038
0.00157694
0.00156356
0.00155024
0.00153697
0.00152376
0.0015106
0.00149749
0.00148443
0.00147143
0.00145847
0.00144556
0.00143269
0.00141987
0.00140708
0.00139435
0.00138164
0.00136899
0.00135636
0.00134378
0.00133123
0.00131872
0.00130624
0.00129379
0.00128138
0.001269
0.00125665
0.00124433
0.00123204
0.00121978
0.00120754
0.00119533
0.00118315
0.00117099
0.00115886
0.00114675
0.00113467
0.00112261
0.00111057
0.00109855
0.00108655
0.00107458
0.00106262
0.00105068
0.00103876
0.00102686
0.00101498
0.00100312
0.000991269
0.000979439
0.000967623
0.000955824
0.000944038
0.00093227
0.000920513
0.000908773
0.000897044
0.00088533
0.000873627
0.000861939
0.000850261
0.000838597
0.000826941
0.0008153
0.000803666
0.000792047
0.000780433
0.000768834
0.00075724
0.000745661
0.000734086
0.000722525
0.000710968
0.000699425
0.000687886
0.00067636
0.000664837
0.000653327
0.000641819
0.000630323
0.000618829
0.000607344
0.000595861
0.000584387
0.000572913
0.000561448
0.000549983
0.000538526
0.000527071
0.000515624
0.00050418
0.000492747
0.000481317
0.0004699
0.000458487
0.000447088
0.000435696
0.000424318
0.000412946
0.000401588
0.000390237
0.000378898
0.000367564
0.000356241
0.000344921
0.00033361
0.000322299
0.000310996
0.000299691
0.000288392
0.000277089
0.000265791
0.000254488
0.00024319
0.000231885
0.000220584
0.000209277
0.000197974
0.000186665
0.000175359
0.000164049
0.000152739
0.000141428
0.000130117
0.000118804
0.000107492
9.61772e-05
8.48652e-05
7.35498e-05
6.22368e-05
5.09216e-05
3.96076e-05
2.82924e-05
1.69734e-05
5.66035e-06
0.00307746
0.00283456
0.00285771
0.0027542
0.00273924
0.00268577
0.00265961
0.00262264
0.00259496
0.00256466
0.00253802
0.00251111
0.00248597
0.00246118
0.00243745
0.00241419
0.00239167
0.0023696
0.00234812
0.00232703
0.00230644
0.00228617
0.00226634
0.00224679
0.00222762
0.0022087
0.00219011
0.00217174
0.00215367
0.0021358
0.00211819
0.00210076
0.00208357
0.00206655
0.00204974
0.00203308
0.00201662
0.00200029
0.00198415
0.00196813
0.00195228
0.00193654
0.00192096
0.00190549
0.00189016
0.00187494
0.00185984
0.00184484
0.00182996
0.00181517
0.0018005
0.00178591
0.00177142
0.00175702
0.00174271
0.00172848
0.00171434
0.00170027
0.00168629
0.00167237
0.00165854
0.00164477
0.00163108
0.00161744
0.00160388
0.00159038
0.00157694
0.00156356
0.00155024
0.00153697
0.00152376
0.0015106
0.00149749
0.00148443
0.00147143
0.00145847
0.00144556
0.00143269
0.00141987
0.00140708
0.00139434
0.00138164
0.00136899
0.00135636
0.00134378
0.00133123
0.00131872
0.00130624
0.00129379
0.00128138
0.001269
0.00125665
0.00124433
0.00123204
0.00121978
0.00120754
0.00119533
0.00118315
0.00117099
0.00115886
0.00114675
0.00113467
0.00112261
0.00111057
0.00109855
0.00108655
0.00107458
0.00106262
0.00105068
0.00103876
0.00102686
0.00101498
0.00100312
0.000991269
0.000979439
0.000967623
0.000955824
0.000944038
0.00093227
0.000920513
0.000908773
0.000897044
0.00088533
0.000873627
0.000861939
0.00085026
0.000838597
0.000826941
0.0008153
0.000803666
0.000792047
0.000780433
0.000768834
0.00075724
0.000745661
0.000734086
0.000722525
0.000710968
0.000699425
0.000687886
0.00067636
0.000664837
0.000653327
0.000641819
0.000630323
0.000618828
0.000607344
0.000595861
0.000584387
0.000572913
0.000561448
0.000549983
0.000538526
0.000527071
0.000515624
0.00050418
0.000492747
0.000481317
0.000469899
0.000458487
0.000447088
0.000435696
0.000424318
0.000412946
0.000401588
0.000390237
0.000378898
0.000367564
0.000356241
0.000344921
0.00033361
0.000322299
0.000310996
0.000299691
0.000288392
0.000277089
0.000265791
0.000254488
0.00024319
0.000231885
0.000220584
0.000209277
0.000197974
0.000186665
0.000175359
0.000164049
0.000152739
0.000141428
0.000130117
0.000118804
0.000107492
9.61773e-05
8.48652e-05
7.35498e-05
6.22368e-05
5.09216e-05
3.96076e-05
2.82925e-05
1.69738e-05
5.66072e-06
0.00307862
0.00283405
0.00285748
0.00275406
0.00273915
0.00268571
0.00265957
0.00262261
0.00259494
0.00256464
0.002538
0.00251109
0.00248596
0.00246117
0.00243744
0.00241418
0.00239166
0.00236959
0.00234811
0.00232703
0.00230643
0.00228617
0.00226633
0.00224679
0.00222761
0.00220869
0.0021901
0.00217174
0.00215367
0.00213579
0.00211819
0.00210076
0.00208357
0.00206654
0.00204973
0.00203307
0.00201661
0.00200029
0.00198414
0.00196813
0.00195228
0.00193654
0.00192096
0.00190549
0.00189016
0.00187493
0.00185984
0.00184484
0.00182996
0.00181517
0.0018005
0.00178591
0.00177142
0.00175702
0.00174271
0.00172848
0.00171434
0.00170027
0.00168629
0.00167237
0.00165854
0.00164477
0.00163108
0.00161744
0.00160388
0.00159038
0.00157694
0.00156355
0.00155024
0.00153697
0.00152376
0.0015106
0.00149749
0.00148443
0.00147143
0.00145847
0.00144556
0.00143269
0.00141987
0.00140708
0.00139434
0.00138164
0.00136898
0.00135636
0.00134378
0.00133123
0.00131872
0.00130624
0.00129379
0.00128138
0.001269
0.00125665
0.00124433
0.00123204
0.00121977
0.00120754
0.00119533
0.00118315
0.00117099
0.00115886
0.00114675
0.00113467
0.00112261
0.00111057
0.00109855
0.00108655
0.00107458
0.00106262
0.00105068
0.00103876
0.00102686
0.00101498
0.00100312
0.000991269
0.000979439
0.000967623
0.000955824
0.000944038
0.00093227
0.000920513
0.000908773
0.000897043
0.00088533
0.000873627
0.000861939
0.00085026
0.000838597
0.000826941
0.0008153
0.000803666
0.000792047
0.000780433
0.000768834
0.00075724
0.000745661
0.000734086
0.000722525
0.000710968
0.000699425
0.000687886
0.00067636
0.000664837
0.000653327
0.000641819
0.000630323
0.000618828
0.000607344
0.000595861
0.000584387
0.000572913
0.000561447
0.000549983
0.000538526
0.000527071
0.000515624
0.00050418
0.000492747
0.000481317
0.000469899
0.000458487
0.000447088
0.000435696
0.000424317
0.000412946
0.000401588
0.000390236
0.000378898
0.000367564
0.000356241
0.00034492
0.00033361
0.000322299
0.000310996
0.000299691
0.000288392
0.000277089
0.000265791
0.000254488
0.00024319
0.000231885
0.000220585
0.000209277
0.000197974
0.000186665
0.000175359
0.000164049
0.000152739
0.000141428
0.000130117
0.000118804
0.000107492
9.61773e-05
8.48653e-05
7.35498e-05
6.22368e-05
5.09216e-05
3.96077e-05
2.82925e-05
1.69742e-05
5.66111e-06
0.00307988
0.00283349
0.00285722
0.00275391
0.00273905
0.00268566
0.00265952
0.00262257
0.00259491
0.00256461
0.00253798
0.00251108
0.00248594
0.00246115
0.00243743
0.00241416
0.00239165
0.00236958
0.00234811
0.00232702
0.00230642
0.00228616
0.00226633
0.00224678
0.00222761
0.00220869
0.0021901
0.00217173
0.00215366
0.00213579
0.00211818
0.00210075
0.00208357
0.00206654
0.00204973
0.00203307
0.00201661
0.00200028
0.00198414
0.00196812
0.00195227
0.00193654
0.00192096
0.00190549
0.00189016
0.00187493
0.00185984
0.00184484
0.00182996
0.00181517
0.00180049
0.0017859
0.00177142
0.00175701
0.00174271
0.00172848
0.00171434
0.00170027
0.00168629
0.00167237
0.00165854
0.00164477
0.00163108
0.00161744
0.00160388
0.00159037
0.00157694
0.00156355
0.00155024
0.00153696
0.00152376
0.00151059
0.00149749
0.00148443
0.00147143
0.00145847
0.00144556
0.00143269
0.00141986
0.00140708
0.00139434
0.00138164
0.00136898
0.00135636
0.00134378
0.00133123
0.00131872
0.00130624
0.00129379
0.00128138
0.001269
0.00125665
0.00124433
0.00123204
0.00121977
0.00120754
0.00119533
0.00118315
0.00117099
0.00115886
0.00114675
0.00113467
0.00112261
0.00111057
0.00109855
0.00108655
0.00107458
0.00106262
0.00105068
0.00103876
0.00102686
0.00101498
0.00100312
0.000991269
0.000979439
0.000967622
0.000955824
0.000944038
0.000932269
0.000920513
0.000908773
0.000897043
0.00088533
0.000873627
0.000861939
0.00085026
0.000838597
0.000826941
0.0008153
0.000803666
0.000792047
0.000780433
0.000768834
0.00075724
0.000745661
0.000734086
0.000722525
0.000710968
0.000699425
0.000687886
0.00067636
0.000664837
0.000653327
0.000641819
0.000630323
0.000618828
0.000607344
0.000595861
0.000584386
0.000572913
0.000561447
0.000549983
0.000538526
0.000527071
0.000515624
0.00050418
0.000492747
0.000481317
0.000469899
0.000458487
0.000447088
0.000435696
0.000424317
0.000412946
0.000401588
0.000390236
0.000378898
0.000367564
0.000356241
0.00034492
0.00033361
0.000322299
0.000310996
0.000299691
0.000288392
0.000277089
0.000265791
0.000254488
0.00024319
0.000231885
0.000220585
0.000209277
0.000197974
0.000186665
0.000175359
0.000164049
0.000152739
0.000141428
0.000130117
0.000118804
0.000107492
9.61773e-05
8.48653e-05
7.35498e-05
6.22368e-05
5.09216e-05
3.96077e-05
2.82925e-05
1.69746e-05
5.66151e-06
0.00308126
0.00283288
0.00285695
0.00275375
0.00273895
0.00268559
0.00265947
0.00262254
0.00259488
0.00256459
0.00253796
0.00251106
0.00248592
0.00246114
0.00243741
0.00241415
0.00239164
0.00236957
0.0023481
0.00232701
0.00230641
0.00228615
0.00226632
0.00224677
0.0022276
0.00220868
0.00219009
0.00217173
0.00215366
0.00213578
0.00211818
0.00210075
0.00208356
0.00206654
0.00204973
0.00203307
0.00201661
0.00200028
0.00198414
0.00196812
0.00195227
0.00193654
0.00192096
0.00190549
0.00189016
0.00187493
0.00185984
0.00184484
0.00182996
0.00181517
0.00180049
0.0017859
0.00177142
0.00175701
0.00174271
0.00172848
0.00171434
0.00170027
0.00168629
0.00167237
0.00165854
0.00164477
0.00163108
0.00161744
0.00160388
0.00159037
0.00157694
0.00156355
0.00155023
0.00153696
0.00152376
0.00151059
0.00149749
0.00148443
0.00147143
0.00145847
0.00144556
0.00143269
0.00141986
0.00140708
0.00139434
0.00138164
0.00136898
0.00135636
0.00134378
0.00133123
0.00131872
0.00130624
0.00129379
0.00128138
0.001269
0.00125665
0.00124433
0.00123204
0.00121977
0.00120754
0.00119533
0.00118315
0.00117099
0.00115886
0.00114675
0.00113467
0.00112261
0.00111057
0.00109855
0.00108655
0.00107458
0.00106262
0.00105068
0.00103876
0.00102686
0.00101498
0.00100312
0.000991269
0.000979439
0.000967622
0.000955824
0.000944038
0.000932269
0.000920513
0.000908772
0.000897043
0.00088533
0.000873627
0.000861939
0.00085026
0.000838597
0.000826941
0.0008153
0.000803666
0.000792046
0.000780433
0.000768834
0.00075724
0.000745661
0.000734086
0.000722525
0.000710968
0.000699425
0.000687886
0.00067636
0.000664837
0.000653327
0.000641819
0.000630323
0.000618828
0.000607344
0.000595861
0.000584386
0.000572913
0.000561447
0.000549983
0.000538526
0.000527071
0.000515624
0.00050418
0.000492747
0.000481317
0.000469899
0.000458487
0.000447088
0.000435695
0.000424317
0.000412946
0.000401588
0.000390236
0.000378898
0.000367563
0.000356241
0.00034492
0.00033361
0.000322299
0.000310996
0.000299691
0.000288392
0.000277089
0.000265791
0.000254488
0.00024319
0.000231885
0.000220585
0.000209277
0.000197974
0.000186665
0.000175359
0.000164049
0.000152739
0.000141428
0.000130117
0.000118804
0.000107492
9.61773e-05
8.48653e-05
7.35498e-05
6.22368e-05
5.09216e-05
3.96077e-05
2.82925e-05
1.6975e-05
5.66191e-06
0.00308274
0.00283222
0.00285665
0.00275358
0.00273884
0.00268552
0.00265942
0.0026225
0.00259485
0.00256456
0.00253794
0.00251104
0.0024859
0.00246112
0.0024374
0.00241414
0.00239163
0.00236956
0.00234809
0.002327
0.0023064
0.00228615
0.00226631
0.00224677
0.0022276
0.00220868
0.00219009
0.00217172
0.00215365
0.00213578
0.00211817
0.00210075
0.00208356
0.00206653
0.00204973
0.00203306
0.0020166
0.00200028
0.00198414
0.00196812
0.00195227
0.00193654
0.00192096
0.00190549
0.00189016
0.00187493
0.00185983
0.00184483
0.00182996
0.00181517
0.00180049
0.0017859
0.00177142
0.00175701
0.00174271
0.00172847
0.00171434
0.00170027
0.00168629
0.00167237
0.00165854
0.00164477
0.00163108
0.00161744
0.00160388
0.00159037
0.00157694
0.00156355
0.00155023
0.00153696
0.00152376
0.00151059
0.00149749
0.00148443
0.00147143
0.00145847
0.00144556
0.00143268
0.00141986
0.00140708
0.00139434
0.00138164
0.00136898
0.00135636
0.00134378
0.00133123
0.00131872
0.00130624
0.00129379
0.00128138
0.001269
0.00125665
0.00124433
0.00123204
0.00121977
0.00120754
0.00119533
0.00118315
0.00117099
0.00115886
0.00114675
0.00113467
0.00112261
0.00111057
0.00109855
0.00108655
0.00107458
0.00106262
0.00105068
0.00103876
0.00102686
0.00101498
0.00100312
0.000991269
0.000979438
0.000967622
0.000955824
0.000944038
0.000932269
0.000920512
0.000908772
0.000897043
0.00088533
0.000873626
0.000861939
0.00085026
0.000838596
0.000826941
0.0008153
0.000803666
0.000792046
0.000780433
0.000768834
0.00075724
0.000745661
0.000734086
0.000722525
0.000710968
0.000699425
0.000687886
0.00067636
0.000664837
0.000653327
0.000641819
0.000630323
0.000618828
0.000607344
0.000595861
0.000584386
0.000572913
0.000561447
0.000549982
0.000538526
0.00052707
0.000515624
0.00050418
0.000492747
0.000481317
0.000469899
0.000458487
0.000447088
0.000435695
0.000424317
0.000412945
0.000401588
0.000390236
0.000378898
0.000367563
0.000356241
0.00034492
0.00033361
0.000322299
0.000310996
0.000299691
0.000288392
0.000277089
0.000265791
0.000254488
0.00024319
0.000231885
0.000220585
0.000209277
0.000197974
0.000186665
0.000175359
0.000164049
0.000152739
0.000141428
0.000130117
0.000118804
0.000107492
9.61773e-05
8.48653e-05
7.35498e-05
6.22368e-05
5.09216e-05
3.96077e-05
2.82925e-05
1.69754e-05
5.66232e-06
0.00308433
0.00283151
0.00285633
0.0027534
0.00273872
0.00268545
0.00265937
0.00262245
0.00259481
0.00256453
0.00253791
0.00251101
0.00248588
0.00246111
0.00243738
0.00241412
0.00239162
0.00236955
0.00234808
0.00232699
0.0023064
0.00228614
0.0022663
0.00224676
0.00222759
0.00220867
0.00219008
0.00217172
0.00215365
0.00213578
0.00211817
0.00210074
0.00208355
0.00206653
0.00204972
0.00203306
0.0020166
0.00200028
0.00198413
0.00196812
0.00195227
0.00193653
0.00192095
0.00190548
0.00189015
0.00187493
0.00185983
0.00184483
0.00182995
0.00181517
0.00180049
0.0017859
0.00177142
0.00175701
0.0017427
0.00172847
0.00171433
0.00170027
0.00168628
0.00167237
0.00165854
0.00164477
0.00163107
0.00161744
0.00160388
0.00159037
0.00157694
0.00156355
0.00155023
0.00153696
0.00152376
0.00151059
0.00149749
0.00148443
0.00147143
0.00145846
0.00144556
0.00143268
0.00141986
0.00140708
0.00139434
0.00138164
0.00136898
0.00135636
0.00134378
0.00133123
0.00131872
0.00130624
0.00129379
0.00128138
0.001269
0.00125665
0.00124433
0.00123204
0.00121977
0.00120754
0.00119533
0.00118315
0.00117099
0.00115886
0.00114675
0.00113467
0.00112261
0.00111056
0.00109855
0.00108655
0.00107458
0.00106262
0.00105068
0.00103876
0.00102686
0.00101498
0.00100312
0.000991268
0.000979438
0.000967622
0.000955823
0.000944038
0.000932269
0.000920512
0.000908772
0.000897043
0.00088533
0.000873626
0.000861939
0.00085026
0.000838596
0.00082694
0.0008153
0.000803666
0.000792046
0.000780433
0.000768834
0.00075724
0.00074566
0.000734085
0.000722525
0.000710968
0.000699425
0.000687886
0.00067636
0.000664837
0.000653327
0.000641819
0.000630323
0.000618828
0.000607344
0.000595861
0.000584386
0.000572913
0.000561447
0.000549982
0.000538526
0.00052707
0.000515624
0.00050418
0.000492746
0.000481317
0.000469899
0.000458487
0.000447088
0.000435695
0.000424317
0.000412945
0.000401588
0.000390236
0.000378898
0.000367563
0.000356241
0.00034492
0.00033361
0.000322299
0.000310996
0.000299691
0.000288392
0.000277089
0.000265791
0.000254488
0.00024319
0.000231885
0.000220585
0.000209277
0.000197974
0.000186665
0.000175359
0.000164049
0.000152739
0.000141428
0.000130117
0.000118804
0.000107492
9.61773e-05
8.48653e-05
7.35498e-05
6.22368e-05
5.09216e-05
3.96077e-05
2.82926e-05
1.69757e-05
5.66271e-06
0.00308604
0.00283075
0.00285598
0.0027532
0.00273859
0.00268537
0.00265931
0.00262241
0.00259477
0.0025645
0.00253788
0.00251099
0.00248586
0.00246109
0.00243736
0.00241411
0.0023916
0.00236954
0.00234806
0.00232698
0.00230639
0.00228613
0.0022663
0.00224675
0.00222758
0.00220866
0.00219008
0.00217171
0.00215364
0.00213577
0.00211817
0.00210074
0.00208355
0.00206652
0.00204972
0.00203306
0.0020166
0.00200027
0.00198413
0.00196811
0.00195226
0.00193653
0.00192095
0.00190548
0.00189015
0.00187493
0.00185983
0.00184483
0.00182995
0.00181516
0.00180049
0.0017859
0.00177141
0.00175701
0.0017427
0.00172847
0.00171433
0.00170026
0.00168628
0.00167237
0.00165854
0.00164477
0.00163107
0.00161744
0.00160388
0.00159037
0.00157694
0.00156355
0.00155023
0.00153696
0.00152375
0.00151059
0.00149749
0.00148443
0.00147143
0.00145846
0.00144555
0.00143268
0.00141986
0.00140708
0.00139434
0.00138164
0.00136898
0.00135636
0.00134378
0.00133123
0.00131872
0.00130624
0.00129379
0.00128138
0.001269
0.00125665
0.00124433
0.00123203
0.00121977
0.00120754
0.00119533
0.00118315
0.00117099
0.00115886
0.00114675
0.00113467
0.00112261
0.00111056
0.00109855
0.00108655
0.00107457
0.00106262
0.00105068
0.00103876
0.00102686
0.00101498
0.00100312
0.000991268
0.000979438
0.000967622
0.000955823
0.000944037
0.000932269
0.000920512
0.000908772
0.000897043
0.00088533
0.000873626
0.000861939
0.00085026
0.000838596
0.00082694
0.0008153
0.000803665
0.000792046
0.000780433
0.000768834
0.00075724
0.00074566
0.000734085
0.000722525
0.000710968
0.000699425
0.000687886
0.00067636
0.000664837
0.000653327
0.000641819
0.000630323
0.000618828
0.000607344
0.000595861
0.000584386
0.000572913
0.000561447
0.000549982
0.000538526
0.00052707
0.000515624
0.00050418
0.000492746
0.000481317
0.000469899
0.000458487
0.000447088
0.000435695
0.000424317
0.000412945
0.000401588
0.000390236
0.000378897
0.000367563
0.000356241
0.00034492
0.000333609
0.000322299
0.000310996
0.000299691
0.000288392
0.000277089
0.000265791
0.000254488
0.00024319
0.000231885
0.000220585
0.000209277
0.000197974
0.000186665
0.000175359
0.000164049
0.000152739
0.000141428
0.000130117
0.000118804
0.000107492
9.61773e-05
8.48653e-05
7.35498e-05
6.22368e-05
5.09216e-05
3.96078e-05
2.82926e-05
1.69761e-05
5.66309e-06
0.00308785
0.00282994
0.00285561
0.00275299
0.00273846
0.00268529
0.00265925
0.00262236
0.00259473
0.00256446
0.00253785
0.00251097
0.00248584
0.00246107
0.00243735
0.00241409
0.00239159
0.00236953
0.00234805
0.00232697
0.00230638
0.00228612
0.00226629
0.00224675
0.00222758
0.00220866
0.00219007
0.00217171
0.00215364
0.00213577
0.00211816
0.00210073
0.00208355
0.00206652
0.00204971
0.00203305
0.0020166
0.00200027
0.00198413
0.00196811
0.00195226
0.00193653
0.00192095
0.00190548
0.00189015
0.00187492
0.00185983
0.00184483
0.00182995
0.00181516
0.00180049
0.0017859
0.00177141
0.00175701
0.0017427
0.00172847
0.00171433
0.00170026
0.00168628
0.00167237
0.00165854
0.00164476
0.00163107
0.00161744
0.00160388
0.00159037
0.00157694
0.00156355
0.00155023
0.00153696
0.00152375
0.00151059
0.00149749
0.00148443
0.00147143
0.00145846
0.00144555
0.00143268
0.00141986
0.00140708
0.00139434
0.00138164
0.00136898
0.00135636
0.00134378
0.00133123
0.00131872
0.00130623
0.00129379
0.00128138
0.001269
0.00125665
0.00124433
0.00123203
0.00121977
0.00120754
0.00119533
0.00118315
0.00117099
0.00115886
0.00114675
0.00113467
0.0011226
0.00111056
0.00109855
0.00108655
0.00107457
0.00106262
0.00105068
0.00103876
0.00102686
0.00101498
0.00100312
0.000991268
0.000979438
0.000967622
0.000955823
0.000944037
0.000932269
0.000920512
0.000908772
0.000897043
0.000885329
0.000873626
0.000861938
0.00085026
0.000838596
0.00082694
0.000815299
0.000803665
0.000792046
0.000780432
0.000768834
0.00075724
0.00074566
0.000734085
0.000722524
0.000710968
0.000699425
0.000687886
0.00067636
0.000664837
0.000653327
0.000641819
0.000630323
0.000618828
0.000607344
0.000595861
0.000584386
0.000572913
0.000561447
0.000549982
0.000538526
0.00052707
0.000515624
0.00050418
0.000492746
0.000481316
0.000469899
0.000458486
0.000447088
0.000435695
0.000424317
0.000412945
0.000401588
0.000390236
0.000378897
0.000367563
0.000356241
0.00034492
0.000333609
0.000322299
0.000310996
0.000299691
0.000288392
0.000277089
0.000265791
0.000254488
0.00024319
0.000231885
0.000220585
0.000209277
0.000197974
0.000186665
0.000175359
0.000164049
0.000152739
0.000141428
0.000130117
0.000118804
0.000107492
9.61773e-05
8.48653e-05
7.35498e-05
6.22368e-05
5.09216e-05
3.96078e-05
2.82926e-05
1.69765e-05
5.66345e-06
0.00308978
0.00282906
0.00285522
0.00275277
0.00273831
0.0026852
0.00265918
0.00262231
0.00259469
0.00256443
0.00253782
0.00251094
0.00248582
0.00246105
0.00243733
0.00241408
0.00239157
0.00236951
0.00234804
0.00232696
0.00230637
0.00228611
0.00226628
0.00224674
0.00222757
0.00220865
0.00219007
0.0021717
0.00215363
0.00213576
0.00211816
0.00210073
0.00208354
0.00206652
0.00204971
0.00203305
0.00201659
0.00200027
0.00198413
0.00196811
0.00195226
0.00193653
0.00192095
0.00190548
0.00189015
0.00187492
0.00185983
0.00184483
0.00182995
0.00181516
0.00180049
0.0017859
0.00177141
0.00175701
0.0017427
0.00172847
0.00171433
0.00170026
0.00168628
0.00167237
0.00165853
0.00164476
0.00163107
0.00161744
0.00160388
0.00159037
0.00157693
0.00156355
0.00155023
0.00153696
0.00152375
0.00151059
0.00149749
0.00148443
0.00147143
0.00145846
0.00144555
0.00143268
0.00141986
0.00140708
0.00139434
0.00138164
0.00136898
0.00135636
0.00134378
0.00133123
0.00131871
0.00130623
0.00129379
0.00128138
0.001269
0.00125665
0.00124433
0.00123203
0.00121977
0.00120754
0.00119533
0.00118315
0.00117099
0.00115886
0.00114675
0.00113467
0.0011226
0.00111056
0.00109855
0.00108655
0.00107457
0.00106262
0.00105068
0.00103876
0.00102686
0.00101498
0.00100312
0.000991268
0.000979438
0.000967621
0.000955823
0.000944037
0.000932269
0.000920512
0.000908772
0.000897042
0.000885329
0.000873626
0.000861938
0.000850259
0.000838596
0.00082694
0.000815299
0.000803665
0.000792046
0.000780432
0.000768833
0.00075724
0.00074566
0.000734085
0.000722524
0.000710968
0.000699425
0.000687886
0.000676359
0.000664837
0.000653326
0.000641819
0.000630322
0.000618828
0.000607344
0.00059586
0.000584386
0.000572913
0.000561447
0.000549982
0.000538526
0.00052707
0.000515624
0.00050418
0.000492746
0.000481316
0.000469899
0.000458486
0.000447087
0.000435695
0.000424317
0.000412945
0.000401587
0.000390236
0.000378897
0.000367563
0.00035624
0.00034492
0.000333609
0.000322299
0.000310996
0.00029969
0.000288392
0.000277089
0.000265791
0.000254488
0.00024319
0.000231885
0.000220585
0.000209278
0.000197974
0.000186665
0.000175359
0.000164049
0.000152739
0.000141428
0.000130117
0.000118804
0.000107492
9.61773e-05
8.48653e-05
7.35498e-05
6.22368e-05
5.09216e-05
3.96078e-05
2.82926e-05
1.69768e-05
5.66379e-06
0.00309182
0.00282814
0.00285479
0.00275253
0.00273816
0.00268511
0.00265911
0.00262226
0.00259465
0.00256439
0.00253779
0.00251091
0.0024858
0.00246103
0.00243731
0.00241406
0.00239156
0.0023695
0.00234803
0.00232695
0.00230636
0.0022861
0.00226627
0.00224673
0.00222756
0.00220865
0.00219006
0.00217169
0.00215363
0.00213576
0.00211815
0.00210072
0.00208354
0.00206651
0.00204971
0.00203305
0.00201659
0.00200026
0.00198412
0.00196811
0.00195226
0.00193652
0.00192094
0.00190547
0.00189015
0.00187492
0.00185982
0.00184483
0.00182995
0.00181516
0.00180048
0.0017859
0.00177141
0.00175701
0.0017427
0.00172847
0.00171433
0.00170026
0.00168628
0.00167237
0.00165853
0.00164476
0.00163107
0.00161744
0.00160388
0.00159037
0.00157693
0.00156355
0.00155023
0.00153696
0.00152375
0.00151059
0.00149749
0.00148443
0.00147143
0.00145846
0.00144555
0.00143268
0.00141986
0.00140708
0.00139434
0.00138164
0.00136898
0.00135636
0.00134378
0.00133123
0.00131871
0.00130623
0.00129379
0.00128138
0.001269
0.00125665
0.00124433
0.00123203
0.00121977
0.00120754
0.00119533
0.00118315
0.00117099
0.00115886
0.00114675
0.00113466
0.0011226
0.00111056
0.00109855
0.00108655
0.00107457
0.00106262
0.00105068
0.00103876
0.00102686
0.00101498
0.00100312
0.000991268
0.000979438
0.000967621
0.000955823
0.000944037
0.000932268
0.000920512
0.000908772
0.000897042
0.000885329
0.000873626
0.000861938
0.000850259
0.000838596
0.00082694
0.000815299
0.000803665
0.000792046
0.000780432
0.000768833
0.00075724
0.00074566
0.000734085
0.000722524
0.000710968
0.000699425
0.000687885
0.000676359
0.000664837
0.000653326
0.000641819
0.000630322
0.000618828
0.000607344
0.00059586
0.000584386
0.000572913
0.000561447
0.000549982
0.000538526
0.00052707
0.000515624
0.00050418
0.000492746
0.000481316
0.000469899
0.000458486
0.000447087
0.000435695
0.000424317
0.000412945
0.000401587
0.000390236
0.000378897
0.000367563
0.00035624
0.00034492
0.000333609
0.000322299
0.000310996
0.00029969
0.000288392
0.000277089
0.000265791
0.000254488
0.00024319
0.000231885
0.000220585
0.000209278
0.000197974
0.000186665
0.000175359
0.000164049
0.000152739
0.000141428
0.000130117
0.000118804
0.000107492
9.61773e-05
8.48653e-05
7.35498e-05
6.22368e-05
5.09216e-05
3.96078e-05
2.82926e-05
1.69771e-05
5.6641e-06
0.00309397
0.00282715
0.00285434
0.00275229
0.00273801
0.00268501
0.00265904
0.0026222
0.0025946
0.00256435
0.00253776
0.00251088
0.00248577
0.002461
0.00243729
0.00241404
0.00239154
0.00236949
0.00234802
0.00232694
0.00230635
0.00228609
0.00226626
0.00224672
0.00222755
0.00220864
0.00219005
0.00217169
0.00215362
0.00213575
0.00211815
0.00210072
0.00208354
0.00206651
0.0020497
0.00203305
0.00201659
0.00200026
0.00198412
0.0019681
0.00195225
0.00193652
0.00192094
0.00190547
0.00189014
0.00187492
0.00185982
0.00184482
0.00182995
0.00181516
0.00180048
0.00178589
0.00177141
0.001757
0.0017427
0.00172847
0.00171433
0.00170026
0.00168628
0.00167236
0.00165853
0.00164476
0.00163107
0.00161744
0.00160387
0.00159037
0.00157693
0.00156355
0.00155023
0.00153696
0.00152375
0.00151059
0.00149749
0.00148443
0.00147142
0.00145846
0.00144555
0.00143268
0.00141986
0.00140708
0.00139434
0.00138164
0.00136898
0.00135636
0.00134378
0.00133122
0.00131871
0.00130623
0.00129379
0.00128138
0.001269
0.00125665
0.00124433
0.00123203
0.00121977
0.00120754
0.00119533
0.00118315
0.00117099
0.00115886
0.00114675
0.00113466
0.0011226
0.00111056
0.00109855
0.00108655
0.00107457
0.00106262
0.00105068
0.00103876
0.00102686
0.00101498
0.00100312
0.000991268
0.000979437
0.000967621
0.000955823
0.000944037
0.000932268
0.000920512
0.000908771
0.000897042
0.000885329
0.000873626
0.000861938
0.000850259
0.000838596
0.00082694
0.000815299
0.000803665
0.000792046
0.000780432
0.000768833
0.000757239
0.00074566
0.000734085
0.000722524
0.000710968
0.000699425
0.000687885
0.000676359
0.000664837
0.000653326
0.000641819
0.000630322
0.000618828
0.000607344
0.00059586
0.000584386
0.000572912
0.000561447
0.000549982
0.000538526
0.00052707
0.000515624
0.00050418
0.000492746
0.000481316
0.000469899
0.000458486
0.000447087
0.000435695
0.000424317
0.000412945
0.000401587
0.000390236
0.000378897
0.000367563
0.00035624
0.00034492
0.000333609
0.000322299
0.000310996
0.00029969
0.000288392
0.000277089
0.000265791
0.000254488
0.00024319
0.000231885
0.000220585
0.000209278
0.000197974
0.000186665
0.000175359
0.000164049
0.000152739
0.000141428
0.000130117
0.000118804
0.000107492
9.61773e-05
8.48653e-05
7.35498e-05
6.22368e-05
5.09216e-05
3.96079e-05
2.82926e-05
1.69774e-05
5.66438e-06
0.00309623
0.00282611
0.00285387
0.00275203
0.00273784
0.00268491
0.00265896
0.00262214
0.00259456
0.00256431
0.00253773
0.00251086
0.00248575
0.00246098
0.00243727
0.00241403
0.00239153
0.00236947
0.002348
0.00232692
0.00230634
0.00228608
0.00226626
0.00224672
0.00222755
0.00220863
0.00219005
0.00217168
0.00215362
0.00213575
0.00211814
0.00210072
0.00208353
0.00206651
0.0020497
0.00203304
0.00201658
0.00200026
0.00198412
0.0019681
0.00195225
0.00193652
0.00192094
0.00190547
0.00189014
0.00187492
0.00185982
0.00184482
0.00182994
0.00181516
0.00180048
0.00178589
0.00177141
0.001757
0.0017427
0.00172847
0.00171433
0.00170026
0.00168628
0.00167236
0.00165853
0.00164476
0.00163107
0.00161743
0.00160387
0.00159037
0.00157693
0.00156355
0.00155023
0.00153696
0.00152375
0.00151059
0.00149749
0.00148443
0.00147142
0.00145846
0.00144555
0.00143268
0.00141986
0.00140708
0.00139434
0.00138164
0.00136898
0.00135636
0.00134377
0.00133122
0.00131871
0.00130623
0.00129379
0.00128138
0.001269
0.00125664
0.00124433
0.00123203
0.00121977
0.00120754
0.00119533
0.00118315
0.00117099
0.00115886
0.00114675
0.00113466
0.0011226
0.00111056
0.00109855
0.00108655
0.00107457
0.00106262
0.00105068
0.00103876
0.00102686
0.00101498
0.00100312
0.000991267
0.000979437
0.000967621
0.000955822
0.000944037
0.000932268
0.000920511
0.000908771
0.000897042
0.000885329
0.000873626
0.000861938
0.000850259
0.000838596
0.00082694
0.000815299
0.000803665
0.000792046
0.000780432
0.000768833
0.000757239
0.00074566
0.000734085
0.000722524
0.000710967
0.000699424
0.000687885
0.000676359
0.000664837
0.000653326
0.000641819
0.000630322
0.000618828
0.000607344
0.00059586
0.000584386
0.000572912
0.000561447
0.000549982
0.000538526
0.00052707
0.000515624
0.00050418
0.000492746
0.000481316
0.000469898
0.000458486
0.000447087
0.000435695
0.000424316
0.000412945
0.000401587
0.000390236
0.000378897
0.000367563
0.00035624
0.00034492
0.000333609
0.000322298
0.000310996
0.00029969
0.000288392
0.000277089
0.000265791
0.000254488
0.00024319
0.000231885
0.000220585
0.000209278
0.000197974
0.000186665
0.000175359
0.000164049
0.000152739
0.000141428
0.000130117
0.000118804
0.000107492
9.61773e-05
8.48653e-05
7.35498e-05
6.22368e-05
5.09216e-05
3.96079e-05
2.82927e-05
1.69776e-05
5.66464e-06
0.00309862
0.00282501
0.00285336
0.00275176
0.00273767
0.00268481
0.00265889
0.00262208
0.00259451
0.00256427
0.0025377
0.00251083
0.00248572
0.00246096
0.00243725
0.00241401
0.00239151
0.00236946
0.00234799
0.00232691
0.00230633
0.00228608
0.00226625
0.00224671
0.00222754
0.00220863
0.00219004
0.00217168
0.00215361
0.00213574
0.00211814
0.00210071
0.00208353
0.0020665
0.0020497
0.00203304
0.00201658
0.00200026
0.00198411
0.0019681
0.00195225
0.00193652
0.00192094
0.00190547
0.00189014
0.00187491
0.00185982
0.00184482
0.00182994
0.00181516
0.00180048
0.00178589
0.00177141
0.001757
0.0017427
0.00172846
0.00171433
0.00170026
0.00168628
0.00167236
0.00165853
0.00164476
0.00163107
0.00161743
0.00160387
0.00159037
0.00157693
0.00156355
0.00155023
0.00153696
0.00152375
0.00151059
0.00149749
0.00148443
0.00147142
0.00145846
0.00144555
0.00143268
0.00141986
0.00140708
0.00139434
0.00138164
0.00136898
0.00135636
0.00134377
0.00133122
0.00131871
0.00130623
0.00129379
0.00128138
0.001269
0.00125664
0.00124433
0.00123203
0.00121977
0.00120754
0.00119533
0.00118315
0.00117099
0.00115886
0.00114675
0.00113466
0.0011226
0.00111056
0.00109855
0.00108655
0.00107457
0.00106262
0.00105068
0.00103876
0.00102686
0.00101498
0.00100312
0.000991267
0.000979437
0.000967621
0.000955822
0.000944037
0.000932268
0.000920511
0.000908771
0.000897042
0.000885329
0.000873626
0.000861938
0.000850259
0.000838596
0.00082694
0.000815299
0.000803665
0.000792046
0.000780432
0.000768833
0.000757239
0.00074566
0.000734085
0.000722524
0.000710967
0.000699424
0.000687885
0.000676359
0.000664837
0.000653326
0.000641819
0.000630322
0.000618828
0.000607343
0.00059586
0.000584386
0.000572912
0.000561447
0.000549982
0.000538526
0.00052707
0.000515624
0.00050418
0.000492746
0.000481316
0.000469898
0.000458486
0.000447087
0.000435695
0.000424316
0.000412945
0.000401587
0.000390236
0.000378897
0.000367563
0.00035624
0.00034492
0.000333609
0.000322298
0.000310996
0.00029969
0.000288392
0.000277089
0.000265791
0.000254488
0.00024319
0.000231885
0.000220585
0.000209278
0.000197974
0.000186665
0.000175359
0.000164049
0.000152739
0.000141428
0.000130117
0.000118804
0.000107492
9.61773e-05
8.48653e-05
7.35498e-05
6.22368e-05
5.09216e-05
3.96079e-05
2.82927e-05
1.69778e-05
5.66487e-06
0.00310111
0.00282385
0.00285283
0.00275148
0.00273749
0.0026847
0.0026588
0.00262202
0.00259446
0.00256423
0.00253766
0.0025108
0.0024857
0.00246094
0.00243724
0.00241399
0.0023915
0.00236945
0.00234798
0.0023269
0.00230632
0.00228607
0.00226624
0.0022467
0.00222753
0.00220862
0.00219004
0.00217167
0.00215361
0.00213574
0.00211813
0.00210071
0.00208352
0.0020665
0.00204969
0.00203304
0.00201658
0.00200025
0.00198411
0.0019681
0.00195225
0.00193652
0.00192094
0.00190547
0.00189014
0.00187491
0.00185982
0.00184482
0.00182994
0.00181515
0.00180048
0.00178589
0.00177141
0.001757
0.00174269
0.00172846
0.00171433
0.00170026
0.00168628
0.00167236
0.00165853
0.00164476
0.00163107
0.00161743
0.00160387
0.00159037
0.00157693
0.00156355
0.00155023
0.00153696
0.00152375
0.00151059
0.00149749
0.00148443
0.00147142
0.00145846
0.00144555
0.00143268
0.00141986
0.00140708
0.00139434
0.00138164
0.00136898
0.00135636
0.00134377
0.00133122
0.00131871
0.00130623
0.00129379
0.00128138
0.001269
0.00125664
0.00124433
0.00123203
0.00121977
0.00120754
0.00119533
0.00118314
0.00117099
0.00115886
0.00114675
0.00113466
0.0011226
0.00111056
0.00109855
0.00108655
0.00107457
0.00106262
0.00105068
0.00103876
0.00102686
0.00101498
0.00100312
0.000991267
0.000979437
0.000967621
0.000955822
0.000944036
0.000932268
0.000920511
0.000908771
0.000897042
0.000885329
0.000873625
0.000861938
0.000850259
0.000838595
0.00082694
0.000815299
0.000803665
0.000792045
0.000780432
0.000768833
0.000757239
0.00074566
0.000734085
0.000722524
0.000710967
0.000699424
0.000687885
0.000676359
0.000664836
0.000653326
0.000641819
0.000630322
0.000618828
0.000607343
0.00059586
0.000584386
0.000572912
0.000561447
0.000549982
0.000538526
0.00052707
0.000515624
0.00050418
0.000492746
0.000481316
0.000469898
0.000458486
0.000447087
0.000435695
0.000424316
0.000412945
0.000401587
0.000390236
0.000378897
0.000367563
0.00035624
0.00034492
0.000333609
0.000322298
0.000310996
0.00029969
0.000288392
0.000277089
0.000265791
0.000254488
0.00024319
0.000231885
0.000220585
0.000209278
0.000197974
0.000186665
0.000175359
0.000164049
0.000152739
0.000141428
0.000130117
0.000118804
0.000107492
9.61773e-05
8.48653e-05
7.35498e-05
6.22368e-05
5.09216e-05
3.96079e-05
2.82927e-05
1.6978e-05
5.66506e-06
0.00310372
0.00282262
0.00285226
0.00275118
0.00273731
0.00268459
0.00265872
0.00262196
0.00259441
0.00256419
0.00253763
0.00251077
0.00248567
0.00246092
0.00243722
0.00241398
0.00239149
0.00236943
0.00234797
0.00232689
0.00230631
0.00228606
0.00226623
0.00224669
0.00222753
0.00220861
0.00219003
0.00217167
0.0021536
0.00213573
0.00211813
0.00210071
0.00208352
0.0020665
0.00204969
0.00203303
0.00201657
0.00200025
0.00198411
0.00196809
0.00195225
0.00193651
0.00192093
0.00190547
0.00189014
0.00187491
0.00185982
0.00184482
0.00182994
0.00181515
0.00180048
0.00178589
0.0017714
0.001757
0.00174269
0.00172846
0.00171432
0.00170026
0.00168628
0.00167236
0.00165853
0.00164476
0.00163107
0.00161743
0.00160387
0.00159037
0.00157693
0.00156355
0.00155023
0.00153696
0.00152375
0.00151059
0.00149749
0.00148443
0.00147142
0.00145846
0.00144555
0.00143268
0.00141986
0.00140708
0.00139434
0.00138164
0.00136898
0.00135636
0.00134377
0.00133122
0.00131871
0.00130623
0.00129379
0.00128137
0.001269
0.00125664
0.00124433
0.00123203
0.00121977
0.00120753
0.00119533
0.00118314
0.00117099
0.00115886
0.00114675
0.00113466
0.0011226
0.00111056
0.00109855
0.00108655
0.00107457
0.00106262
0.00105068
0.00103876
0.00102686
0.00101498
0.00100312
0.000991267
0.000979437
0.000967621
0.000955822
0.000944036
0.000932268
0.000920511
0.000908771
0.000897042
0.000885329
0.000873625
0.000861938
0.000850259
0.000838595
0.000826939
0.000815299
0.000803665
0.000792045
0.000780432
0.000768833
0.000757239
0.00074566
0.000734085
0.000722524
0.000710967
0.000699424
0.000687885
0.000676359
0.000664836
0.000653326
0.000641818
0.000630322
0.000618828
0.000607343
0.00059586
0.000584386
0.000572912
0.000561447
0.000549982
0.000538526
0.00052707
0.000515624
0.000504179
0.000492746
0.000481316
0.000469898
0.000458486
0.000447087
0.000435695
0.000424316
0.000412945
0.000401587
0.000390235
0.000378897
0.000367563
0.00035624
0.00034492
0.000333609
0.000322298
0.000310996
0.00029969
0.000288392
0.000277089
0.000265791
0.000254488
0.00024319
0.000231885
0.000220585
0.000209278
0.000197974
0.000186665
0.000175359
0.000164049
0.000152739
0.000141428
0.000130117
0.000118804
0.000107492
9.61773e-05
8.48653e-05
7.35498e-05
6.22368e-05
5.09216e-05
3.96079e-05
2.82927e-05
1.69781e-05
5.66523e-06
0.00310645
0.00282133
0.00285167
0.00275088
0.00273712
0.00268447
0.00265864
0.00262189
0.00259436
0.00256415
0.0025376
0.00251074
0.00248565
0.0024609
0.0024372
0.00241396
0.00239147
0.00236942
0.00234796
0.00232688
0.0023063
0.00228605
0.00226622
0.00224669
0.00222752
0.00220861
0.00219003
0.00217166
0.0021536
0.00213573
0.00211813
0.0021007
0.00208352
0.00206649
0.00204969
0.00203303
0.00201657
0.00200025
0.00198411
0.00196809
0.00195224
0.00193651
0.00192093
0.00190546
0.00189014
0.00187491
0.00185982
0.00184482
0.00182994
0.00181515
0.00180048
0.00178589
0.0017714
0.001757
0.00174269
0.00172846
0.00171432
0.00170026
0.00168628
0.00167236
0.00165853
0.00164476
0.00163107
0.00161743
0.00160387
0.00159037
0.00157693
0.00156354
0.00155023
0.00153696
0.00152375
0.00151059
0.00149748
0.00148443
0.00147142
0.00145846
0.00144555
0.00143268
0.00141986
0.00140707
0.00139434
0.00138164
0.00136898
0.00135636
0.00134377
0.00133122
0.00131871
0.00130623
0.00129379
0.00128137
0.001269
0.00125664
0.00124432
0.00123203
0.00121977
0.00120753
0.00119533
0.00118314
0.00117099
0.00115886
0.00114675
0.00113466
0.0011226
0.00111056
0.00109855
0.00108655
0.00107457
0.00106262
0.00105068
0.00103876
0.00102686
0.00101498
0.00100312
0.000991267
0.000979437
0.00096762
0.000955822
0.000944036
0.000932268
0.000920511
0.000908771
0.000897042
0.000885328
0.000873625
0.000861938
0.000850259
0.000838595
0.000826939
0.000815299
0.000803665
0.000792045
0.000780432
0.000768833
0.000757239
0.00074566
0.000734085
0.000722524
0.000710967
0.000699424
0.000687885
0.000676359
0.000664836
0.000653326
0.000641818
0.000630322
0.000618828
0.000607343
0.00059586
0.000584386
0.000572912
0.000561447
0.000549982
0.000538525
0.00052707
0.000515624
0.000504179
0.000492746
0.000481316
0.000469898
0.000458486
0.000447087
0.000435695
0.000424316
0.000412945
0.000401587
0.000390235
0.000378897
0.000367563
0.00035624
0.00034492
0.000333609
0.000322298
0.000310996
0.00029969
0.000288392
0.000277089
0.000265791
0.000254488
0.00024319
0.000231885
0.000220585
0.000209278
0.000197974
0.000186665
0.000175359
0.000164049
0.000152739
0.000141428
0.000130117
0.000118804
0.000107492
9.61773e-05
8.48653e-05
7.35498e-05
6.22368e-05
5.09216e-05
3.96079e-05
2.82927e-05
1.69783e-05
5.66536e-06
0.00310929
0.00281996
0.00285104
0.00275057
0.00273692
0.00268436
0.00265856
0.00262183
0.00259431
0.00256411
0.00253756
0.00251071
0.00248563
0.00246088
0.00243718
0.00241395
0.00239146
0.00236941
0.00234795
0.00232687
0.00230629
0.00228604
0.00226622
0.00224668
0.00222752
0.0022086
0.00219002
0.00217166
0.00215359
0.00213573
0.00211812
0.0021007
0.00208351
0.00206649
0.00204969
0.00203303
0.00201657
0.00200025
0.00198411
0.00196809
0.00195224
0.00193651
0.00192093
0.00190546
0.00189013
0.00187491
0.00185981
0.00184482
0.00182994
0.00181515
0.00180048
0.00178589
0.0017714
0.001757
0.00174269
0.00172846
0.00171432
0.00170025
0.00168627
0.00167236
0.00165853
0.00164476
0.00163107
0.00161743
0.00160387
0.00159036
0.00157693
0.00156354
0.00155023
0.00153696
0.00152375
0.00151059
0.00149748
0.00148442
0.00147142
0.00145846
0.00144555
0.00143268
0.00141986
0.00140707
0.00139434
0.00138164
0.00136898
0.00135635
0.00134377
0.00133122
0.00131871
0.00130623
0.00129379
0.00128137
0.00126899
0.00125664
0.00124432
0.00123203
0.00121977
0.00120753
0.00119533
0.00118314
0.00117099
0.00115886
0.00114675
0.00113466
0.0011226
0.00111056
0.00109855
0.00108655
0.00107457
0.00106262
0.00105068
0.00103876
0.00102686
0.00101498
0.00100312
0.000991267
0.000979437
0.00096762
0.000955822
0.000944036
0.000932268
0.000920511
0.000908771
0.000897042
0.000885328
0.000873625
0.000861937
0.000850259
0.000838595
0.000826939
0.000815299
0.000803664
0.000792045
0.000780432
0.000768833
0.000757239
0.00074566
0.000734085
0.000722524
0.000710967
0.000699424
0.000687885
0.000676359
0.000664836
0.000653326
0.000641818
0.000630322
0.000618828
0.000607343
0.00059586
0.000584386
0.000572912
0.000561447
0.000549982
0.000538525
0.00052707
0.000515624
0.000504179
0.000492746
0.000481316
0.000469898
0.000458486
0.000447087
0.000435695
0.000424316
0.000412945
0.000401587
0.000390235
0.000378897
0.000367563
0.00035624
0.00034492
0.000333609
0.000322298
0.000310996
0.00029969
0.000288392
0.000277089
0.000265791
0.000254488
0.00024319
0.000231885
0.000220585
0.000209278
0.000197974
0.000186665
0.000175359
0.000164049
0.000152739
0.000141428
0.000130117
0.000118804
0.000107492
9.61773e-05
8.48653e-05
7.35498e-05
6.22369e-05
5.09216e-05
3.9608e-05
2.82927e-05
1.69784e-05
5.66547e-06
0.00311224
0.00281854
0.00285038
0.00275025
0.00273673
0.00268424
0.00265847
0.00262177
0.00259427
0.00256408
0.00253753
0.00251069
0.00248561
0.00246086
0.00243717
0.00241393
0.00239145
0.0023694
0.00234794
0.00232687
0.00230628
0.00228604
0.00226621
0.00224668
0.00222751
0.0022086
0.00219002
0.00217166
0.00215359
0.00213572
0.00211812
0.0021007
0.00208351
0.00206649
0.00204968
0.00203303
0.00201657
0.00200024
0.0019841
0.00196809
0.00195224
0.00193651
0.00192093
0.00190546
0.00189013
0.00187491
0.00185981
0.00184481
0.00182994
0.00181515
0.00180047
0.00178589
0.0017714
0.001757
0.00174269
0.00172846
0.00171432
0.00170025
0.00168627
0.00167236
0.00165853
0.00164476
0.00163106
0.00161743
0.00160387
0.00159036
0.00157693
0.00156354
0.00155023
0.00153696
0.00152375
0.00151059
0.00149748
0.00148442
0.00147142
0.00145846
0.00144555
0.00143268
0.00141986
0.00140707
0.00139434
0.00138164
0.00136898
0.00135635
0.00134377
0.00133122
0.00131871
0.00130623
0.00129379
0.00128137
0.00126899
0.00125664
0.00124432
0.00123203
0.00121977
0.00120753
0.00119533
0.00118314
0.00117099
0.00115886
0.00114675
0.00113466
0.0011226
0.00111056
0.00109855
0.00108655
0.00107457
0.00106262
0.00105068
0.00103876
0.00102686
0.00101498
0.00100312
0.000991267
0.000979436
0.00096762
0.000955822
0.000944036
0.000932267
0.000920511
0.000908771
0.000897041
0.000885328
0.000873625
0.000861937
0.000850259
0.000838595
0.000826939
0.000815298
0.000803664
0.000792045
0.000780432
0.000768833
0.000757239
0.000745659
0.000734084
0.000722524
0.000710967
0.000699424
0.000687885
0.000676359
0.000664836
0.000653326
0.000641818
0.000630322
0.000618828
0.000607343
0.00059586
0.000584386
0.000572912
0.000561447
0.000549982
0.000538525
0.00052707
0.000515624
0.000504179
0.000492746
0.000481316
0.000469898
0.000458486
0.000447087
0.000435695
0.000424316
0.000412945
0.000401587
0.000390235
0.000378897
0.000367563
0.00035624
0.00034492
0.000333609
0.000322298
0.000310996
0.00029969
0.000288392
0.000277089
0.000265791
0.000254488
0.00024319
0.000231885
0.000220585
0.000209278
0.000197974
0.000186665
0.000175359
0.000164049
0.000152739
0.000141428
0.000130117
0.000118804
0.000107492
9.61773e-05
8.48653e-05
7.35498e-05
6.22369e-05
5.09216e-05
3.9608e-05
2.82927e-05
1.69784e-05
5.66555e-06
0.00311531
0.00281704
0.0028497
0.00274993
0.00273654
0.00268413
0.0026584
0.00262171
0.00259422
0.00256404
0.0025375
0.00251066
0.00248559
0.00246084
0.00243715
0.00241392
0.00239144
0.00236939
0.00234793
0.00232686
0.00230628
0.00228603
0.00226621
0.00224667
0.00222751
0.00220859
0.00219001
0.00217165
0.00215359
0.00213572
0.00211812
0.00210069
0.00208351
0.00206649
0.00204968
0.00203302
0.00201657
0.00200024
0.0019841
0.00196809
0.00195224
0.00193651
0.00192093
0.00190546
0.00189013
0.00187491
0.00185981
0.00184481
0.00182993
0.00181515
0.00180047
0.00178588
0.0017714
0.001757
0.00174269
0.00172846
0.00171432
0.00170025
0.00168627
0.00167236
0.00165853
0.00164476
0.00163106
0.00161743
0.00160387
0.00159036
0.00157693
0.00156354
0.00155022
0.00153695
0.00152375
0.00151059
0.00149748
0.00148442
0.00147142
0.00145846
0.00144555
0.00143268
0.00141986
0.00140707
0.00139434
0.00138164
0.00136898
0.00135635
0.00134377
0.00133122
0.00131871
0.00130623
0.00129379
0.00128137
0.00126899
0.00125664
0.00124432
0.00123203
0.00121977
0.00120753
0.00119533
0.00118314
0.00117099
0.00115886
0.00114675
0.00113466
0.0011226
0.00111056
0.00109855
0.00108655
0.00107457
0.00106262
0.00105068
0.00103876
0.00102686
0.00101498
0.00100312
0.000991266
0.000979436
0.00096762
0.000955822
0.000944036
0.000932267
0.000920511
0.000908771
0.000897041
0.000885328
0.000873625
0.000861937
0.000850258
0.000838595
0.000826939
0.000815298
0.000803664
0.000792045
0.000780432
0.000768833
0.000757239
0.000745659
0.000734084
0.000722524
0.000710967
0.000699424
0.000687885
0.000676359
0.000664836
0.000653326
0.000641818
0.000630322
0.000618827
0.000607343
0.00059586
0.000584386
0.000572912
0.000561447
0.000549982
0.000538525
0.00052707
0.000515624
0.000504179
0.000492746
0.000481316
0.000469898
0.000458486
0.000447087
0.000435694
0.000424316
0.000412945
0.000401587
0.000390235
0.000378897
0.000367563
0.00035624
0.00034492
0.000333609
0.000322298
0.000310996
0.00029969
0.000288392
0.000277089
0.000265791
0.000254488
0.00024319
0.000231885
0.000220585
0.000209278
0.000197974
0.000186665
0.000175359
0.000164049
0.000152739
0.000141428
0.000130117
0.000118804
0.000107492
9.61773e-05
8.48653e-05
7.35498e-05
6.22369e-05
5.09216e-05
3.9608e-05
2.82927e-05
1.69785e-05
5.66561e-06
0.0031185
0.00281548
0.00284899
0.00274961
0.00273635
0.00268402
0.00265832
0.00262166
0.00259418
0.00256401
0.00253748
0.00251064
0.00248557
0.00246083
0.00243714
0.00241391
0.00239142
0.00236938
0.00234792
0.00232685
0.00230627
0.00228602
0.0022662
0.00224666
0.0022275
0.00220859
0.00219001
0.00217165
0.00215358
0.00213572
0.00211811
0.00210069
0.00208351
0.00206648
0.00204968
0.00203302
0.00201656
0.00200024
0.0019841
0.00196808
0.00195224
0.0019365
0.00192093
0.00190546
0.00189013
0.0018749
0.00185981
0.00184481
0.00182993
0.00181515
0.00180047
0.00178588
0.0017714
0.00175699
0.00174269
0.00172846
0.00171432
0.00170025
0.00168627
0.00167236
0.00165853
0.00164476
0.00163106
0.00161743
0.00160387
0.00159036
0.00157693
0.00156354
0.00155022
0.00153695
0.00152375
0.00151059
0.00149748
0.00148442
0.00147142
0.00145846
0.00144555
0.00143268
0.00141986
0.00140707
0.00139434
0.00138163
0.00136898
0.00135635
0.00134377
0.00133122
0.00131871
0.00130623
0.00129379
0.00128137
0.00126899
0.00125664
0.00124432
0.00123203
0.00121977
0.00120753
0.00119533
0.00118314
0.00117099
0.00115885
0.00114675
0.00113466
0.0011226
0.00111056
0.00109855
0.00108655
0.00107457
0.00106262
0.00105068
0.00103876
0.00102686
0.00101498
0.00100312
0.000991266
0.000979436
0.00096762
0.000955821
0.000944036
0.000932267
0.00092051
0.00090877
0.000897041
0.000885328
0.000873625
0.000861937
0.000850258
0.000838595
0.000826939
0.000815298
0.000803664
0.000792045
0.000780431
0.000768833
0.000757239
0.000745659
0.000734084
0.000722524
0.000710967
0.000699424
0.000687885
0.000676359
0.000664836
0.000653326
0.000641818
0.000630322
0.000618827
0.000607343
0.00059586
0.000584386
0.000572912
0.000561447
0.000549982
0.000538525
0.00052707
0.000515623
0.000504179
0.000492746
0.000481316
0.000469898
0.000458486
0.000447087
0.000435694
0.000424316
0.000412945
0.000401587
0.000390235
0.000378897
0.000367563
0.00035624
0.00034492
0.000333609
0.000322298
0.000310996
0.00029969
0.000288392
0.000277089
0.000265791
0.000254488
0.00024319
0.000231885
0.000220585
0.000209278
0.000197974
0.000186665
0.000175359
0.000164049
0.000152739
0.000141428
0.000130117
0.000118804
0.000107492
9.61773e-05
8.48653e-05
7.35498e-05
6.22369e-05
5.09216e-05
3.9608e-05
2.82927e-05
1.69785e-05
5.66565e-06
0.00312182
0.00281386
0.00284827
0.00274929
0.00273617
0.00268392
0.00265825
0.00262161
0.00259414
0.00256397
0.00253745
0.00251062
0.00248555
0.00246081
0.00243713
0.0024139
0.00239141
0.00236937
0.00234791
0.00232684
0.00230626
0.00228602
0.00226619
0.00224666
0.0022275
0.00220859
0.00219
0.00217164
0.00215358
0.00213571
0.00211811
0.00210069
0.0020835
0.00206648
0.00204968
0.00203302
0.00201656
0.00200024
0.0019841
0.00196808
0.00195223
0.0019365
0.00192092
0.00190546
0.00189013
0.0018749
0.00185981
0.00184481
0.00182993
0.00181515
0.00180047
0.00178588
0.0017714
0.00175699
0.00174269
0.00172846
0.00171432
0.00170025
0.00168627
0.00167236
0.00165852
0.00164475
0.00163106
0.00161743
0.00160387
0.00159036
0.00157693
0.00156354
0.00155022
0.00153695
0.00152375
0.00151058
0.00149748
0.00148442
0.00147142
0.00145846
0.00144555
0.00143268
0.00141986
0.00140707
0.00139434
0.00138163
0.00136898
0.00135635
0.00134377
0.00133122
0.00131871
0.00130623
0.00129379
0.00128137
0.00126899
0.00125664
0.00124432
0.00123203
0.00121977
0.00120753
0.00119533
0.00118314
0.00117099
0.00115885
0.00114675
0.00113466
0.0011226
0.00111056
0.00109855
0.00108655
0.00107457
0.00106261
0.00105068
0.00103876
0.00102686
0.00101498
0.00100311
0.000991266
0.000979436
0.00096762
0.000955821
0.000944036
0.000932267
0.00092051
0.00090877
0.000897041
0.000885328
0.000873625
0.000861937
0.000850258
0.000838595
0.000826939
0.000815298
0.000803664
0.000792045
0.000780431
0.000768832
0.000757239
0.000745659
0.000734084
0.000722523
0.000710967
0.000699424
0.000687885
0.000676359
0.000664836
0.000653326
0.000641818
0.000630322
0.000618827
0.000607343
0.00059586
0.000584386
0.000572912
0.000561447
0.000549982
0.000538525
0.00052707
0.000515623
0.000504179
0.000492746
0.000481316
0.000469898
0.000458486
0.000447087
0.000435694
0.000424316
0.000412945
0.000401587
0.000390235
0.000378897
0.000367563
0.00035624
0.00034492
0.000333609
0.000322298
0.000310996
0.00029969
0.000288392
0.000277089
0.000265791
0.000254488
0.00024319
0.000231885
0.000220585
0.000209278
0.000197974
0.000186665
0.000175359
0.000164049
0.000152739
0.000141428
0.000130117
0.000118804
0.000107492
9.61773e-05
8.48653e-05
7.35498e-05
6.22369e-05
5.09216e-05
3.9608e-05
2.82927e-05
1.69785e-05
5.66568e-06
0.00312529
0.0028122
0.00284755
0.00274899
0.002736
0.00268382
0.00265819
0.00262156
0.00259411
0.00256395
0.00253743
0.0025106
0.00248553
0.0024608
0.00243711
0.00241389
0.00239141
0.00236936
0.00234791
0.00232684
0.00230626
0.00228601
0.00226619
0.00224665
0.00222749
0.00220858
0.00219
0.00217164
0.00215358
0.00213571
0.00211811
0.00210068
0.0020835
0.00206648
0.00204967
0.00203302
0.00201656
0.00200024
0.0019841
0.00196808
0.00195223
0.0019365
0.00192092
0.00190545
0.00189013
0.0018749
0.00185981
0.00184481
0.00182993
0.00181514
0.00180047
0.00178588
0.0017714
0.00175699
0.00174269
0.00172846
0.00171432
0.00170025
0.00168627
0.00167236
0.00165852
0.00164475
0.00163106
0.00161743
0.00160387
0.00159036
0.00157693
0.00156354
0.00155022
0.00153695
0.00152375
0.00151058
0.00149748
0.00148442
0.00147142
0.00145846
0.00144555
0.00143268
0.00141986
0.00140707
0.00139434
0.00138163
0.00136898
0.00135635
0.00134377
0.00133122
0.00131871
0.00130623
0.00129379
0.00128137
0.00126899
0.00125664
0.00124432
0.00123203
0.00121977
0.00120753
0.00119533
0.00118314
0.00117099
0.00115885
0.00114675
0.00113466
0.0011226
0.00111056
0.00109854
0.00108655
0.00107457
0.00106261
0.00105068
0.00103876
0.00102686
0.00101498
0.00100311
0.000991266
0.000979436
0.00096762
0.000955821
0.000944035
0.000932267
0.00092051
0.00090877
0.000897041
0.000885328
0.000873625
0.000861937
0.000850258
0.000838595
0.000826939
0.000815298
0.000803664
0.000792045
0.000780431
0.000768832
0.000757239
0.000745659
0.000734084
0.000722523
0.000710967
0.000699424
0.000687885
0.000676359
0.000664836
0.000653326
0.000641818
0.000630322
0.000618827
0.000607343
0.00059586
0.000584386
0.000572912
0.000561447
0.000549982
0.000538525
0.00052707
0.000515623
0.000504179
0.000492746
0.000481316
0.000469898
0.000458486
0.000447087
0.000435694
0.000424316
0.000412945
0.000401587
0.000390235
0.000378897
0.000367563
0.00035624
0.00034492
0.000333609
0.000322298
0.000310996
0.00029969
0.000288392
0.000277089
0.000265791
0.000254488
0.00024319
0.000231885
0.000220585
0.000209278
0.000197974
0.000186665
0.000175359
0.000164049
0.000152739
0.000141428
0.000130117
0.000118804
0.000107492
9.61773e-05
8.48653e-05
7.35498e-05
6.22369e-05
5.09216e-05
3.9608e-05
2.82927e-05
1.69785e-05
5.66569e-06
0.00312895
0.00281052
0.00284685
0.00274872
0.00273584
0.00268374
0.00265813
0.00262152
0.00259408
0.00256392
0.00253741
0.00251058
0.00248552
0.00246078
0.0024371
0.00241388
0.0023914
0.00236935
0.0023479
0.00232683
0.00230625
0.00228601
0.00226618
0.00224665
0.00222749
0.00220858
0.00219
0.00217164
0.00215357
0.00213571
0.00211811
0.00210068
0.0020835
0.00206648
0.00204967
0.00203301
0.00201656
0.00200023
0.00198409
0.00196808
0.00195223
0.0019365
0.00192092
0.00190545
0.00189013
0.0018749
0.00185981
0.00184481
0.00182993
0.00181514
0.00180047
0.00178588
0.0017714
0.00175699
0.00174269
0.00172846
0.00171432
0.00170025
0.00168627
0.00167235
0.00165852
0.00164475
0.00163106
0.00161743
0.00160387
0.00159036
0.00157693
0.00156354
0.00155022
0.00153695
0.00152375
0.00151058
0.00149748
0.00148442
0.00147142
0.00145846
0.00144555
0.00143268
0.00141986
0.00140707
0.00139434
0.00138163
0.00136898
0.00135635
0.00134377
0.00133122
0.00131871
0.00130623
0.00129379
0.00128137
0.00126899
0.00125664
0.00124432
0.00123203
0.00121977
0.00120753
0.00119533
0.00118314
0.00117099
0.00115885
0.00114675
0.00113466
0.0011226
0.00111056
0.00109854
0.00108655
0.00107457
0.00106261
0.00105068
0.00103876
0.00102686
0.00101498
0.00100311
0.000991266
0.000979436
0.000967619
0.000955821
0.000944035
0.000932267
0.00092051
0.00090877
0.000897041
0.000885328
0.000873624
0.000861937
0.000850258
0.000838595
0.000826939
0.000815298
0.000803664
0.000792045
0.000780431
0.000768832
0.000757238
0.000745659
0.000734084
0.000722523
0.000710967
0.000699424
0.000687885
0.000676359
0.000664836
0.000653326
0.000641818
0.000630322
0.000618827
0.000607343
0.00059586
0.000584385
0.000572912
0.000561447
0.000549982
0.000538525
0.00052707
0.000515623
0.000504179
0.000492746
0.000481316
0.000469898
0.000458486
0.000447087
0.000435694
0.000424316
0.000412945
0.000401587
0.000390235
0.000378897
0.000367563
0.00035624
0.00034492
0.000333609
0.000322298
0.000310996
0.00029969
0.000288392
0.000277089
0.000265791
0.000254488
0.00024319
0.000231885
0.000220585
0.000209278
0.000197974
0.000186665
0.000175359
0.000164049
0.000152739
0.000141428
0.000130117
0.000118804
0.000107492
9.61773e-05
8.48653e-05
7.35498e-05
6.22369e-05
5.09216e-05
3.9608e-05
2.82927e-05
1.69785e-05
5.66569e-06
0.00313287
0.00280886
0.00284618
0.00274847
0.00273571
0.00268366
0.00265808
0.00262148
0.00259405
0.0025639
0.00253739
0.00251057
0.0024855
0.00246077
0.00243709
0.00241387
0.00239139
0.00236935
0.00234789
0.00232682
0.00230624
0.002286
0.00226618
0.00224665
0.00222748
0.00220857
0.00218999
0.00217163
0.00215357
0.0021357
0.0021181
0.00210068
0.0020835
0.00206647
0.00204967
0.00203301
0.00201656
0.00200023
0.00198409
0.00196808
0.00195223
0.0019365
0.00192092
0.00190545
0.00189012
0.0018749
0.0018598
0.00184481
0.00182993
0.00181514
0.00180047
0.00178588
0.00177139
0.00175699
0.00174269
0.00172845
0.00171432
0.00170025
0.00168627
0.00167235
0.00165852
0.00164475
0.00163106
0.00161743
0.00160387
0.00159036
0.00157692
0.00156354
0.00155022
0.00153695
0.00152374
0.00151058
0.00149748
0.00148442
0.00147142
0.00145846
0.00144555
0.00143268
0.00141986
0.00140707
0.00139434
0.00138163
0.00136898
0.00135635
0.00134377
0.00133122
0.00131871
0.00130623
0.00129379
0.00128137
0.00126899
0.00125664
0.00124432
0.00123203
0.00121977
0.00120753
0.00119533
0.00118314
0.00117099
0.00115885
0.00114675
0.00113466
0.0011226
0.00111056
0.00109854
0.00108655
0.00107457
0.00106261
0.00105068
0.00103876
0.00102686
0.00101498
0.00100311
0.000991266
0.000979436
0.000967619
0.000955821
0.000944035
0.000932267
0.00092051
0.00090877
0.000897041
0.000885328
0.000873624
0.000861937
0.000850258
0.000838594
0.000826939
0.000815298
0.000803664
0.000792045
0.000780431
0.000768832
0.000757238
0.000745659
0.000734084
0.000722523
0.000710967
0.000699424
0.000687884
0.000676358
0.000664836
0.000653325
0.000641818
0.000630322
0.000618827
0.000607343
0.00059586
0.000584385
0.000572912
0.000561446
0.000549982
0.000538525
0.00052707
0.000515623
0.000504179
0.000492746
0.000481316
0.000469898
0.000458486
0.000447087
0.000435694
0.000424316
0.000412945
0.000401587
0.000390235
0.000378897
0.000367563
0.00035624
0.00034492
0.000333609
0.000322298
0.000310996
0.00029969
0.000288392
0.000277089
0.000265791
0.000254488
0.00024319
0.000231885
0.000220585
0.000209278
0.000197974
0.000186665
0.000175359
0.000164049
0.000152739
0.000141428
0.000130117
0.000118804
0.000107492
9.61773e-05
8.48653e-05
7.35498e-05
6.22369e-05
5.09216e-05
3.9608e-05
2.82926e-05
1.69785e-05
5.66569e-06
0.00313713
0.00280725
0.00284556
0.00274825
0.00273559
0.0026836
0.00265803
0.00262145
0.00259402
0.00256387
0.00253737
0.00251055
0.00248549
0.00246076
0.00243708
0.00241386
0.00239138
0.00236934
0.00234788
0.00232682
0.00230624
0.00228599
0.00226617
0.00224664
0.00222748
0.00220857
0.00218999
0.00217163
0.00215357
0.0021357
0.0021181
0.00210068
0.00208349
0.00206647
0.00204967
0.00203301
0.00201655
0.00200023
0.00198409
0.00196808
0.00195223
0.0019365
0.00192092
0.00190545
0.00189012
0.0018749
0.0018598
0.00184481
0.00182993
0.00181514
0.00180047
0.00178588
0.00177139
0.00175699
0.00174268
0.00172845
0.00171432
0.00170025
0.00168627
0.00167235
0.00165852
0.00164475
0.00163106
0.00161743
0.00160387
0.00159036
0.00157692
0.00156354
0.00155022
0.00153695
0.00152374
0.00151058
0.00149748
0.00148442
0.00147142
0.00145846
0.00144555
0.00143268
0.00141985
0.00140707
0.00139433
0.00138163
0.00136898
0.00135635
0.00134377
0.00133122
0.00131871
0.00130623
0.00129379
0.00128137
0.00126899
0.00125664
0.00124432
0.00123203
0.00121977
0.00120753
0.00119533
0.00118314
0.00117099
0.00115885
0.00114675
0.00113466
0.0011226
0.00111056
0.00109854
0.00108655
0.00107457
0.00106261
0.00105068
0.00103876
0.00102686
0.00101498
0.00100311
0.000991266
0.000979435
0.000967619
0.000955821
0.000944035
0.000932266
0.00092051
0.00090877
0.000897041
0.000885327
0.000873624
0.000861937
0.000850258
0.000838594
0.000826939
0.000815298
0.000803664
0.000792044
0.000780431
0.000768832
0.000757238
0.000745659
0.000734084
0.000722523
0.000710966
0.000699424
0.000687884
0.000676358
0.000664836
0.000653325
0.000641818
0.000630321
0.000618827
0.000607343
0.00059586
0.000584385
0.000572912
0.000561446
0.000549982
0.000538525
0.00052707
0.000515623
0.000504179
0.000492745
0.000481316
0.000469898
0.000458486
0.000447087
0.000435694
0.000424316
0.000412945
0.000401587
0.000390235
0.000378897
0.000367563
0.00035624
0.00034492
0.000333609
0.000322299
0.000310996
0.000299691
0.000288392
0.000277089
0.000265791
0.000254488
0.00024319
0.000231885
0.000220585
0.000209278
0.000197974
0.000186665
0.000175359
0.000164049
0.000152739
0.000141428
0.000130117
0.000118804
0.000107492
9.61773e-05
8.48653e-05
7.35498e-05
6.22369e-05
5.09216e-05
3.9608e-05
2.82926e-05
1.69785e-05
5.66568e-06
0.00314184
0.00280576
0.00284503
0.00274807
0.00273549
0.00268354
0.00265799
0.00262141
0.00259399
0.00256385
0.00253735
0.00251054
0.00248548
0.00246075
0.00243707
0.00241385
0.00239137
0.00236933
0.00234788
0.00232681
0.00230623
0.00228599
0.00226617
0.00224664
0.00222747
0.00220857
0.00218999
0.00217163
0.00215356
0.0021357
0.0021181
0.00210067
0.00208349
0.00206647
0.00204966
0.00203301
0.00201655
0.00200023
0.00198409
0.00196807
0.00195223
0.00193649
0.00192092
0.00190545
0.00189012
0.0018749
0.0018598
0.0018448
0.00182993
0.00181514
0.00180047
0.00178588
0.00177139
0.00175699
0.00174268
0.00172845
0.00171431
0.00170025
0.00168627
0.00167235
0.00165852
0.00164475
0.00163106
0.00161742
0.00160386
0.00159036
0.00157692
0.00156354
0.00155022
0.00153695
0.00152374
0.00151058
0.00149748
0.00148442
0.00147142
0.00145845
0.00144555
0.00143267
0.00141985
0.00140707
0.00139433
0.00138163
0.00136898
0.00135635
0.00134377
0.00133122
0.00131871
0.00130623
0.00129379
0.00128137
0.00126899
0.00125664
0.00124432
0.00123203
0.00121977
0.00120753
0.00119533
0.00118314
0.00117099
0.00115885
0.00114675
0.00113466
0.0011226
0.00111056
0.00109854
0.00108655
0.00107457
0.00106261
0.00105068
0.00103876
0.00102686
0.00101498
0.00100311
0.000991265
0.000979435
0.000967619
0.000955821
0.000944035
0.000932266
0.00092051
0.00090877
0.00089704
0.000885327
0.000873624
0.000861936
0.000850258
0.000838594
0.000826938
0.000815298
0.000803664
0.000792044
0.000780431
0.000768832
0.000757238
0.000745659
0.000734084
0.000722523
0.000710966
0.000699423
0.000687884
0.000676358
0.000664836
0.000653325
0.000641818
0.000630321
0.000618827
0.000607343
0.000595859
0.000584385
0.000572912
0.000561446
0.000549981
0.000538525
0.000527069
0.000515623
0.000504179
0.000492745
0.000481316
0.000469898
0.000458486
0.000447087
0.000435694
0.000424316
0.000412945
0.000401587
0.000390235
0.000378897
0.000367563
0.00035624
0.00034492
0.000333609
0.000322299
0.000310996
0.000299691
0.000288392
0.000277089
0.000265791
0.000254488
0.00024319
0.000231885
0.000220585
0.000209278
0.000197974
0.000186665
0.000175359
0.000164049
0.000152739
0.000141428
0.000130117
0.000118804
0.000107492
9.61773e-05
8.48653e-05
7.35498e-05
6.22369e-05
5.09216e-05
3.9608e-05
2.82926e-05
1.69785e-05
5.66567e-06
0.00314713
0.00280446
0.00284459
0.00274792
0.0027354
0.00268349
0.00265795
0.00262138
0.00259397
0.00256383
0.00253733
0.00251052
0.00248546
0.00246074
0.00243706
0.00241384
0.00239136
0.00236932
0.00234787
0.0023268
0.00230623
0.00228598
0.00226616
0.00224663
0.00222747
0.00220856
0.00218998
0.00217162
0.00215356
0.00213569
0.00211809
0.00210067
0.00208349
0.00206647
0.00204966
0.00203301
0.00201655
0.00200023
0.00198409
0.00196807
0.00195222
0.00193649
0.00192092
0.00190545
0.00189012
0.00187489
0.0018598
0.0018448
0.00182992
0.00181514
0.00180046
0.00178588
0.00177139
0.00175699
0.00174268
0.00172845
0.00171431
0.00170025
0.00168627
0.00167235
0.00165852
0.00164475
0.00163106
0.00161742
0.00160386
0.00159036
0.00157692
0.00156354
0.00155022
0.00153695
0.00152374
0.00151058
0.00149748
0.00148442
0.00147142
0.00145845
0.00144555
0.00143267
0.00141985
0.00140707
0.00139433
0.00138163
0.00136897
0.00135635
0.00134377
0.00133122
0.00131871
0.00130623
0.00129379
0.00128137
0.00126899
0.00125664
0.00124432
0.00123203
0.00121977
0.00120753
0.00119532
0.00118314
0.00117099
0.00115885
0.00114675
0.00113466
0.0011226
0.00111056
0.00109854
0.00108655
0.00107457
0.00106261
0.00105068
0.00103876
0.00102686
0.00101498
0.00100311
0.000991265
0.000979435
0.000967619
0.00095582
0.000944035
0.000932266
0.000920509
0.000908769
0.00089704
0.000885327
0.000873624
0.000861936
0.000850258
0.000838594
0.000826938
0.000815298
0.000803663
0.000792044
0.000780431
0.000768832
0.000757238
0.000745659
0.000734084
0.000722523
0.000710966
0.000699423
0.000687884
0.000676358
0.000664836
0.000653325
0.000641818
0.000630321
0.000618827
0.000607343
0.000595859
0.000584385
0.000572912
0.000561446
0.000549981
0.000538525
0.000527069
0.000515623
0.000504179
0.000492745
0.000481316
0.000469898
0.000458486
0.000447087
0.000435694
0.000424316
0.000412945
0.000401587
0.000390235
0.000378897
0.000367563
0.00035624
0.00034492
0.000333609
0.000322299
0.000310996
0.000299691
0.000288392
0.000277089
0.000265791
0.000254488
0.00024319
0.000231885
0.000220585
0.000209278
0.000197974
0.000186665
0.000175359
0.000164049
0.000152739
0.000141428
0.000130117
0.000118804
0.000107492
9.61773e-05
8.48653e-05
7.35498e-05
6.22369e-05
5.09216e-05
3.9608e-05
2.82926e-05
1.69785e-05
5.66566e-06
0.00315321
0.00280338
0.00284423
0.0027478
0.00273532
0.00268344
0.00265791
0.00262135
0.00259394
0.00256381
0.00253732
0.00251051
0.00248545
0.00246072
0.00243705
0.00241383
0.00239135
0.00236931
0.00234786
0.0023268
0.00230622
0.00228598
0.00226616
0.00224663
0.00222747
0.00220856
0.00218998
0.00217162
0.00215356
0.00213569
0.00211809
0.00210067
0.00208348
0.00206646
0.00204966
0.002033
0.00201655
0.00200022
0.00198408
0.00196807
0.00195222
0.00193649
0.00192091
0.00190544
0.00189012
0.00187489
0.0018598
0.0018448
0.00182992
0.00181514
0.00180046
0.00178587
0.00177139
0.00175699
0.00174268
0.00172845
0.00171431
0.00170024
0.00168626
0.00167235
0.00165852
0.00164475
0.00163106
0.00161742
0.00160386
0.00159036
0.00157692
0.00156354
0.00155022
0.00153695
0.00152374
0.00151058
0.00149748
0.00148442
0.00147142
0.00145845
0.00144554
0.00143267
0.00141985
0.00140707
0.00139433
0.00138163
0.00136897
0.00135635
0.00134377
0.00133122
0.00131871
0.00130623
0.00129378
0.00128137
0.00126899
0.00125664
0.00124432
0.00123203
0.00121977
0.00120753
0.00119532
0.00118314
0.00117099
0.00115885
0.00114675
0.00113466
0.0011226
0.00111056
0.00109854
0.00108655
0.00107457
0.00106261
0.00105068
0.00103876
0.00102686
0.00101498
0.00100311
0.000991265
0.000979435
0.000967619
0.00095582
0.000944034
0.000932266
0.000920509
0.000908769
0.00089704
0.000885327
0.000873624
0.000861936
0.000850257
0.000838594
0.000826938
0.000815297
0.000803663
0.000792044
0.000780431
0.000768832
0.000757238
0.000745659
0.000734084
0.000722523
0.000710966
0.000699423
0.000687884
0.000676358
0.000664835
0.000653325
0.000641818
0.000630321
0.000618827
0.000607342
0.000595859
0.000584385
0.000572911
0.000561446
0.000549981
0.000538525
0.000527069
0.000515623
0.000504179
0.000492745
0.000481315
0.000469898
0.000458486
0.000447087
0.000435694
0.000424316
0.000412945
0.000401587
0.000390235
0.000378897
0.000367563
0.00035624
0.00034492
0.000333609
0.000322299
0.000310996
0.000299691
0.000288392
0.000277089
0.000265791
0.000254488
0.00024319
0.000231885
0.000220585
0.000209278
0.000197974
0.000186665
0.000175359
0.000164049
0.000152739
0.000141428
0.000130117
0.000118804
0.000107492
9.61773e-05
8.48653e-05
7.35498e-05
6.22369e-05
5.09216e-05
3.9608e-05
2.82926e-05
1.69785e-05
5.66565e-06
0.00316032
0.00280253
0.00284392
0.00274768
0.00273524
0.00268339
0.00265786
0.00262132
0.00259392
0.00256379
0.0025373
0.00251049
0.00248543
0.00246071
0.00243704
0.00241382
0.00239134
0.00236931
0.00234785
0.00232679
0.00230621
0.00228597
0.00226615
0.00224662
0.00222746
0.00220855
0.00218997
0.00217161
0.00215355
0.00213569
0.00211809
0.00210066
0.00208348
0.00206646
0.00204966
0.002033
0.00201654
0.00200022
0.00198408
0.00196807
0.00195222
0.00193649
0.00192091
0.00190544
0.00189012
0.00187489
0.0018598
0.0018448
0.00182992
0.00181514
0.00180046
0.00178587
0.00177139
0.00175698
0.00174268
0.00172845
0.00171431
0.00170024
0.00168626
0.00167235
0.00165852
0.00164475
0.00163106
0.00161742
0.00160386
0.00159036
0.00157692
0.00156354
0.00155022
0.00153695
0.00152374
0.00151058
0.00149748
0.00148442
0.00147142
0.00145845
0.00144554
0.00143267
0.00141985
0.00140707
0.00139433
0.00138163
0.00136897
0.00135635
0.00134377
0.00133122
0.00131871
0.00130623
0.00129378
0.00128137
0.00126899
0.00125664
0.00124432
0.00123203
0.00121977
0.00120753
0.00119532
0.00118314
0.00117099
0.00115885
0.00114675
0.00113466
0.0011226
0.00111056
0.00109854
0.00108655
0.00107457
0.00106261
0.00105068
0.00103876
0.00102686
0.00101498
0.00100311
0.000991265
0.000979435
0.000967618
0.00095582
0.000944034
0.000932266
0.000920509
0.000908769
0.00089704
0.000885327
0.000873624
0.000861936
0.000850257
0.000838594
0.000826938
0.000815297
0.000803663
0.000792044
0.00078043
0.000768832
0.000757238
0.000745658
0.000734083
0.000722523
0.000710966
0.000699423
0.000687884
0.000676358
0.000664835
0.000653325
0.000641817
0.000630321
0.000618827
0.000607342
0.000595859
0.000584385
0.000572911
0.000561446
0.000549981
0.000538525
0.000527069
0.000515623
0.000504179
0.000492745
0.000481315
0.000469898
0.000458485
0.000447087
0.000435694
0.000424316
0.000412944
0.000401587
0.000390235
0.000378897
0.000367563
0.00035624
0.00034492
0.000333609
0.000322299
0.000310996
0.000299691
0.000288392
0.000277089
0.000265791
0.000254488
0.00024319
0.000231885
0.000220585
0.000209278
0.000197974
0.000186665
0.000175359
0.000164049
0.000152739
0.000141428
0.000130117
0.000118804
0.000107492
9.61773e-05
8.48653e-05
7.35498e-05
6.22369e-05
5.09216e-05
3.9608e-05
2.82926e-05
1.69785e-05
5.66565e-06
0.00316753
0.00280197
0.00284368
0.00274756
0.00273517
0.00268334
0.00265783
0.00262129
0.00259389
0.00256377
0.00253728
0.00251047
0.00248542
0.0024607
0.00243702
0.00241381
0.00239133
0.0023693
0.00234785
0.00232678
0.00230621
0.00228597
0.00226615
0.00224661
0.00222746
0.00220855
0.00218997
0.00217161
0.00215355
0.00213568
0.00211808
0.00210066
0.00208348
0.00206646
0.00204965
0.002033
0.00201654
0.00200022
0.00198408
0.00196806
0.00195222
0.00193649
0.00192091
0.00190544
0.00189011
0.00187489
0.00185979
0.0018448
0.00182992
0.00181513
0.00180046
0.00178587
0.00177139
0.00175698
0.00174268
0.00172845
0.00171431
0.00170024
0.00168626
0.00167235
0.00165852
0.00164475
0.00163105
0.00161742
0.00160386
0.00159035
0.00157692
0.00156354
0.00155022
0.00153695
0.00152374
0.00151058
0.00149748
0.00148442
0.00147141
0.00145845
0.00144554
0.00143267
0.00141985
0.00140707
0.00139433
0.00138163
0.00136897
0.00135635
0.00134377
0.00133122
0.00131871
0.00130623
0.00129378
0.00128137
0.00126899
0.00125664
0.00124432
0.00123203
0.00121977
0.00120753
0.00119532
0.00118314
0.00117099
0.00115885
0.00114675
0.00113466
0.0011226
0.00111056
0.00109854
0.00108655
0.00107457
0.00106261
0.00105068
0.00103876
0.00102686
0.00101498
0.00100311
0.000991264
0.000979434
0.000967618
0.00095582
0.000944034
0.000932266
0.000920509
0.000908769
0.00089704
0.000885327
0.000873623
0.000861936
0.000850257
0.000838594
0.000826938
0.000815297
0.000803663
0.000792044
0.00078043
0.000768831
0.000757238
0.000745658
0.000734083
0.000722523
0.000710966
0.000699423
0.000687884
0.000676358
0.000664835
0.000653325
0.000641817
0.000630321
0.000618827
0.000607342
0.000595859
0.000584385
0.000572911
0.000561446
0.000549981
0.000538525
0.000527069
0.000515623
0.000504179
0.000492745
0.000481315
0.000469898
0.000458485
0.000447087
0.000435694
0.000424316
0.000412944
0.000401587
0.000390235
0.000378897
0.000367563
0.00035624
0.00034492
0.000333609
0.000322299
0.000310996
0.000299691
0.000288392
0.000277089
0.000265792
0.000254488
0.00024319
0.000231885
0.000220585
0.000209278
0.000197974
0.000186665
0.000175359
0.000164049
0.000152739
0.000141428
0.000130117
0.000118804
0.000107492
9.61773e-05
8.48653e-05
7.35498e-05
6.22369e-05
5.09216e-05
3.9608e-05
2.82926e-05
1.69785e-05
5.66565e-06
)
;

boundaryField
{
    inlet
    {
        type            zeroGradient;
    }
    outlet
    {
        type            fixedValue;
        value           uniform 0;
    }
    wall
    {
        type            zeroGradient;
    }
    axis
    {
        type            symmetryPlane;
    }
    frontAndBack
    {
        type            empty;
    }
}


// ************************************************************************* //
