/*--------------------------------*- C++ -*----------------------------------*\
| =========                 |                                                 |
| \\      /  F ield         | OpenFOAM: The Open Source CFD Toolbox           |
|  \\    /   O peration     | Version:  2412                                  |
|   \\  /    A nd           | Website:  www.openfoam.com                      |
|    \\/     M anipulation  |                                                 |
\*---------------------------------------------------------------------------*/
FoamFile
{
    version     2.0;
    format      ascii;
    arch        "LSB;label=32;scalar=64";
    class       volScalarField;
    location    "400";
    object      p;
}
// * * * * * * * * * * * * * * * * * * * * * * * * * * * * * * * * * * * * * //

dimensions      [0 2 -2 0 0 0 0];

internalField   nonuniform List<scalar> 
8000
(
0.00309647
0.00286183
0.00288365
0.00277965
0.00276446
0.00271083
0.00268458
0.00264759
0.00261986
0.00258956
0.00256288
0.00253599
0.00251081
0.00248605
0.00246228
0.00243904
0.00241649
0.00239445
0.00237293
0.00235187
0.00233124
0.00231101
0.00229114
0.00227162
0.00225241
0.00223353
0.0022149
0.00219657
0.00217846
0.00216062
0.00214297
0.00212558
0.00210835
0.00209137
0.00207451
0.0020579
0.00204138
0.00202512
0.00200891
0.00199296
0.00197704
0.00196138
0.00194572
0.00193033
0.00191491
0.00189978
0.00188458
0.00186969
0.0018547
0.00184002
0.00182523
0.00181076
0.00179615
0.00178187
0.00176743
0.00175334
0.00173906
0.00172513
0.00171101
0.00169724
0.00168326
0.00166963
0.00165579
0.0016423
0.0016286
0.00161523
0.00160167
0.00158841
0.00157497
0.00156182
0.00154851
0.00153545
0.00152225
0.00150927
0.00149617
0.00148326
0.00147027
0.00145742
0.00144453
0.00143175
0.00141897
0.00140627
0.00139361
0.00138101
0.0013685
0.00135602
0.00134367
0.00133133
0.00131915
0.00130696
0.00129495
0.0012829
0.00127104
0.00125911
0.00124737
0.00123552
0.00122387
0.00121206
0.00120044
0.00118866
0.00117705
0.00116525
0.00115363
0.00114182
0.00113018
0.00111833
0.00110667
0.00109479
0.00108311
0.00107121
0.00105952
0.00104759
0.00103589
0.00102395
0.00101224
0.0010003
0.000988573
0.000976644
0.000964899
0.00095298
0.00094122
0.000929313
0.000917539
0.000905645
0.000893858
0.000881974
0.000870178
0.000858302
0.000846498
0.000834628
0.00082282
0.000810953
0.000799143
0.000787277
0.000775467
0.000763602
0.00075179
0.000739926
0.000728113
0.00071625
0.000704436
0.000692574
0.00068076
0.000668898
0.000657083
0.000645222
0.000633407
0.000621545
0.000609731
0.000597869
0.000586054
0.000574193
0.000562378
0.000550516
0.000538702
0.00052684
0.000515025
0.000503164
0.000491348
0.000479488
0.000467671
0.000455813
0.000443994
0.000432137
0.000420317
0.000408462
0.00039664
0.000384787
0.000372963
0.000361111
0.000349286
0.000337435
0.000325609
0.000313759
0.000301933
0.000290083
0.000278256
0.000266407
0.00025458
0.00024273
0.000230904
0.000219054
0.000207228
0.000195377
0.000183552
0.0001717
0.000159876
0.000148024
0.0001362
0.000124347
0.000112523
0.000100671
8.88467e-05
7.69953e-05
6.51693e-05
5.33204e-05
4.1488e-05
2.96438e-05
1.77547e-05
5.92927e-06
0.00309657
0.00286181
0.00288361
0.00277965
0.00276444
0.00271083
0.00268458
0.00264759
0.00261986
0.00258956
0.00256288
0.00253599
0.00251081
0.00248605
0.00246228
0.00243904
0.00241649
0.00239445
0.00237293
0.00235187
0.00233124
0.00231101
0.00229114
0.00227162
0.00225241
0.00223353
0.0022149
0.00219657
0.00217846
0.00216062
0.00214297
0.00212558
0.00210835
0.00209137
0.00207451
0.0020579
0.00204138
0.00202512
0.00200891
0.00199296
0.00197704
0.00196138
0.00194572
0.00193033
0.00191491
0.00189978
0.00188458
0.00186969
0.0018547
0.00184002
0.00182523
0.00181076
0.00179615
0.00178187
0.00176743
0.00175334
0.00173906
0.00172513
0.00171101
0.00169724
0.00168326
0.00166963
0.00165579
0.0016423
0.0016286
0.00161523
0.00160167
0.00158841
0.00157497
0.00156182
0.00154851
0.00153545
0.00152225
0.00150927
0.00149617
0.00148326
0.00147027
0.00145742
0.00144453
0.00143175
0.00141897
0.00140627
0.00139361
0.00138101
0.0013685
0.00135602
0.00134366
0.00133133
0.00131915
0.00130696
0.00129495
0.0012829
0.00127104
0.00125911
0.00124737
0.00123552
0.00122386
0.00121206
0.00120044
0.00118866
0.00117705
0.00116525
0.00115363
0.00114182
0.00113018
0.00111833
0.00110667
0.00109479
0.00108311
0.00107121
0.00105952
0.00104759
0.00103589
0.00102395
0.00101224
0.0010003
0.000988573
0.000976644
0.000964899
0.00095298
0.00094122
0.000929313
0.000917539
0.000905645
0.000893858
0.000881974
0.000870178
0.000858302
0.000846498
0.000834628
0.00082282
0.000810953
0.000799143
0.000787277
0.000775467
0.000763602
0.00075179
0.000739926
0.000728113
0.00071625
0.000704436
0.000692574
0.00068076
0.000668898
0.000657083
0.000645222
0.000633407
0.000621545
0.000609731
0.000597869
0.000586054
0.000574193
0.000562378
0.000550516
0.000538702
0.00052684
0.000515025
0.000503164
0.000491348
0.000479488
0.000467671
0.000455813
0.000443994
0.000432137
0.000420317
0.000408462
0.00039664
0.000384787
0.000372963
0.000361111
0.000349286
0.000337435
0.000325609
0.000313759
0.000301933
0.000290083
0.000278256
0.000266407
0.00025458
0.00024273
0.000230904
0.000219054
0.000207228
0.000195377
0.000183552
0.0001717
0.000159876
0.000148024
0.0001362
0.000124347
0.000112523
0.000100671
8.88467e-05
7.69954e-05
6.51693e-05
5.33204e-05
4.14881e-05
2.96438e-05
1.77544e-05
5.92899e-06
0.00309678
0.00286173
0.00288356
0.00277963
0.00276443
0.00271082
0.00268457
0.00264758
0.00261985
0.00258956
0.00256288
0.00253599
0.00251081
0.00248604
0.00246227
0.00243904
0.00241649
0.00239444
0.00237293
0.00235187
0.00233124
0.00231101
0.00229113
0.00227162
0.00225241
0.00223352
0.0022149
0.00219657
0.00217845
0.00216062
0.00214297
0.00212558
0.00210835
0.00209137
0.00207451
0.0020579
0.00204138
0.00202512
0.00200891
0.00199296
0.00197704
0.00196138
0.00194572
0.00193033
0.00191491
0.00189978
0.00188458
0.00186969
0.0018547
0.00184002
0.00182523
0.00181076
0.00179615
0.00178187
0.00176743
0.00175334
0.00173906
0.00172513
0.00171101
0.00169724
0.00168326
0.00166963
0.00165579
0.0016423
0.0016286
0.00161523
0.00160166
0.00158841
0.00157497
0.00156182
0.00154851
0.00153545
0.00152225
0.00150927
0.00149617
0.00148326
0.00147027
0.00145742
0.00144453
0.00143175
0.00141897
0.00140627
0.00139361
0.00138101
0.0013685
0.00135602
0.00134366
0.00133132
0.00131915
0.00130696
0.00129495
0.0012829
0.00127104
0.00125911
0.00124737
0.00123552
0.00122386
0.00121206
0.00120044
0.00118866
0.00117705
0.00116525
0.00115363
0.00114182
0.00113018
0.00111833
0.00110667
0.00109479
0.00108311
0.00107121
0.00105952
0.00104759
0.00103589
0.00102395
0.00101224
0.0010003
0.000988573
0.000976644
0.000964899
0.00095298
0.00094122
0.000929313
0.000917539
0.000905645
0.000893858
0.000881974
0.000870178
0.000858302
0.000846498
0.000834628
0.00082282
0.000810953
0.000799143
0.000787278
0.000775467
0.000763602
0.00075179
0.000739926
0.000728113
0.00071625
0.000704436
0.000692574
0.00068076
0.000668898
0.000657083
0.000645222
0.000633407
0.000621545
0.000609731
0.000597869
0.000586054
0.000574193
0.000562378
0.000550516
0.000538702
0.00052684
0.000515025
0.000503164
0.000491348
0.000479488
0.000467671
0.000455813
0.000443994
0.000432137
0.000420317
0.000408462
0.00039664
0.000384787
0.000372963
0.000361111
0.000349286
0.000337435
0.000325609
0.000313759
0.000301933
0.000290083
0.000278256
0.000266407
0.00025458
0.00024273
0.000230904
0.000219054
0.000207228
0.000195377
0.000183552
0.0001717
0.000159876
0.000148024
0.0001362
0.000124347
0.000112523
0.000100671
8.88467e-05
7.69954e-05
6.51693e-05
5.33204e-05
4.14881e-05
2.96439e-05
1.77547e-05
5.92931e-06
0.00309709
0.00286159
0.0028835
0.00277959
0.0027644
0.0027108
0.00268456
0.00264757
0.00261985
0.00258955
0.00256287
0.00253598
0.0025108
0.00248604
0.00246227
0.00243903
0.00241648
0.00239444
0.00237293
0.00235187
0.00233123
0.002311
0.00229113
0.00227162
0.00225241
0.00223352
0.0022149
0.00219656
0.00217845
0.00216062
0.00214297
0.00212558
0.00210835
0.00209137
0.00207451
0.0020579
0.00204138
0.00202512
0.00200891
0.00199296
0.00197704
0.00196138
0.00194572
0.00193033
0.00191491
0.00189978
0.00188458
0.00186969
0.0018547
0.00184002
0.00182523
0.00181076
0.00179615
0.00178187
0.00176743
0.00175334
0.00173906
0.00172513
0.00171101
0.00169724
0.00168326
0.00166963
0.00165579
0.0016423
0.0016286
0.00161523
0.00160166
0.00158841
0.00157497
0.00156182
0.00154851
0.00153545
0.00152225
0.00150927
0.00149617
0.00148326
0.00147027
0.00145742
0.00144453
0.00143175
0.00141897
0.00140627
0.00139361
0.00138101
0.0013685
0.00135602
0.00134366
0.00133132
0.00131915
0.00130696
0.00129495
0.0012829
0.00127104
0.00125911
0.00124737
0.00123552
0.00122386
0.00121206
0.00120044
0.00118866
0.00117705
0.00116525
0.00115363
0.00114182
0.00113018
0.00111833
0.00110667
0.00109479
0.00108311
0.00107121
0.00105952
0.00104759
0.00103589
0.00102395
0.00101224
0.0010003
0.000988573
0.000976644
0.000964899
0.00095298
0.00094122
0.000929313
0.000917539
0.000905645
0.000893858
0.000881974
0.000870178
0.000858302
0.000846498
0.000834628
0.00082282
0.000810953
0.000799143
0.000787278
0.000775467
0.000763602
0.00075179
0.000739926
0.000728113
0.00071625
0.000704436
0.000692574
0.00068076
0.000668898
0.000657083
0.000645222
0.000633407
0.000621545
0.000609731
0.000597869
0.000586054
0.000574193
0.000562378
0.000550516
0.000538702
0.00052684
0.000515025
0.000503164
0.000491348
0.000479488
0.000467671
0.000455813
0.000443994
0.000432137
0.000420317
0.000408462
0.00039664
0.000384787
0.000372963
0.000361111
0.000349286
0.000337435
0.000325609
0.000313759
0.000301933
0.000290083
0.000278256
0.000266407
0.00025458
0.00024273
0.000230904
0.000219054
0.000207228
0.000195377
0.000183552
0.0001717
0.000159876
0.000148024
0.0001362
0.000124347
0.000112523
0.000100671
8.88467e-05
7.69953e-05
6.51693e-05
5.33204e-05
4.14882e-05
2.96439e-05
1.77556e-05
5.93017e-06
0.00309751
0.00286141
0.00288342
0.00277954
0.00276437
0.00271078
0.00268454
0.00264756
0.00261984
0.00258954
0.00256286
0.00253598
0.0025108
0.00248603
0.00246227
0.00243903
0.00241648
0.00239444
0.00237292
0.00235186
0.00233123
0.002311
0.00229113
0.00227162
0.00225241
0.00223352
0.00221489
0.00219656
0.00217845
0.00216062
0.00214297
0.00212558
0.00210835
0.00209137
0.00207451
0.0020579
0.00204138
0.00202512
0.00200891
0.00199296
0.00197703
0.00196138
0.00194572
0.00193033
0.00191491
0.00189978
0.00188458
0.00186968
0.0018547
0.00184002
0.00182523
0.00181076
0.00179615
0.00178187
0.00176743
0.00175334
0.00173906
0.00172513
0.00171101
0.00169724
0.00168326
0.00166963
0.00165579
0.0016423
0.0016286
0.00161523
0.00160166
0.00158841
0.00157497
0.00156182
0.00154851
0.00153545
0.00152225
0.00150927
0.00149617
0.00148326
0.00147027
0.00145742
0.00144453
0.00143175
0.00141897
0.00140627
0.00139361
0.00138101
0.00136849
0.00135602
0.00134366
0.00133132
0.00131915
0.00130696
0.00129495
0.0012829
0.00127104
0.00125911
0.00124737
0.00123552
0.00122386
0.00121206
0.00120044
0.00118866
0.00117705
0.00116525
0.00115363
0.00114182
0.00113018
0.00111833
0.00110667
0.00109479
0.00108311
0.00107121
0.00105952
0.00104759
0.00103589
0.00102395
0.00101224
0.0010003
0.000988573
0.000976644
0.000964899
0.00095298
0.00094122
0.000929313
0.000917539
0.000905645
0.000893858
0.000881974
0.000870178
0.000858302
0.000846498
0.000834628
0.00082282
0.000810953
0.000799143
0.000787278
0.000775467
0.000763602
0.00075179
0.000739926
0.000728113
0.00071625
0.000704436
0.000692574
0.00068076
0.000668898
0.000657083
0.000645222
0.000633407
0.000621545
0.000609731
0.000597869
0.000586054
0.000574193
0.000562378
0.000550516
0.000538702
0.00052684
0.000515025
0.000503164
0.000491348
0.000479488
0.000467671
0.000455813
0.000443994
0.000432137
0.000420317
0.000408462
0.00039664
0.000384787
0.000372962
0.000361111
0.000349286
0.000337435
0.000325609
0.000313759
0.000301933
0.000290083
0.000278256
0.000266407
0.00025458
0.00024273
0.000230904
0.000219054
0.000207228
0.000195377
0.000183552
0.0001717
0.000159876
0.000148024
0.0001362
0.000124347
0.000112523
0.000100671
8.88467e-05
7.69953e-05
6.51693e-05
5.33204e-05
4.14882e-05
2.9644e-05
1.77569e-05
5.93149e-06
0.00309804
0.00286118
0.00288331
0.00277948
0.00276433
0.00271076
0.00268452
0.00264755
0.00261982
0.00258953
0.00256286
0.00253597
0.00251079
0.00248603
0.00246226
0.00243903
0.00241647
0.00239443
0.00237292
0.00235186
0.00233123
0.002311
0.00229113
0.00227161
0.00225241
0.00223352
0.00221489
0.00219656
0.00217845
0.00216062
0.00214297
0.00212558
0.00210835
0.00209137
0.00207451
0.0020579
0.00204138
0.00202511
0.00200891
0.00199296
0.00197703
0.00196137
0.00194571
0.00193033
0.00191491
0.00189978
0.00188458
0.00186968
0.0018547
0.00184002
0.00182523
0.00181076
0.00179615
0.00178187
0.00176743
0.00175334
0.00173906
0.00172513
0.00171101
0.00169724
0.00168326
0.00166963
0.00165579
0.0016423
0.0016286
0.00161523
0.00160166
0.00158841
0.00157497
0.00156182
0.00154851
0.00153545
0.00152225
0.00150927
0.00149617
0.00148326
0.00147027
0.00145742
0.00144453
0.00143175
0.00141897
0.00140627
0.00139361
0.00138101
0.00136849
0.00135601
0.00134366
0.00133132
0.00131915
0.00130695
0.00129495
0.0012829
0.00127104
0.00125911
0.00124737
0.00123552
0.00122386
0.00121206
0.00120044
0.00118866
0.00117705
0.00116525
0.00115363
0.00114182
0.00113018
0.00111833
0.00110667
0.00109479
0.00108311
0.00107121
0.00105952
0.00104759
0.00103589
0.00102396
0.00101224
0.0010003
0.000988573
0.000976644
0.000964899
0.00095298
0.00094122
0.000929313
0.000917539
0.000905645
0.000893858
0.000881974
0.000870178
0.000858302
0.000846498
0.000834628
0.00082282
0.000810953
0.000799143
0.000787278
0.000775467
0.000763602
0.00075179
0.000739926
0.000728113
0.00071625
0.000704436
0.000692574
0.00068076
0.000668898
0.000657083
0.000645222
0.000633407
0.000621545
0.000609731
0.000597869
0.000586054
0.000574193
0.000562378
0.000550516
0.000538702
0.00052684
0.000515025
0.000503164
0.000491348
0.000479488
0.000467671
0.000455813
0.000443994
0.000432137
0.000420317
0.000408462
0.00039664
0.000384787
0.000372962
0.000361111
0.000349286
0.000337435
0.000325609
0.000313759
0.000301933
0.000290083
0.000278256
0.000266407
0.00025458
0.00024273
0.000230904
0.000219054
0.000207228
0.000195377
0.000183552
0.0001717
0.000159876
0.000148024
0.0001362
0.000124347
0.000112523
0.000100671
8.88467e-05
7.69953e-05
6.51693e-05
5.33204e-05
4.14883e-05
2.96441e-05
1.77586e-05
5.93322e-06
0.00309867
0.00286091
0.00288319
0.00277941
0.00276428
0.00271073
0.0026845
0.00264753
0.00261981
0.00258952
0.00256285
0.00253596
0.00251078
0.00248602
0.00246225
0.00243902
0.00241647
0.00239443
0.00237292
0.00235186
0.00233122
0.002311
0.00229112
0.00227161
0.0022524
0.00223352
0.00221489
0.00219656
0.00217845
0.00216061
0.00214296
0.00212558
0.00210834
0.00209136
0.0020745
0.0020579
0.00204138
0.00202511
0.00200891
0.00199295
0.00197703
0.00196137
0.00194571
0.00193033
0.00191491
0.00189977
0.00188458
0.00186968
0.0018547
0.00184002
0.00182523
0.00181076
0.00179615
0.00178187
0.00176743
0.00175334
0.00173906
0.00172513
0.00171101
0.00169723
0.00168326
0.00166963
0.00165579
0.0016423
0.0016286
0.00161523
0.00160166
0.00158841
0.00157497
0.00156182
0.00154851
0.00153545
0.00152225
0.00150927
0.00149617
0.00148326
0.00147027
0.00145742
0.00144453
0.00143175
0.00141897
0.00140627
0.00139361
0.00138101
0.00136849
0.00135601
0.00134366
0.00133132
0.00131915
0.00130695
0.00129495
0.0012829
0.00127104
0.00125911
0.00124737
0.00123552
0.00122386
0.00121206
0.00120044
0.00118866
0.00117705
0.00116525
0.00115363
0.00114182
0.00113018
0.00111833
0.00110667
0.00109479
0.00108311
0.00107121
0.00105952
0.00104759
0.00103589
0.00102396
0.00101224
0.0010003
0.000988573
0.000976644
0.000964899
0.00095298
0.00094122
0.000929313
0.000917539
0.000905645
0.000893858
0.000881974
0.000870178
0.000858302
0.000846498
0.000834628
0.00082282
0.000810953
0.000799143
0.000787278
0.000775467
0.000763602
0.00075179
0.000739926
0.000728113
0.00071625
0.000704436
0.000692574
0.00068076
0.000668898
0.000657083
0.000645222
0.000633407
0.000621545
0.000609731
0.000597869
0.000586054
0.000574193
0.000562378
0.000550516
0.000538702
0.00052684
0.000515025
0.000503164
0.000491348
0.000479488
0.000467671
0.000455813
0.000443994
0.000432137
0.000420317
0.000408462
0.00039664
0.000384787
0.000372962
0.000361111
0.000349286
0.000337435
0.000325609
0.000313759
0.000301933
0.000290083
0.000278256
0.000266407
0.00025458
0.00024273
0.000230904
0.000219054
0.000207228
0.000195377
0.000183552
0.0001717
0.000159876
0.000148024
0.0001362
0.000124347
0.000112523
0.000100671
8.88467e-05
7.69953e-05
6.51693e-05
5.33204e-05
4.14884e-05
2.96442e-05
1.77607e-05
5.93535e-06
0.0030994
0.00286059
0.00288304
0.00277932
0.00276422
0.0027107
0.00268448
0.00264751
0.00261979
0.00258951
0.00256283
0.00253595
0.00251077
0.00248601
0.00246225
0.00243901
0.00241646
0.00239442
0.00237291
0.00235185
0.00233122
0.00231099
0.00229112
0.00227161
0.0022524
0.00223351
0.00221489
0.00219656
0.00217844
0.00216061
0.00214296
0.00212558
0.00210834
0.00209136
0.0020745
0.00205789
0.00204138
0.00202511
0.0020089
0.00199295
0.00197703
0.00196137
0.00194571
0.00193033
0.00191491
0.00189977
0.00188458
0.00186968
0.00185469
0.00184002
0.00182523
0.00181076
0.00179615
0.00178187
0.00176743
0.00175333
0.00173906
0.00172513
0.00171101
0.00169723
0.00168326
0.00166963
0.00165579
0.0016423
0.0016286
0.00161523
0.00160166
0.00158841
0.00157497
0.00156182
0.00154851
0.00153545
0.00152225
0.00150927
0.00149617
0.00148326
0.00147027
0.00145742
0.00144453
0.00143175
0.00141897
0.00140627
0.00139361
0.00138101
0.00136849
0.00135601
0.00134366
0.00133132
0.00131914
0.00130695
0.00129495
0.0012829
0.00127104
0.00125911
0.00124737
0.00123552
0.00122386
0.00121206
0.00120044
0.00118866
0.00117705
0.00116525
0.00115363
0.00114182
0.00113018
0.00111833
0.00110667
0.00109479
0.00108311
0.00107121
0.00105952
0.00104759
0.00103589
0.00102396
0.00101224
0.0010003
0.000988573
0.000976644
0.000964899
0.00095298
0.00094122
0.000929313
0.000917539
0.000905645
0.000893858
0.000881974
0.000870178
0.000858302
0.000846498
0.000834628
0.00082282
0.000810953
0.000799143
0.000787278
0.000775467
0.000763602
0.00075179
0.000739926
0.000728113
0.00071625
0.000704436
0.000692574
0.00068076
0.000668898
0.000657083
0.000645222
0.000633407
0.000621545
0.000609731
0.000597869
0.000586054
0.000574193
0.000562378
0.000550516
0.000538702
0.00052684
0.000515025
0.000503164
0.000491348
0.000479488
0.000467671
0.000455813
0.000443994
0.000432137
0.000420317
0.000408462
0.00039664
0.000384787
0.000372962
0.000361111
0.000349286
0.000337435
0.000325609
0.000313759
0.000301933
0.000290083
0.000278256
0.000266407
0.00025458
0.00024273
0.000230904
0.000219054
0.000207228
0.000195377
0.000183552
0.0001717
0.000159876
0.000148024
0.0001362
0.000124347
0.000112523
0.000100671
8.88468e-05
7.69953e-05
6.51694e-05
5.33204e-05
4.14886e-05
2.96444e-05
1.77632e-05
5.93783e-06
0.00310024
0.00286022
0.00288288
0.00277922
0.00276416
0.00271066
0.00268445
0.00264749
0.00261977
0.00258949
0.00256282
0.00253594
0.00251076
0.002486
0.00246224
0.002439
0.00241646
0.00239442
0.0023729
0.00235185
0.00233121
0.00231099
0.00229112
0.0022716
0.00225239
0.00223351
0.00221488
0.00219655
0.00217844
0.00216061
0.00214296
0.00212557
0.00210834
0.00209136
0.0020745
0.00205789
0.00204137
0.00202511
0.0020089
0.00199295
0.00197703
0.00196137
0.00194571
0.00193032
0.00191491
0.00189977
0.00188458
0.00186968
0.00185469
0.00184002
0.00182522
0.00181076
0.00179614
0.00178187
0.00176743
0.00175333
0.00173906
0.00172513
0.00171101
0.00169723
0.00168326
0.00166963
0.00165579
0.0016423
0.0016286
0.00161523
0.00160166
0.00158841
0.00157497
0.00156182
0.00154851
0.00153545
0.00152225
0.00150927
0.00149617
0.00148326
0.00147027
0.00145742
0.00144453
0.00143175
0.00141897
0.00140627
0.00139361
0.00138101
0.00136849
0.00135601
0.00134366
0.00133132
0.00131914
0.00130695
0.00129495
0.0012829
0.00127104
0.00125911
0.00124737
0.00123552
0.00122386
0.00121206
0.00120044
0.00118866
0.00117705
0.00116525
0.00115363
0.00114182
0.00113018
0.00111833
0.00110667
0.00109479
0.00108311
0.00107121
0.00105952
0.00104759
0.00103589
0.00102396
0.00101224
0.0010003
0.000988573
0.000976644
0.000964899
0.00095298
0.00094122
0.000929313
0.000917539
0.000905645
0.000893858
0.000881974
0.000870178
0.000858302
0.000846498
0.000834628
0.00082282
0.000810953
0.000799143
0.000787278
0.000775467
0.000763602
0.00075179
0.000739926
0.000728113
0.00071625
0.000704436
0.000692574
0.00068076
0.000668898
0.000657083
0.000645222
0.000633407
0.000621545
0.000609731
0.000597869
0.000586054
0.000574193
0.000562378
0.000550516
0.000538702
0.00052684
0.000515025
0.000503164
0.000491348
0.000479488
0.000467671
0.000455813
0.000443994
0.000432137
0.000420317
0.000408462
0.00039664
0.000384787
0.000372962
0.000361111
0.000349286
0.000337435
0.000325609
0.000313759
0.000301933
0.000290083
0.000278256
0.000266407
0.00025458
0.00024273
0.000230904
0.000219054
0.000207228
0.000195377
0.000183552
0.0001717
0.000159876
0.000148024
0.0001362
0.000124347
0.000112523
0.000100671
8.88468e-05
7.69953e-05
6.51694e-05
5.33203e-05
4.14887e-05
2.96445e-05
1.77659e-05
5.9406e-06
0.00310119
0.00285981
0.00288269
0.00277911
0.00276409
0.00271061
0.00268441
0.00264746
0.00261975
0.00258947
0.0025628
0.00253592
0.00251075
0.00248599
0.00246223
0.002439
0.00241645
0.00239441
0.0023729
0.00235184
0.00233121
0.00231098
0.00229111
0.0022716
0.00225239
0.0022335
0.00221488
0.00219655
0.00217844
0.0021606
0.00214296
0.00212557
0.00210834
0.00209136
0.0020745
0.00205789
0.00204137
0.00202511
0.0020089
0.00199295
0.00197703
0.00196137
0.00194571
0.00193032
0.0019149
0.00189977
0.00188458
0.00186968
0.00185469
0.00184002
0.00182522
0.00181075
0.00179614
0.00178187
0.00176743
0.00175333
0.00173906
0.00172513
0.001711
0.00169723
0.00168326
0.00166963
0.00165579
0.0016423
0.0016286
0.00161523
0.00160166
0.00158841
0.00157497
0.00156182
0.0015485
0.00153545
0.00152224
0.00150926
0.00149617
0.00148326
0.00147027
0.00145742
0.00144453
0.00143175
0.00141897
0.00140627
0.00139361
0.00138101
0.00136849
0.00135601
0.00134366
0.00133132
0.00131914
0.00130695
0.00129495
0.00128289
0.00127104
0.00125911
0.00124737
0.00123552
0.00122386
0.00121206
0.00120044
0.00118866
0.00117705
0.00116525
0.00115363
0.00114182
0.00113018
0.00111833
0.00110667
0.00109479
0.00108311
0.00107121
0.00105952
0.00104759
0.00103589
0.00102396
0.00101224
0.0010003
0.000988573
0.000976644
0.000964899
0.00095298
0.00094122
0.000929313
0.000917539
0.000905645
0.000893858
0.000881975
0.000870178
0.000858302
0.000846498
0.000834628
0.00082282
0.000810953
0.000799143
0.000787278
0.000775467
0.000763602
0.00075179
0.000739926
0.000728113
0.00071625
0.000704436
0.000692574
0.00068076
0.000668898
0.000657083
0.000645222
0.000633407
0.000621545
0.000609731
0.000597869
0.000586054
0.000574193
0.000562378
0.000550516
0.000538702
0.00052684
0.000515025
0.000503164
0.000491348
0.000479488
0.000467671
0.000455813
0.000443994
0.000432137
0.000420317
0.000408462
0.00039664
0.000384787
0.000372962
0.000361111
0.000349286
0.000337435
0.000325609
0.000313759
0.000301933
0.000290083
0.000278256
0.000266407
0.00025458
0.00024273
0.000230904
0.000219054
0.000207228
0.000195377
0.000183552
0.0001717
0.000159876
0.000148024
0.0001362
0.000124347
0.000112523
0.000100671
8.88468e-05
7.69953e-05
6.51694e-05
5.33203e-05
4.14888e-05
2.96447e-05
1.77689e-05
5.94364e-06
0.00310224
0.00285935
0.00288248
0.00277899
0.00276401
0.00271057
0.00268438
0.00264744
0.00261973
0.00258946
0.00256279
0.00253591
0.00251074
0.00248598
0.00246222
0.00243899
0.00241644
0.0023944
0.00237289
0.00235183
0.0023312
0.00231097
0.0022911
0.00227159
0.00225238
0.0022335
0.00221487
0.00219654
0.00217843
0.0021606
0.00214295
0.00212557
0.00210833
0.00209135
0.0020745
0.00205789
0.00204137
0.0020251
0.0020089
0.00199295
0.00197703
0.00196137
0.00194571
0.00193032
0.0019149
0.00189977
0.00188457
0.00186968
0.00185469
0.00184002
0.00182522
0.00181075
0.00179614
0.00178187
0.00176743
0.00175333
0.00173905
0.00172513
0.001711
0.00169723
0.00168325
0.00166963
0.00165579
0.0016423
0.0016286
0.00161523
0.00160166
0.00158841
0.00157497
0.00156182
0.0015485
0.00153545
0.00152224
0.00150926
0.00149617
0.00148326
0.00147027
0.00145742
0.00144453
0.00143175
0.00141897
0.00140627
0.00139361
0.00138101
0.00136849
0.00135601
0.00134366
0.00133132
0.00131914
0.00130695
0.00129494
0.00128289
0.00127104
0.00125911
0.00124737
0.00123552
0.00122386
0.00121206
0.00120044
0.00118866
0.00117705
0.00116525
0.00115363
0.00114182
0.00113018
0.00111833
0.00110667
0.00109479
0.00108311
0.00107121
0.00105952
0.00104759
0.00103589
0.00102396
0.00101224
0.0010003
0.000988573
0.000976644
0.000964899
0.00095298
0.000941221
0.000929313
0.000917539
0.000905645
0.000893858
0.000881975
0.000870178
0.000858302
0.000846498
0.000834628
0.00082282
0.000810953
0.000799143
0.000787278
0.000775467
0.000763602
0.00075179
0.000739926
0.000728113
0.00071625
0.000704436
0.000692574
0.00068076
0.000668898
0.000657083
0.000645222
0.000633407
0.000621545
0.000609731
0.000597869
0.000586054
0.000574193
0.000562378
0.000550516
0.000538702
0.00052684
0.000515025
0.000503164
0.000491348
0.000479488
0.000467671
0.000455813
0.000443994
0.000432137
0.000420317
0.000408462
0.00039664
0.000384787
0.000372962
0.000361111
0.000349286
0.000337435
0.000325609
0.000313759
0.000301933
0.000290083
0.000278256
0.000266407
0.00025458
0.00024273
0.000230904
0.000219054
0.000207228
0.000195377
0.000183552
0.0001717
0.000159876
0.000148024
0.0001362
0.000124347
0.000112523
0.000100671
8.88468e-05
7.69953e-05
6.51694e-05
5.33203e-05
4.1489e-05
2.96449e-05
1.77721e-05
5.94687e-06
0.0031034
0.00285884
0.00288225
0.00277886
0.00276392
0.00271051
0.00268434
0.0026474
0.00261971
0.00258943
0.00256277
0.00253589
0.00251072
0.00248597
0.0024622
0.00243897
0.00241643
0.00239439
0.00237288
0.00235182
0.00233119
0.00231097
0.0022911
0.00227159
0.00225238
0.00223349
0.00221487
0.00219654
0.00217843
0.0021606
0.00214295
0.00212556
0.00210833
0.00209135
0.00207449
0.00205788
0.00204137
0.0020251
0.0020089
0.00199294
0.00197702
0.00196136
0.0019457
0.00193032
0.0019149
0.00189977
0.00188457
0.00186968
0.00185469
0.00184001
0.00182522
0.00181075
0.00179614
0.00178187
0.00176743
0.00175333
0.00173905
0.00172513
0.001711
0.00169723
0.00168325
0.00166963
0.00165579
0.00164229
0.0016286
0.00161523
0.00160166
0.00158841
0.00157497
0.00156182
0.0015485
0.00153544
0.00152224
0.00150926
0.00149617
0.00148326
0.00147026
0.00145742
0.00144453
0.00143175
0.00141897
0.00140627
0.00139361
0.00138101
0.00136849
0.00135601
0.00134366
0.00133132
0.00131914
0.00130695
0.00129494
0.00128289
0.00127104
0.00125911
0.00124737
0.00123552
0.00122386
0.00121206
0.00120044
0.00118866
0.00117705
0.00116525
0.00115363
0.00114182
0.00113018
0.00111833
0.00110667
0.00109479
0.00108311
0.00107121
0.00105952
0.00104759
0.00103589
0.00102396
0.00101224
0.0010003
0.000988573
0.000976644
0.000964899
0.00095298
0.000941221
0.000929313
0.000917539
0.000905645
0.000893858
0.000881975
0.000870178
0.000858302
0.000846498
0.000834628
0.00082282
0.000810953
0.000799143
0.000787278
0.000775467
0.000763602
0.00075179
0.000739926
0.000728113
0.00071625
0.000704436
0.000692574
0.00068076
0.000668898
0.000657083
0.000645222
0.000633407
0.000621545
0.000609731
0.000597869
0.000586054
0.000574193
0.000562378
0.000550516
0.000538702
0.00052684
0.000515025
0.000503164
0.000491348
0.000479488
0.000467671
0.000455813
0.000443994
0.000432137
0.000420317
0.000408462
0.00039664
0.000384787
0.000372962
0.000361111
0.000349286
0.000337435
0.000325609
0.000313759
0.000301933
0.000290083
0.000278256
0.000266407
0.00025458
0.00024273
0.000230904
0.000219054
0.000207228
0.000195377
0.000183552
0.0001717
0.000159876
0.000148024
0.0001362
0.000124347
0.000112523
0.000100671
8.88468e-05
7.69953e-05
6.51694e-05
5.33203e-05
4.14892e-05
2.9645e-05
1.77755e-05
5.95025e-06
0.00310466
0.00285828
0.002882
0.00277871
0.00276382
0.00271045
0.00268429
0.00264737
0.00261968
0.00258941
0.00256275
0.00253588
0.00251071
0.00248595
0.00246219
0.00243896
0.00241642
0.00239438
0.00237287
0.00235182
0.00233119
0.00231096
0.00229109
0.00227158
0.00225237
0.00223349
0.00221486
0.00219653
0.00217843
0.00216059
0.00214294
0.00212556
0.00210833
0.00209135
0.00207449
0.00205788
0.00204136
0.0020251
0.00200889
0.00199294
0.00197702
0.00196136
0.0019457
0.00193032
0.0019149
0.00189977
0.00188457
0.00186967
0.00185469
0.00184001
0.00182522
0.00181075
0.00179614
0.00178186
0.00176742
0.00175333
0.00173905
0.00172512
0.001711
0.00169723
0.00168325
0.00166962
0.00165579
0.00164229
0.00162859
0.00161522
0.00160166
0.0015884
0.00157497
0.00156182
0.0015485
0.00153544
0.00152224
0.00150926
0.00149617
0.00148326
0.00147026
0.00145742
0.00144453
0.00143175
0.00141896
0.00140627
0.00139361
0.001381
0.00136849
0.00135601
0.00134366
0.00133132
0.00131914
0.00130695
0.00129494
0.00128289
0.00127104
0.00125911
0.00124737
0.00123552
0.00122386
0.00121206
0.00120044
0.00118866
0.00117705
0.00116525
0.00115363
0.00114182
0.00113018
0.00111833
0.00110667
0.00109479
0.00108311
0.00107121
0.00105952
0.00104759
0.00103589
0.00102396
0.00101224
0.0010003
0.000988573
0.000976644
0.0009649
0.00095298
0.000941221
0.000929313
0.000917539
0.000905645
0.000893858
0.000881975
0.000870178
0.000858302
0.000846498
0.000834628
0.00082282
0.000810953
0.000799143
0.000787278
0.000775467
0.000763602
0.00075179
0.000739926
0.000728113
0.00071625
0.000704436
0.000692574
0.00068076
0.000668898
0.000657083
0.000645222
0.000633407
0.000621545
0.000609731
0.000597869
0.000586054
0.000574193
0.000562378
0.000550516
0.000538702
0.00052684
0.000515025
0.000503164
0.000491348
0.000479488
0.000467671
0.000455813
0.000443994
0.000432137
0.000420317
0.000408462
0.00039664
0.000384787
0.000372962
0.000361111
0.000349286
0.000337435
0.000325609
0.000313759
0.000301933
0.000290083
0.000278256
0.000266407
0.00025458
0.00024273
0.000230904
0.000219054
0.000207228
0.000195377
0.000183552
0.0001717
0.000159876
0.000148024
0.0001362
0.000124347
0.000112523
0.000100671
8.88468e-05
7.69953e-05
6.51694e-05
5.33203e-05
4.14894e-05
2.96452e-05
1.77789e-05
5.95373e-06
0.00310604
0.00285767
0.00288172
0.00277855
0.00276372
0.00271039
0.00268424
0.00264733
0.00261965
0.00258938
0.00256273
0.00253586
0.00251069
0.00248594
0.00246218
0.00243895
0.00241641
0.00239437
0.00237286
0.00235181
0.00233118
0.00231095
0.00229108
0.00227157
0.00225237
0.00223348
0.00221486
0.00219653
0.00217842
0.00216059
0.00214294
0.00212556
0.00210832
0.00209134
0.00207449
0.00205788
0.00204136
0.0020251
0.00200889
0.00199294
0.00197702
0.00196136
0.0019457
0.00193031
0.0019149
0.00189976
0.00188457
0.00186967
0.00185469
0.00184001
0.00182522
0.00181075
0.00179614
0.00178186
0.00176742
0.00175333
0.00173905
0.00172512
0.001711
0.00169723
0.00168325
0.00166962
0.00165579
0.00164229
0.00162859
0.00161522
0.00160166
0.0015884
0.00157497
0.00156182
0.0015485
0.00153544
0.00152224
0.00150926
0.00149617
0.00148326
0.00147026
0.00145742
0.00144453
0.00143175
0.00141896
0.00140626
0.0013936
0.001381
0.00136849
0.00135601
0.00134366
0.00133132
0.00131914
0.00130695
0.00129494
0.00128289
0.00127104
0.0012591
0.00124737
0.00123552
0.00122386
0.00121206
0.00120044
0.00118866
0.00117705
0.00116525
0.00115364
0.00114182
0.00113018
0.00111833
0.00110667
0.00109479
0.00108311
0.00107121
0.00105952
0.00104759
0.00103589
0.00102396
0.00101224
0.0010003
0.000988573
0.000976644
0.0009649
0.00095298
0.000941221
0.000929314
0.000917539
0.000905645
0.000893858
0.000881975
0.000870178
0.000858302
0.000846498
0.000834628
0.00082282
0.000810953
0.000799143
0.000787278
0.000775467
0.000763602
0.00075179
0.000739926
0.000728113
0.00071625
0.000704436
0.000692574
0.00068076
0.000668898
0.000657083
0.000645222
0.000633407
0.000621545
0.000609731
0.000597869
0.000586054
0.000574193
0.000562378
0.000550516
0.000538702
0.00052684
0.000515025
0.000503164
0.000491348
0.000479488
0.000467671
0.000455813
0.000443994
0.000432137
0.000420317
0.000408462
0.00039664
0.000384787
0.000372962
0.000361111
0.000349286
0.000337435
0.000325609
0.000313759
0.000301933
0.000290083
0.000278256
0.000266407
0.00025458
0.00024273
0.000230904
0.000219054
0.000207228
0.000195377
0.000183552
0.0001717
0.000159876
0.000148024
0.0001362
0.000124347
0.000112523
0.000100671
8.88468e-05
7.69953e-05
6.51695e-05
5.33203e-05
4.14896e-05
2.96454e-05
1.77823e-05
5.95725e-06
0.00310752
0.00285702
0.00288142
0.00277838
0.00276361
0.00271032
0.00268419
0.00264729
0.00261961
0.00258936
0.0025627
0.00253583
0.00251067
0.00248592
0.00246216
0.00243894
0.00241639
0.00239436
0.00237285
0.0023518
0.00233117
0.00231095
0.00229108
0.00227157
0.00225236
0.00223348
0.00221485
0.00219652
0.00217842
0.00216058
0.00214294
0.00212555
0.00210832
0.00209134
0.00207448
0.00205788
0.00204136
0.00202509
0.00200889
0.00199294
0.00197702
0.00196136
0.0019457
0.00193031
0.00191489
0.00189976
0.00188457
0.00186967
0.00185468
0.00184001
0.00182522
0.00181075
0.00179614
0.00178186
0.00176742
0.00175333
0.00173905
0.00172512
0.001711
0.00169723
0.00168325
0.00166962
0.00165579
0.00164229
0.00162859
0.00161522
0.00160166
0.0015884
0.00157497
0.00156182
0.0015485
0.00153544
0.00152224
0.00150926
0.00149617
0.00148326
0.00147026
0.00145742
0.00144453
0.00143175
0.00141896
0.00140626
0.0013936
0.001381
0.00136849
0.00135601
0.00134365
0.00133131
0.00131914
0.00130695
0.00129494
0.00128289
0.00127104
0.0012591
0.00124737
0.00123552
0.00122386
0.00121206
0.00120044
0.00118866
0.00117705
0.00116525
0.00115364
0.00114182
0.00113018
0.00111833
0.00110667
0.00109479
0.00108311
0.00107121
0.00105952
0.00104759
0.00103589
0.00102396
0.00101224
0.0010003
0.000988573
0.000976644
0.0009649
0.00095298
0.000941221
0.000929314
0.000917539
0.000905645
0.000893858
0.000881975
0.000870178
0.000858302
0.000846498
0.000834628
0.00082282
0.000810953
0.000799143
0.000787278
0.000775467
0.000763602
0.00075179
0.000739926
0.000728113
0.00071625
0.000704436
0.000692574
0.00068076
0.000668898
0.000657083
0.000645222
0.000633407
0.000621545
0.000609731
0.000597869
0.000586054
0.000574193
0.000562378
0.000550516
0.000538702
0.00052684
0.000515025
0.000503164
0.000491348
0.000479488
0.000467671
0.000455813
0.000443994
0.000432137
0.000420317
0.000408462
0.00039664
0.000384787
0.000372962
0.000361111
0.000349286
0.000337435
0.000325609
0.000313759
0.000301933
0.000290083
0.000278256
0.000266407
0.00025458
0.00024273
0.000230904
0.000219054
0.000207228
0.000195377
0.000183552
0.0001717
0.000159876
0.000148024
0.0001362
0.000124347
0.000112523
0.000100671
8.88468e-05
7.69953e-05
6.51695e-05
5.33202e-05
4.14897e-05
2.96456e-05
1.77858e-05
5.96076e-06
0.00310912
0.0028563
0.0028811
0.00277819
0.00276349
0.00271025
0.00268414
0.00264725
0.00261958
0.00258933
0.00256268
0.00253581
0.00251065
0.0024859
0.00246215
0.00243892
0.00241638
0.00239435
0.00237284
0.00235179
0.00233116
0.00231094
0.00229107
0.00227156
0.00225235
0.00223347
0.00221485
0.00219652
0.00217841
0.00216058
0.00214293
0.00212555
0.00210831
0.00209134
0.00207448
0.00205787
0.00204136
0.00202509
0.00200888
0.00199293
0.00197701
0.00196136
0.0019457
0.00193031
0.00191489
0.00189976
0.00188457
0.00186967
0.00185468
0.00184001
0.00182522
0.00181075
0.00179614
0.00178186
0.00176742
0.00175333
0.00173905
0.00172512
0.001711
0.00169723
0.00168325
0.00166962
0.00165579
0.00164229
0.00162859
0.00161522
0.00160166
0.0015884
0.00157497
0.00156182
0.0015485
0.00153544
0.00152224
0.00150926
0.00149617
0.00148326
0.00147026
0.00145742
0.00144452
0.00143175
0.00141896
0.00140626
0.0013936
0.001381
0.00136849
0.00135601
0.00134365
0.00133131
0.00131914
0.00130695
0.00129494
0.00128289
0.00127104
0.0012591
0.00124737
0.00123552
0.00122386
0.00121206
0.00120044
0.00118866
0.00117705
0.00116525
0.00115364
0.00114182
0.00113018
0.00111833
0.00110667
0.00109479
0.00108311
0.00107121
0.00105952
0.00104759
0.00103589
0.00102396
0.00101224
0.0010003
0.000988574
0.000976644
0.0009649
0.00095298
0.000941221
0.000929314
0.000917539
0.000905645
0.000893858
0.000881975
0.000870178
0.000858302
0.000846498
0.000834628
0.00082282
0.000810953
0.000799143
0.000787278
0.000775467
0.000763602
0.00075179
0.000739926
0.000728113
0.00071625
0.000704436
0.000692574
0.00068076
0.000668898
0.000657083
0.000645222
0.000633407
0.000621545
0.000609731
0.000597869
0.000586054
0.000574193
0.000562378
0.000550516
0.000538702
0.00052684
0.000515025
0.000503164
0.000491348
0.000479488
0.000467671
0.000455813
0.000443994
0.000432137
0.000420317
0.000408462
0.00039664
0.000384787
0.000372962
0.000361111
0.000349286
0.000337435
0.000325609
0.000313759
0.000301933
0.000290083
0.000278256
0.000266407
0.00025458
0.00024273
0.000230904
0.000219054
0.000207228
0.000195377
0.000183552
0.0001717
0.000159876
0.000148024
0.0001362
0.000124347
0.000112523
0.000100671
8.88468e-05
7.69953e-05
6.51695e-05
5.33202e-05
4.14899e-05
2.96457e-05
1.77892e-05
5.96421e-06
0.00311082
0.00285554
0.00288076
0.00277799
0.00276336
0.00271017
0.00268408
0.00264721
0.00261954
0.00258929
0.00256265
0.00253579
0.00251063
0.00248589
0.00246213
0.00243891
0.00241637
0.00239434
0.00237283
0.00235178
0.00233115
0.00231093
0.00229106
0.00227155
0.00225235
0.00223347
0.00221484
0.00219651
0.00217841
0.00216057
0.00214293
0.00212554
0.00210831
0.00209133
0.00207448
0.00205787
0.00204135
0.00202509
0.00200888
0.00199293
0.00197701
0.00196135
0.00194569
0.00193031
0.00191489
0.00189976
0.00188456
0.00186967
0.00185468
0.00184001
0.00182521
0.00181075
0.00179613
0.00178186
0.00176742
0.00175332
0.00173905
0.00172512
0.001711
0.00169723
0.00168325
0.00166962
0.00165578
0.00164229
0.00162859
0.00161522
0.00160166
0.0015884
0.00157497
0.00156182
0.0015485
0.00153544
0.00152224
0.00150926
0.00149617
0.00148326
0.00147026
0.00145742
0.00144452
0.00143175
0.00141896
0.00140626
0.0013936
0.001381
0.00136849
0.001356
0.00134365
0.00133131
0.00131914
0.00130694
0.00129494
0.00128289
0.00127104
0.0012591
0.00124737
0.00123552
0.00122386
0.00121206
0.00120044
0.00118866
0.00117705
0.00116525
0.00115364
0.00114182
0.00113018
0.00111833
0.00110667
0.00109479
0.00108311
0.00107121
0.00105952
0.00104759
0.00103589
0.00102396
0.00101224
0.0010003
0.000988574
0.000976644
0.0009649
0.00095298
0.000941221
0.000929314
0.000917539
0.000905645
0.000893858
0.000881975
0.000870178
0.000858302
0.000846498
0.000834628
0.00082282
0.000810953
0.000799143
0.000787278
0.000775467
0.000763602
0.00075179
0.000739926
0.000728113
0.00071625
0.000704436
0.000692574
0.00068076
0.000668898
0.000657083
0.000645222
0.000633407
0.000621545
0.000609731
0.000597869
0.000586054
0.000574193
0.000562378
0.000550516
0.000538702
0.00052684
0.000515025
0.000503164
0.000491348
0.000479488
0.000467671
0.000455813
0.000443994
0.000432137
0.000420317
0.000408462
0.00039664
0.000384787
0.000372962
0.000361111
0.000349286
0.000337435
0.000325609
0.000313759
0.000301933
0.000290083
0.000278256
0.000266407
0.00025458
0.00024273
0.000230904
0.000219054
0.000207228
0.000195377
0.000183552
0.0001717
0.000159876
0.000148024
0.0001362
0.000124347
0.000112523
0.000100671
8.88468e-05
7.69953e-05
6.51695e-05
5.33202e-05
4.14901e-05
2.96459e-05
1.77924e-05
5.96756e-06
0.00311263
0.00285473
0.00288039
0.00277779
0.00276323
0.00271009
0.00268402
0.00264716
0.0026195
0.00258926
0.00256262
0.00253576
0.00251061
0.00248587
0.00246211
0.00243889
0.00241635
0.00239432
0.00237282
0.00235177
0.00233114
0.00231092
0.00229105
0.00227155
0.00225234
0.00223346
0.00221484
0.00219651
0.0021784
0.00216057
0.00214292
0.00212554
0.00210831
0.00209133
0.00207447
0.00205787
0.00204135
0.00202508
0.00200888
0.00199293
0.00197701
0.00196135
0.00194569
0.00193031
0.00191489
0.00189976
0.00188456
0.00186967
0.00185468
0.00184
0.00182521
0.00181074
0.00179613
0.00178186
0.00176742
0.00175332
0.00173905
0.00172512
0.001711
0.00169722
0.00168325
0.00166962
0.00165578
0.00164229
0.00162859
0.00161522
0.00160166
0.0015884
0.00157496
0.00156181
0.0015485
0.00153544
0.00152224
0.00150926
0.00149617
0.00148326
0.00147026
0.00145742
0.00144452
0.00143175
0.00141896
0.00140626
0.0013936
0.001381
0.00136848
0.001356
0.00134365
0.00133131
0.00131914
0.00130694
0.00129494
0.00128289
0.00127103
0.0012591
0.00124737
0.00123552
0.00122386
0.00121206
0.00120044
0.00118866
0.00117705
0.00116525
0.00115364
0.00114182
0.00113018
0.00111833
0.00110667
0.00109479
0.00108311
0.00107121
0.00105952
0.00104759
0.00103589
0.00102396
0.00101224
0.0010003
0.000988574
0.000976644
0.0009649
0.00095298
0.000941221
0.000929314
0.000917539
0.000905645
0.000893858
0.000881975
0.000870178
0.000858302
0.000846498
0.000834628
0.00082282
0.000810953
0.000799143
0.000787278
0.000775467
0.000763602
0.00075179
0.000739926
0.000728113
0.00071625
0.000704436
0.000692574
0.00068076
0.000668898
0.000657083
0.000645222
0.000633407
0.000621545
0.000609731
0.000597869
0.000586054
0.000574193
0.000562378
0.000550516
0.000538702
0.00052684
0.000515025
0.000503164
0.000491348
0.000479488
0.000467671
0.000455813
0.000443994
0.000432137
0.000420317
0.000408462
0.000396639
0.000384787
0.000372962
0.000361111
0.000349286
0.000337435
0.000325609
0.000313759
0.000301933
0.000290083
0.000278256
0.000266407
0.00025458
0.00024273
0.000230904
0.000219054
0.000207228
0.000195377
0.000183552
0.0001717
0.000159876
0.000148024
0.0001362
0.000124347
0.000112523
0.000100671
8.88468e-05
7.69953e-05
6.51695e-05
5.33202e-05
4.14903e-05
2.96461e-05
1.77956e-05
5.97076e-06
0.00311456
0.00285386
0.00287999
0.00277756
0.00276309
0.00271
0.00268395
0.00264711
0.00261946
0.00258923
0.00256259
0.00253574
0.00251059
0.00248585
0.0024621
0.00243888
0.00241634
0.00239431
0.00237281
0.00235176
0.00233113
0.00231091
0.00229105
0.00227154
0.00225233
0.00223345
0.00221483
0.0021965
0.0021784
0.00216056
0.00214292
0.00212553
0.0021083
0.00209133
0.00207447
0.00205786
0.00204135
0.00202508
0.00200888
0.00199293
0.00197701
0.00196135
0.00194569
0.0019303
0.00191489
0.00189975
0.00188456
0.00186966
0.00185468
0.00184
0.00182521
0.00181074
0.00179613
0.00178186
0.00176742
0.00175332
0.00173905
0.00172512
0.001711
0.00169722
0.00168325
0.00166962
0.00165578
0.00164229
0.00162859
0.00161522
0.00160165
0.0015884
0.00157496
0.00156181
0.0015485
0.00153544
0.00152224
0.00150926
0.00149617
0.00148326
0.00147026
0.00145742
0.00144452
0.00143175
0.00141896
0.00140626
0.0013936
0.001381
0.00136848
0.001356
0.00134365
0.00133131
0.00131913
0.00130694
0.00129494
0.00128289
0.00127103
0.0012591
0.00124737
0.00123552
0.00122386
0.00121206
0.00120044
0.00118866
0.00117705
0.00116525
0.00115364
0.00114182
0.00113018
0.00111833
0.00110667
0.00109479
0.00108311
0.00107121
0.00105952
0.00104759
0.00103589
0.00102396
0.00101224
0.0010003
0.000988574
0.000976644
0.0009649
0.00095298
0.000941221
0.000929314
0.000917539
0.000905645
0.000893858
0.000881975
0.000870178
0.000858302
0.000846498
0.000834628
0.00082282
0.000810953
0.000799143
0.000787278
0.000775467
0.000763602
0.00075179
0.000739926
0.000728113
0.00071625
0.000704436
0.000692574
0.00068076
0.000668898
0.000657083
0.000645222
0.000633407
0.000621545
0.000609731
0.000597869
0.000586054
0.000574193
0.000562378
0.000550516
0.000538702
0.00052684
0.000515025
0.000503164
0.000491348
0.000479488
0.000467671
0.000455813
0.000443994
0.000432137
0.000420317
0.000408462
0.000396639
0.000384787
0.000372962
0.000361111
0.000349286
0.000337435
0.000325609
0.000313759
0.000301933
0.000290083
0.000278256
0.000266407
0.00025458
0.00024273
0.000230904
0.000219054
0.000207228
0.000195377
0.000183552
0.0001717
0.000159876
0.000148024
0.0001362
0.000124347
0.000112523
0.000100671
8.88468e-05
7.69953e-05
6.51695e-05
5.33202e-05
4.14905e-05
2.96462e-05
1.77985e-05
5.97379e-06
0.0031166
0.00285293
0.00287957
0.00277733
0.00276294
0.00270991
0.00268388
0.00264705
0.00261942
0.00258919
0.00256256
0.00253571
0.00251056
0.00248582
0.00246208
0.00243886
0.00241633
0.0023943
0.00237279
0.00235175
0.00233112
0.0023109
0.00229104
0.00227153
0.00225233
0.00223345
0.00221482
0.0021965
0.00217839
0.00216056
0.00214291
0.00212553
0.0021083
0.00209132
0.00207447
0.00205786
0.00204134
0.00202508
0.00200887
0.00199292
0.001977
0.00196135
0.00194569
0.0019303
0.00191488
0.00189975
0.00188456
0.00186966
0.00185468
0.00184
0.00182521
0.00181074
0.00179613
0.00178186
0.00176742
0.00175332
0.00173904
0.00172512
0.00171099
0.00169722
0.00168325
0.00166962
0.00165578
0.00164229
0.00162859
0.00161522
0.00160165
0.0015884
0.00157496
0.00156181
0.0015485
0.00153544
0.00152224
0.00150926
0.00149616
0.00148325
0.00147026
0.00145742
0.00144452
0.00143174
0.00141896
0.00140626
0.0013936
0.001381
0.00136848
0.001356
0.00134365
0.00133131
0.00131913
0.00130694
0.00129494
0.00128289
0.00127103
0.0012591
0.00124737
0.00123552
0.00122386
0.00121206
0.00120044
0.00118866
0.00117705
0.00116526
0.00115364
0.00114182
0.00113018
0.00111833
0.00110667
0.00109479
0.00108311
0.00107121
0.00105952
0.00104759
0.00103589
0.00102396
0.00101224
0.0010003
0.000988574
0.000976644
0.0009649
0.00095298
0.000941221
0.000929314
0.000917539
0.000905645
0.000893858
0.000881975
0.000870178
0.000858302
0.000846498
0.000834628
0.00082282
0.000810953
0.000799143
0.000787278
0.000775467
0.000763602
0.00075179
0.000739926
0.000728113
0.00071625
0.000704436
0.000692574
0.00068076
0.000668898
0.000657083
0.000645222
0.000633407
0.000621545
0.000609731
0.000597869
0.000586054
0.000574193
0.000562378
0.000550516
0.000538702
0.00052684
0.000515025
0.000503164
0.000491348
0.000479488
0.000467671
0.000455813
0.000443994
0.000432137
0.000420317
0.000408462
0.000396639
0.000384787
0.000372962
0.000361111
0.000349286
0.000337435
0.000325609
0.000313759
0.000301933
0.000290083
0.000278256
0.000266407
0.00025458
0.00024273
0.000230904
0.000219054
0.000207228
0.000195377
0.000183552
0.0001717
0.000159876
0.000148024
0.0001362
0.000124347
0.000112523
0.000100671
8.88468e-05
7.69953e-05
6.51696e-05
5.33201e-05
4.14907e-05
2.96463e-05
1.78012e-05
5.9766e-06
0.00311875
0.00285195
0.00287912
0.00277708
0.00276278
0.00270981
0.00268381
0.002647
0.00261937
0.00258915
0.00256253
0.00253568
0.00251054
0.0024858
0.00246206
0.00243884
0.00241631
0.00239428
0.00237278
0.00235173
0.00233111
0.00231089
0.00229103
0.00227152
0.00225232
0.00223344
0.00221482
0.00219649
0.00217839
0.00216056
0.00214291
0.00212553
0.0021083
0.00209132
0.00207446
0.00205786
0.00204134
0.00202508
0.00200887
0.00199292
0.001977
0.00196134
0.00194569
0.0019303
0.00191488
0.00189975
0.00188456
0.00186966
0.00185467
0.00184
0.00182521
0.00181074
0.00179613
0.00178185
0.00176742
0.00175332
0.00173904
0.00172512
0.00171099
0.00169722
0.00168324
0.00166962
0.00165578
0.00164229
0.00162859
0.00161522
0.00160165
0.0015884
0.00157496
0.00156181
0.0015485
0.00153544
0.00152224
0.00150926
0.00149616
0.00148325
0.00147026
0.00145742
0.00144452
0.00143174
0.00141896
0.00140626
0.0013936
0.001381
0.00136848
0.001356
0.00134365
0.00133131
0.00131913
0.00130694
0.00129494
0.00128289
0.00127103
0.0012591
0.00124737
0.00123552
0.00122386
0.00121206
0.00120044
0.00118866
0.00117705
0.00116526
0.00115364
0.00114182
0.00113018
0.00111833
0.00110667
0.00109479
0.00108311
0.00107121
0.00105952
0.00104759
0.00103589
0.00102396
0.00101224
0.0010003
0.000988574
0.000976644
0.0009649
0.00095298
0.000941221
0.000929314
0.000917539
0.000905645
0.000893858
0.000881975
0.000870178
0.000858302
0.000846498
0.000834628
0.00082282
0.000810953
0.000799143
0.000787278
0.000775467
0.000763602
0.00075179
0.000739926
0.000728113
0.00071625
0.000704436
0.000692574
0.00068076
0.000668898
0.000657083
0.000645222
0.000633407
0.000621545
0.000609731
0.000597869
0.000586054
0.000574193
0.000562378
0.000550516
0.000538702
0.00052684
0.000515025
0.000503164
0.000491348
0.000479488
0.000467671
0.000455813
0.000443994
0.000432137
0.000420317
0.000408462
0.000396639
0.000384787
0.000372962
0.000361111
0.000349286
0.000337435
0.000325609
0.000313759
0.000301933
0.000290083
0.000278256
0.000266407
0.00025458
0.00024273
0.000230904
0.000219054
0.000207228
0.000195377
0.000183552
0.0001717
0.000159876
0.000148024
0.0001362
0.000124347
0.000112523
0.000100671
8.88468e-05
7.69953e-05
6.51696e-05
5.33201e-05
4.14909e-05
2.96464e-05
1.78036e-05
5.97917e-06
0.00312102
0.0028509
0.00287864
0.00277683
0.00276261
0.00270971
0.00268373
0.00264694
0.00261933
0.00258911
0.0025625
0.00253565
0.00251051
0.00248578
0.00246204
0.00243883
0.0024163
0.00239427
0.00237277
0.00235172
0.0023311
0.00231088
0.00229102
0.00227152
0.00225231
0.00223343
0.00221481
0.00219649
0.00217838
0.00216055
0.00214291
0.00212552
0.00210829
0.00209131
0.00207446
0.00205785
0.00204134
0.00202507
0.00200887
0.00199292
0.001977
0.00196134
0.00194568
0.0019303
0.00191488
0.00189975
0.00188456
0.00186966
0.00185467
0.00184
0.00182521
0.00181074
0.00179613
0.00178185
0.00176741
0.00175332
0.00173904
0.00172512
0.00171099
0.00169722
0.00168324
0.00166962
0.00165578
0.00164229
0.00162859
0.00161522
0.00160165
0.0015884
0.00157496
0.00156181
0.0015485
0.00153544
0.00152224
0.00150926
0.00149616
0.00148325
0.00147026
0.00145741
0.00144452
0.00143174
0.00141896
0.00140626
0.0013936
0.001381
0.00136848
0.001356
0.00134365
0.00133131
0.00131913
0.00130694
0.00129494
0.00128289
0.00127103
0.0012591
0.00124737
0.00123552
0.00122386
0.00121206
0.00120044
0.00118866
0.00117705
0.00116526
0.00115364
0.00114182
0.00113018
0.00111833
0.00110667
0.00109479
0.00108311
0.00107121
0.00105952
0.00104759
0.00103589
0.00102396
0.00101224
0.0010003
0.000988574
0.000976644
0.0009649
0.00095298
0.000941221
0.000929314
0.000917539
0.000905645
0.000893858
0.000881975
0.000870178
0.000858302
0.000846498
0.000834628
0.00082282
0.000810953
0.000799143
0.000787278
0.000775467
0.000763602
0.00075179
0.000739926
0.000728113
0.00071625
0.000704436
0.000692574
0.00068076
0.000668898
0.000657083
0.000645222
0.000633407
0.000621545
0.000609731
0.000597869
0.000586054
0.000574193
0.000562378
0.000550516
0.000538702
0.00052684
0.000515025
0.000503164
0.000491348
0.000479488
0.000467671
0.000455813
0.000443994
0.000432137
0.000420317
0.000408462
0.000396639
0.000384787
0.000372962
0.000361111
0.000349286
0.000337435
0.000325609
0.000313759
0.000301933
0.000290083
0.000278256
0.000266407
0.00025458
0.00024273
0.000230904
0.000219054
0.000207228
0.000195377
0.000183552
0.0001717
0.000159876
0.000148024
0.0001362
0.000124347
0.000112523
0.000100671
8.88468e-05
7.69952e-05
6.51696e-05
5.33201e-05
4.14911e-05
2.96465e-05
1.78058e-05
5.98149e-06
0.0031234
0.0028498
0.00287814
0.00277655
0.00276244
0.0027096
0.00268365
0.00264688
0.00261928
0.00258907
0.00256246
0.00253563
0.00251049
0.00248576
0.00246202
0.00243881
0.00241628
0.00239426
0.00237276
0.00235171
0.00233109
0.00231087
0.00229101
0.00227151
0.00225231
0.00223343
0.00221481
0.00219648
0.00217838
0.00216055
0.0021429
0.00212552
0.00210829
0.00209131
0.00207446
0.00205785
0.00204133
0.00202507
0.00200887
0.00199292
0.001977
0.00196134
0.00194568
0.0019303
0.00191488
0.00189975
0.00188455
0.00186966
0.00185467
0.00184
0.00182521
0.00181074
0.00179613
0.00178185
0.00176741
0.00175332
0.00173904
0.00172511
0.00171099
0.00169722
0.00168324
0.00166962
0.00165578
0.00164229
0.00162859
0.00161522
0.00160165
0.0015884
0.00157496
0.00156181
0.0015485
0.00153544
0.00152224
0.00150926
0.00149616
0.00148325
0.00147026
0.00145741
0.00144452
0.00143174
0.00141896
0.00140626
0.0013936
0.001381
0.00136848
0.001356
0.00134365
0.00133131
0.00131913
0.00130694
0.00129494
0.00128289
0.00127103
0.0012591
0.00124737
0.00123552
0.00122386
0.00121206
0.00120044
0.00118866
0.00117705
0.00116526
0.00115364
0.00114182
0.00113018
0.00111833
0.00110667
0.00109479
0.00108311
0.00107121
0.00105952
0.00104759
0.00103589
0.00102396
0.00101224
0.0010003
0.000988574
0.000976644
0.0009649
0.00095298
0.000941221
0.000929314
0.000917539
0.000905645
0.000893858
0.000881975
0.000870178
0.000858302
0.000846498
0.000834628
0.00082282
0.000810953
0.000799143
0.000787278
0.000775467
0.000763602
0.00075179
0.000739926
0.000728113
0.00071625
0.000704436
0.000692574
0.00068076
0.000668898
0.000657083
0.000645222
0.000633407
0.000621545
0.000609731
0.000597869
0.000586054
0.000574193
0.000562378
0.000550516
0.000538702
0.00052684
0.000515025
0.000503164
0.000491348
0.000479488
0.000467671
0.000455813
0.000443994
0.000432137
0.000420317
0.000408462
0.000396639
0.000384787
0.000372962
0.000361111
0.000349286
0.000337435
0.000325609
0.000313759
0.000301933
0.000290083
0.000278256
0.000266407
0.00025458
0.00024273
0.000230904
0.000219054
0.000207228
0.000195377
0.000183552
0.0001717
0.000159876
0.000148024
0.0001362
0.000124347
0.000112523
0.000100671
8.88468e-05
7.69952e-05
6.51696e-05
5.33201e-05
4.14912e-05
2.96466e-05
1.78078e-05
5.98354e-06
0.0031259
0.00284864
0.0028776
0.00277627
0.00276226
0.00270949
0.00268357
0.00264682
0.00261923
0.00258903
0.00256243
0.0025356
0.00251046
0.00248574
0.002462
0.00243879
0.00241627
0.00239425
0.00237275
0.0023517
0.00233108
0.00231087
0.002291
0.0022715
0.0022523
0.00223342
0.0022148
0.00219648
0.00217837
0.00216054
0.0021429
0.00212551
0.00210828
0.00209131
0.00207445
0.00205785
0.00204133
0.00202507
0.00200886
0.00199291
0.00197699
0.00196134
0.00194568
0.00193029
0.00191488
0.00189975
0.00188455
0.00186966
0.00185467
0.00184
0.0018252
0.00181074
0.00179613
0.00178185
0.00176741
0.00175332
0.00173904
0.00172511
0.00171099
0.00169722
0.00168324
0.00166961
0.00165578
0.00164228
0.00162859
0.00161522
0.00160165
0.0015884
0.00157496
0.00156181
0.0015485
0.00153544
0.00152224
0.00150926
0.00149616
0.00148325
0.00147026
0.00145741
0.00144452
0.00143174
0.00141896
0.00140626
0.0013936
0.001381
0.00136848
0.001356
0.00134365
0.00133131
0.00131913
0.00130694
0.00129494
0.00128289
0.00127103
0.0012591
0.00124737
0.00123552
0.00122386
0.00121206
0.00120044
0.00118866
0.00117705
0.00116526
0.00115364
0.00114182
0.00113018
0.00111833
0.00110667
0.00109479
0.00108311
0.00107121
0.00105952
0.00104759
0.00103589
0.00102396
0.00101224
0.0010003
0.000988574
0.000976644
0.0009649
0.00095298
0.000941221
0.000929314
0.000917539
0.000905645
0.000893858
0.000881975
0.000870178
0.000858302
0.000846498
0.000834628
0.00082282
0.000810953
0.000799143
0.000787278
0.000775467
0.000763602
0.00075179
0.000739926
0.000728113
0.00071625
0.000704436
0.000692574
0.00068076
0.000668898
0.000657083
0.000645222
0.000633407
0.000621545
0.000609731
0.000597869
0.000586054
0.000574193
0.000562378
0.000550516
0.000538702
0.00052684
0.000515025
0.000503164
0.000491348
0.000479488
0.000467671
0.000455813
0.000443994
0.000432137
0.000420317
0.000408462
0.000396639
0.000384787
0.000372962
0.000361111
0.000349286
0.000337435
0.000325609
0.000313759
0.000301933
0.000290083
0.000278256
0.000266407
0.00025458
0.00024273
0.000230904
0.000219054
0.000207228
0.000195377
0.000183552
0.0001717
0.000159876
0.000148024
0.0001362
0.000124347
0.000112523
0.000100671
8.88468e-05
7.69952e-05
6.51696e-05
5.33201e-05
4.14914e-05
2.96466e-05
1.78094e-05
5.98532e-06
0.00312851
0.00284741
0.00287704
0.00277598
0.00276208
0.00270938
0.00268349
0.00264675
0.00261918
0.00258899
0.0025624
0.00253557
0.00251044
0.00248572
0.00246198
0.00243878
0.00241625
0.00239423
0.00237274
0.00235169
0.00233107
0.00231086
0.002291
0.00227149
0.00225229
0.00223342
0.0022148
0.00219647
0.00217837
0.00216054
0.00214289
0.00212551
0.00210828
0.0020913
0.00207445
0.00205784
0.00204133
0.00202507
0.00200886
0.00199291
0.00197699
0.00196134
0.00194568
0.00193029
0.00191488
0.00189974
0.00188455
0.00186965
0.00185467
0.00183999
0.0018252
0.00181073
0.00179612
0.00178185
0.00176741
0.00175332
0.00173904
0.00172511
0.00171099
0.00169722
0.00168324
0.00166961
0.00165578
0.00164228
0.00162859
0.00161522
0.00160165
0.0015884
0.00157496
0.00156181
0.0015485
0.00153544
0.00152224
0.00150926
0.00149616
0.00148325
0.00147026
0.00145741
0.00144452
0.00143174
0.00141896
0.00140626
0.0013936
0.001381
0.00136848
0.001356
0.00134365
0.00133131
0.00131913
0.00130694
0.00129493
0.00128288
0.00127103
0.0012591
0.00124736
0.00123552
0.00122386
0.00121206
0.00120044
0.00118866
0.00117705
0.00116526
0.00115364
0.00114182
0.00113018
0.00111833
0.00110667
0.00109479
0.00108311
0.00107121
0.00105952
0.00104759
0.00103589
0.00102396
0.00101224
0.0010003
0.000988574
0.000976644
0.0009649
0.00095298
0.000941221
0.000929314
0.000917539
0.000905645
0.000893858
0.000881975
0.000870178
0.000858302
0.000846498
0.000834628
0.00082282
0.000810953
0.000799143
0.000787278
0.000775467
0.000763602
0.00075179
0.000739926
0.000728113
0.00071625
0.000704436
0.000692574
0.00068076
0.000668898
0.000657083
0.000645222
0.000633407
0.000621545
0.000609731
0.000597869
0.000586054
0.000574193
0.000562378
0.000550516
0.000538702
0.00052684
0.000515025
0.000503164
0.000491348
0.000479488
0.000467671
0.000455813
0.000443994
0.000432137
0.000420317
0.000408462
0.000396639
0.000384787
0.000372962
0.000361111
0.000349286
0.000337435
0.000325609
0.000313759
0.000301933
0.000290083
0.000278256
0.000266407
0.00025458
0.00024273
0.000230904
0.000219054
0.000207228
0.000195377
0.000183552
0.0001717
0.000159876
0.000148024
0.0001362
0.000124347
0.000112523
0.000100671
8.88468e-05
7.69952e-05
6.51697e-05
5.332e-05
4.14915e-05
2.96467e-05
1.78108e-05
5.98684e-06
0.00313123
0.00284612
0.00287644
0.00277568
0.00276189
0.00270927
0.00268341
0.00264669
0.00261913
0.00258895
0.00256236
0.00253554
0.00251042
0.0024857
0.00246197
0.00243876
0.00241624
0.00239422
0.00237273
0.00235168
0.00233107
0.00231085
0.00229099
0.00227149
0.00225229
0.00223341
0.00221479
0.00219647
0.00217836
0.00216053
0.00214289
0.00212551
0.00210828
0.0020913
0.00207445
0.00205784
0.00204133
0.00202506
0.00200886
0.00199291
0.00197699
0.00196133
0.00194568
0.00193029
0.00191487
0.00189974
0.00188455
0.00186965
0.00185467
0.00183999
0.0018252
0.00181073
0.00179612
0.00178185
0.00176741
0.00175332
0.00173904
0.00172511
0.00171099
0.00169722
0.00168324
0.00166961
0.00165578
0.00164228
0.00162858
0.00161522
0.00160165
0.0015884
0.00157496
0.00156181
0.0015485
0.00153544
0.00152224
0.00150926
0.00149616
0.00148325
0.00147026
0.00145741
0.00144452
0.00143174
0.00141896
0.00140626
0.0013936
0.001381
0.00136848
0.001356
0.00134365
0.00133131
0.00131913
0.00130694
0.00129493
0.00128288
0.00127103
0.0012591
0.00124736
0.00123552
0.00122386
0.00121206
0.00120044
0.00118866
0.00117705
0.00116526
0.00115364
0.00114182
0.00113018
0.00111833
0.00110667
0.00109479
0.00108311
0.00107121
0.00105952
0.00104759
0.00103589
0.00102396
0.00101224
0.0010003
0.000988574
0.000976644
0.0009649
0.00095298
0.000941221
0.000929314
0.000917539
0.000905645
0.000893858
0.000881975
0.000870178
0.000858302
0.000846498
0.000834628
0.00082282
0.000810953
0.000799143
0.000787278
0.000775467
0.000763602
0.00075179
0.000739926
0.000728113
0.00071625
0.000704436
0.000692574
0.00068076
0.000668898
0.000657083
0.000645222
0.000633407
0.000621545
0.000609731
0.000597869
0.000586054
0.000574193
0.000562378
0.000550516
0.000538702
0.00052684
0.000515025
0.000503164
0.000491348
0.000479488
0.000467671
0.000455813
0.000443994
0.000432137
0.000420317
0.000408462
0.000396639
0.000384787
0.000372962
0.000361111
0.000349286
0.000337435
0.000325609
0.000313759
0.000301933
0.000290083
0.000278256
0.000266407
0.00025458
0.00024273
0.000230904
0.000219054
0.000207228
0.000195377
0.000183552
0.0001717
0.000159876
0.000148024
0.0001362
0.000124347
0.000112523
0.000100671
8.88468e-05
7.69952e-05
6.51697e-05
5.332e-05
4.14916e-05
2.96467e-05
1.78119e-05
5.98809e-06
0.00313407
0.00284475
0.00287581
0.00277536
0.0027617
0.00270915
0.00268333
0.00264663
0.00261908
0.00258891
0.00256233
0.00253551
0.00251039
0.00248568
0.00246195
0.00243875
0.00241623
0.00239421
0.00237272
0.00235167
0.00233106
0.00231084
0.00229098
0.00227148
0.00225228
0.0022334
0.00221479
0.00219646
0.00217836
0.00216053
0.00214289
0.0021255
0.00210827
0.0020913
0.00207444
0.00205784
0.00204132
0.00202506
0.00200886
0.00199291
0.00197699
0.00196133
0.00194567
0.00193029
0.00191487
0.00189974
0.00188455
0.00186965
0.00185467
0.00183999
0.0018252
0.00181073
0.00179612
0.00178185
0.00176741
0.00175331
0.00173904
0.00172511
0.00171099
0.00169722
0.00168324
0.00166961
0.00165578
0.00164228
0.00162858
0.00161521
0.00160165
0.0015884
0.00157496
0.00156181
0.00154849
0.00153544
0.00152224
0.00150926
0.00149616
0.00148325
0.00147026
0.00145741
0.00144452
0.00143174
0.00141896
0.00140626
0.0013936
0.001381
0.00136848
0.001356
0.00134365
0.00133131
0.00131913
0.00130694
0.00129493
0.00128288
0.00127103
0.0012591
0.00124736
0.00123552
0.00122386
0.00121206
0.00120044
0.00118866
0.00117705
0.00116526
0.00115364
0.00114182
0.00113018
0.00111833
0.00110667
0.00109479
0.00108311
0.00107121
0.00105952
0.00104759
0.00103589
0.00102396
0.00101224
0.0010003
0.000988574
0.000976644
0.0009649
0.00095298
0.000941221
0.000929314
0.000917539
0.000905645
0.000893858
0.000881975
0.000870178
0.000858302
0.000846498
0.000834628
0.00082282
0.000810953
0.000799143
0.000787278
0.000775467
0.000763602
0.00075179
0.000739926
0.000728113
0.00071625
0.000704436
0.000692574
0.00068076
0.000668898
0.000657083
0.000645222
0.000633407
0.000621545
0.000609731
0.000597869
0.000586054
0.000574193
0.000562378
0.000550516
0.000538702
0.00052684
0.000515025
0.000503164
0.000491348
0.000479488
0.000467671
0.000455813
0.000443994
0.000432137
0.000420317
0.000408462
0.000396639
0.000384787
0.000372962
0.000361111
0.000349286
0.000337435
0.000325609
0.000313759
0.000301933
0.000290083
0.000278256
0.000266407
0.00025458
0.00024273
0.000230904
0.000219054
0.000207228
0.000195377
0.000183552
0.0001717
0.000159876
0.000148024
0.0001362
0.000124347
0.000112523
0.000100671
8.88468e-05
7.69952e-05
6.51697e-05
5.332e-05
4.14918e-05
2.96467e-05
1.78128e-05
5.9891e-06
0.00313703
0.00284333
0.00287516
0.00277504
0.0027615
0.00270904
0.00268324
0.00264657
0.00261904
0.00258887
0.0025623
0.00253549
0.00251037
0.00248566
0.00246193
0.00243873
0.00241621
0.0023942
0.00237271
0.00235167
0.00233105
0.00231084
0.00229098
0.00227148
0.00225228
0.0022334
0.00221478
0.00219646
0.00217835
0.00216053
0.00214288
0.0021255
0.00210827
0.0020913
0.00207444
0.00205784
0.00204132
0.00202506
0.00200886
0.00199291
0.00197699
0.00196133
0.00194567
0.00193029
0.00191487
0.00189974
0.00188455
0.00186965
0.00185467
0.00183999
0.0018252
0.00181073
0.00179612
0.00178185
0.00176741
0.00175331
0.00173904
0.00172511
0.00171099
0.00169722
0.00168324
0.00166961
0.00165578
0.00164228
0.00162858
0.00161521
0.00160165
0.00158839
0.00157496
0.00156181
0.00154849
0.00153544
0.00152224
0.00150926
0.00149616
0.00148325
0.00147026
0.00145741
0.00144452
0.00143174
0.00141896
0.00140626
0.0013936
0.001381
0.00136848
0.001356
0.00134365
0.00133131
0.00131913
0.00130694
0.00129493
0.00128288
0.00127103
0.0012591
0.00124736
0.00123552
0.00122386
0.00121206
0.00120044
0.00118866
0.00117705
0.00116526
0.00115364
0.00114182
0.00113018
0.00111833
0.00110667
0.00109479
0.00108311
0.00107121
0.00105952
0.00104759
0.00103589
0.00102396
0.00101224
0.0010003
0.000988574
0.000976644
0.0009649
0.00095298
0.000941221
0.000929314
0.000917539
0.000905645
0.000893858
0.000881975
0.000870178
0.000858302
0.000846498
0.000834628
0.00082282
0.000810953
0.000799143
0.000787278
0.000775467
0.000763602
0.00075179
0.000739926
0.000728113
0.00071625
0.000704436
0.000692574
0.00068076
0.000668898
0.000657083
0.000645222
0.000633407
0.000621545
0.000609731
0.000597869
0.000586054
0.000574193
0.000562378
0.000550516
0.000538702
0.00052684
0.000515025
0.000503164
0.000491348
0.000479488
0.000467671
0.000455813
0.000443994
0.000432137
0.000420317
0.000408462
0.000396639
0.000384787
0.000372962
0.000361111
0.000349286
0.000337435
0.000325609
0.000313759
0.000301933
0.000290083
0.000278256
0.000266407
0.00025458
0.00024273
0.000230904
0.000219054
0.000207228
0.000195377
0.000183552
0.0001717
0.000159876
0.000148024
0.0001362
0.000124347
0.000112523
0.000100671
8.88468e-05
7.69952e-05
6.51697e-05
5.332e-05
4.14919e-05
2.96467e-05
1.78135e-05
5.98988e-06
0.0031401
0.00284183
0.00287447
0.00277472
0.00276131
0.00270892
0.00268316
0.00264651
0.00261899
0.00258884
0.00256227
0.00253546
0.00251035
0.00248564
0.00246192
0.00243872
0.0024162
0.00239419
0.0023727
0.00235166
0.00233104
0.00231083
0.00229097
0.00227147
0.00225227
0.0022334
0.00221478
0.00219645
0.00217835
0.00216052
0.00214288
0.0021255
0.00210827
0.00209129
0.00207444
0.00205783
0.00204132
0.00202506
0.00200885
0.0019929
0.00197699
0.00196133
0.00194567
0.00193029
0.00191487
0.00189974
0.00188454
0.00186965
0.00185466
0.00183999
0.0018252
0.00181073
0.00179612
0.00178185
0.00176741
0.00175331
0.00173904
0.00172511
0.00171099
0.00169721
0.00168324
0.00166961
0.00165578
0.00164228
0.00162858
0.00161521
0.00160165
0.00158839
0.00157496
0.00156181
0.00154849
0.00153544
0.00152223
0.00150926
0.00149616
0.00148325
0.00147026
0.00145741
0.00144452
0.00143174
0.00141896
0.00140626
0.0013936
0.001381
0.00136848
0.001356
0.00134365
0.00133131
0.00131913
0.00130694
0.00129493
0.00128288
0.00127103
0.0012591
0.00124736
0.00123552
0.00122386
0.00121206
0.00120044
0.00118866
0.00117705
0.00116526
0.00115364
0.00114182
0.00113018
0.00111833
0.00110667
0.00109479
0.00108311
0.00107121
0.00105952
0.00104759
0.00103589
0.00102396
0.00101224
0.0010003
0.000988574
0.000976644
0.0009649
0.00095298
0.000941221
0.000929314
0.000917539
0.000905645
0.000893858
0.000881975
0.000870178
0.000858302
0.000846498
0.000834628
0.00082282
0.000810953
0.000799143
0.000787278
0.000775467
0.000763602
0.00075179
0.000739926
0.000728113
0.00071625
0.000704436
0.000692574
0.00068076
0.000668898
0.000657083
0.000645222
0.000633407
0.000621545
0.000609731
0.000597869
0.000586054
0.000574193
0.000562378
0.000550516
0.000538702
0.00052684
0.000515025
0.000503164
0.000491348
0.000479488
0.000467671
0.000455813
0.000443994
0.000432137
0.000420317
0.000408462
0.000396639
0.000384787
0.000372962
0.000361111
0.000349286
0.000337435
0.000325609
0.000313759
0.000301933
0.000290083
0.000278256
0.000266407
0.00025458
0.00024273
0.000230904
0.000219054
0.000207228
0.000195377
0.000183552
0.0001717
0.000159876
0.000148024
0.0001362
0.000124347
0.000112523
0.000100671
8.88468e-05
7.69952e-05
6.51697e-05
5.332e-05
4.1492e-05
2.96467e-05
1.7814e-05
5.99045e-06
0.00314328
0.00284027
0.00287377
0.0027744
0.00276112
0.00270882
0.00268309
0.00264646
0.00261895
0.0025888
0.00256224
0.00253544
0.00251033
0.00248563
0.0024619
0.00243871
0.00241619
0.00239418
0.00237269
0.00235165
0.00233104
0.00231082
0.00229097
0.00227146
0.00225227
0.00223339
0.00221477
0.00219645
0.00217835
0.00216052
0.00214288
0.0021255
0.00210827
0.00209129
0.00207444
0.00205783
0.00204132
0.00202505
0.00200885
0.0019929
0.00197698
0.00196133
0.00194567
0.00193028
0.00191487
0.00189974
0.00188454
0.00186965
0.00185466
0.00183999
0.0018252
0.00181073
0.00179612
0.00178184
0.00176741
0.00175331
0.00173904
0.00172511
0.00171099
0.00169721
0.00168324
0.00166961
0.00165577
0.00164228
0.00162858
0.00161521
0.00160165
0.00158839
0.00157496
0.00156181
0.00154849
0.00153543
0.00152223
0.00150925
0.00149616
0.00148325
0.00147026
0.00145741
0.00144452
0.00143174
0.00141896
0.00140626
0.0013936
0.001381
0.00136848
0.001356
0.00134365
0.00133131
0.00131913
0.00130694
0.00129493
0.00128288
0.00127103
0.0012591
0.00124736
0.00123552
0.00122386
0.00121206
0.00120044
0.00118866
0.00117705
0.00116526
0.00115364
0.00114182
0.00113018
0.00111833
0.00110667
0.00109479
0.00108311
0.00107121
0.00105952
0.00104759
0.00103589
0.00102396
0.00101224
0.0010003
0.000988574
0.000976644
0.0009649
0.00095298
0.000941221
0.000929314
0.000917539
0.000905645
0.000893858
0.000881975
0.000870178
0.000858302
0.000846498
0.000834628
0.00082282
0.000810953
0.000799143
0.000787278
0.000775467
0.000763602
0.00075179
0.000739926
0.000728113
0.00071625
0.000704436
0.000692574
0.00068076
0.000668898
0.000657083
0.000645222
0.000633407
0.000621545
0.000609731
0.000597869
0.000586054
0.000574193
0.000562378
0.000550516
0.000538702
0.00052684
0.000515025
0.000503164
0.000491348
0.000479488
0.000467671
0.000455813
0.000443994
0.000432137
0.000420317
0.000408462
0.000396639
0.000384787
0.000372962
0.000361111
0.000349286
0.000337435
0.000325609
0.000313759
0.000301933
0.000290083
0.000278256
0.000266407
0.00025458
0.00024273
0.000230904
0.000219054
0.000207228
0.000195377
0.000183552
0.0001717
0.000159876
0.000148024
0.0001362
0.000124347
0.000112523
0.000100671
8.88468e-05
7.69952e-05
6.51697e-05
5.332e-05
4.1492e-05
2.96466e-05
1.78143e-05
5.99085e-06
0.0031466
0.00283865
0.00287305
0.00277409
0.00276094
0.00270871
0.00268302
0.0026464
0.00261891
0.00258877
0.00256222
0.00253542
0.00251032
0.00248561
0.00246189
0.0024387
0.00241618
0.00239417
0.00237268
0.00235164
0.00233103
0.00231082
0.00229096
0.00227146
0.00225226
0.00223339
0.00221477
0.00219645
0.00217834
0.00216052
0.00214287
0.00212549
0.00210826
0.00209129
0.00207443
0.00205783
0.00204132
0.00202505
0.00200885
0.0019929
0.00197698
0.00196133
0.00194567
0.00193028
0.00191487
0.00189974
0.00188454
0.00186965
0.00185466
0.00183999
0.0018252
0.00181073
0.00179612
0.00178184
0.00176741
0.00175331
0.00173903
0.00172511
0.00171099
0.00169721
0.00168324
0.00166961
0.00165577
0.00164228
0.00162858
0.00161521
0.00160165
0.00158839
0.00157496
0.00156181
0.00154849
0.00153543
0.00152223
0.00150925
0.00149616
0.00148325
0.00147026
0.00145741
0.00144452
0.00143174
0.00141896
0.00140626
0.0013936
0.001381
0.00136848
0.001356
0.00134365
0.00133131
0.00131913
0.00130694
0.00129493
0.00128288
0.00127103
0.0012591
0.00124736
0.00123552
0.00122386
0.00121206
0.00120044
0.00118866
0.00117705
0.00116526
0.00115364
0.00114182
0.00113018
0.00111833
0.00110667
0.00109479
0.00108311
0.00107121
0.00105952
0.00104759
0.00103589
0.00102396
0.00101224
0.0010003
0.000988574
0.000976644
0.0009649
0.00095298
0.000941221
0.000929314
0.000917539
0.000905645
0.000893858
0.000881975
0.000870178
0.000858302
0.000846498
0.000834628
0.00082282
0.000810953
0.000799143
0.000787278
0.000775467
0.000763602
0.00075179
0.000739926
0.000728113
0.00071625
0.000704436
0.000692574
0.00068076
0.000668898
0.000657083
0.000645222
0.000633407
0.000621545
0.000609731
0.000597869
0.000586054
0.000574193
0.000562378
0.000550516
0.000538702
0.00052684
0.000515025
0.000503164
0.000491348
0.000479488
0.000467671
0.000455813
0.000443994
0.000432137
0.000420317
0.000408462
0.000396639
0.000384787
0.000372962
0.000361111
0.000349286
0.000337435
0.000325609
0.000313759
0.000301933
0.000290083
0.000278256
0.000266407
0.00025458
0.00024273
0.000230904
0.000219054
0.000207228
0.000195377
0.000183552
0.0001717
0.000159876
0.000148024
0.0001362
0.000124347
0.000112523
0.000100671
8.88469e-05
7.69952e-05
6.51697e-05
5.332e-05
4.14921e-05
2.96466e-05
1.78144e-05
5.99109e-06
0.00315007
0.00283699
0.00287233
0.00277379
0.00276077
0.00270862
0.00268296
0.00264636
0.00261888
0.00258874
0.0025622
0.0025354
0.0025103
0.0024856
0.00246188
0.00243869
0.00241617
0.00239416
0.00237267
0.00235164
0.00233102
0.00231081
0.00229095
0.00227145
0.00225226
0.00223338
0.00221476
0.00219644
0.00217834
0.00216051
0.00214287
0.00212549
0.00210826
0.00209129
0.00207443
0.00205783
0.00204131
0.00202505
0.00200885
0.0019929
0.00197698
0.00196132
0.00194567
0.00193028
0.00191487
0.00189973
0.00188454
0.00186965
0.00185466
0.00183999
0.0018252
0.00181073
0.00179612
0.00178184
0.0017674
0.00175331
0.00173903
0.00172511
0.00171098
0.00169721
0.00168324
0.00166961
0.00165577
0.00164228
0.00162858
0.00161521
0.00160165
0.00158839
0.00157496
0.00156181
0.00154849
0.00153543
0.00152223
0.00150925
0.00149616
0.00148325
0.00147026
0.00145741
0.00144452
0.00143174
0.00141896
0.00140626
0.0013936
0.00138099
0.00136848
0.001356
0.00134365
0.00133131
0.00131913
0.00130694
0.00129493
0.00128288
0.00127103
0.0012591
0.00124736
0.00123552
0.00122386
0.00121206
0.00120044
0.00118866
0.00117705
0.00116526
0.00115364
0.00114182
0.00113018
0.00111833
0.00110667
0.00109479
0.00108311
0.00107121
0.00105952
0.00104759
0.00103589
0.00102396
0.00101224
0.0010003
0.000988574
0.000976644
0.0009649
0.00095298
0.000941221
0.000929314
0.000917539
0.000905645
0.000893858
0.000881975
0.000870178
0.000858302
0.000846498
0.000834628
0.00082282
0.000810953
0.000799143
0.000787278
0.000775467
0.000763602
0.00075179
0.000739926
0.000728113
0.00071625
0.000704436
0.000692574
0.00068076
0.000668898
0.000657083
0.000645222
0.000633407
0.000621545
0.000609731
0.000597869
0.000586054
0.000574193
0.000562378
0.000550516
0.000538702
0.00052684
0.000515025
0.000503164
0.000491348
0.000479488
0.000467671
0.000455813
0.000443994
0.000432137
0.000420317
0.000408462
0.000396639
0.000384787
0.000372962
0.000361111
0.000349286
0.000337435
0.000325609
0.000313759
0.000301933
0.000290083
0.000278256
0.000266407
0.00025458
0.00024273
0.000230904
0.000219054
0.000207228
0.000195377
0.000183552
0.0001717
0.000159876
0.000148024
0.0001362
0.000124347
0.000112523
0.000100671
8.88469e-05
7.69952e-05
6.51697e-05
5.332e-05
4.14922e-05
2.96466e-05
1.78145e-05
5.99121e-06
0.00315373
0.00283531
0.00287162
0.00277351
0.00276062
0.00270854
0.0026829
0.00264632
0.00261884
0.00258872
0.00256218
0.00253538
0.00251028
0.00248558
0.00246187
0.00243868
0.00241616
0.00239415
0.00237266
0.00235163
0.00233102
0.00231081
0.00229095
0.00227145
0.00225225
0.00223338
0.00221476
0.00219644
0.00217834
0.00216051
0.00214287
0.00212549
0.00210826
0.00209128
0.00207443
0.00205783
0.00204131
0.00202505
0.00200885
0.0019929
0.00197698
0.00196132
0.00194567
0.00193028
0.00191486
0.00189973
0.00188454
0.00186964
0.00185466
0.00183999
0.00182519
0.00181073
0.00179612
0.00178184
0.0017674
0.00175331
0.00173903
0.00172511
0.00171098
0.00169721
0.00168324
0.00166961
0.00165577
0.00164228
0.00162858
0.00161521
0.00160165
0.00158839
0.00157496
0.00156181
0.00154849
0.00153543
0.00152223
0.00150925
0.00149616
0.00148325
0.00147026
0.00145741
0.00144452
0.00143174
0.00141896
0.00140626
0.0013936
0.00138099
0.00136848
0.001356
0.00134365
0.00133131
0.00131913
0.00130694
0.00129493
0.00128288
0.00127103
0.0012591
0.00124737
0.00123552
0.00122386
0.00121206
0.00120044
0.00118866
0.00117705
0.00116526
0.00115364
0.00114182
0.00113018
0.00111833
0.00110667
0.00109479
0.00108311
0.00107121
0.00105952
0.00104759
0.00103589
0.00102396
0.00101224
0.0010003
0.000988574
0.000976644
0.0009649
0.00095298
0.000941221
0.000929314
0.000917539
0.000905645
0.000893858
0.000881975
0.000870178
0.000858302
0.000846498
0.000834628
0.00082282
0.000810953
0.000799143
0.000787278
0.000775467
0.000763602
0.00075179
0.000739926
0.000728113
0.00071625
0.000704436
0.000692574
0.00068076
0.000668898
0.000657083
0.000645222
0.000633407
0.000621545
0.000609731
0.000597869
0.000586054
0.000574193
0.000562378
0.000550516
0.000538702
0.00052684
0.000515025
0.000503164
0.000491348
0.000479488
0.000467671
0.000455813
0.000443994
0.000432137
0.000420317
0.000408462
0.000396639
0.000384787
0.000372962
0.000361111
0.000349286
0.000337435
0.000325609
0.000313759
0.000301933
0.000290083
0.000278256
0.000266407
0.00025458
0.00024273
0.000230904
0.000219054
0.000207228
0.000195377
0.000183552
0.0001717
0.000159876
0.000148024
0.0001362
0.000124347
0.000112523
0.000100671
8.88469e-05
7.69952e-05
6.51697e-05
5.33199e-05
4.14922e-05
2.96466e-05
1.78145e-05
5.99124e-06
0.00315765
0.00283365
0.00287095
0.00277326
0.00276048
0.00270846
0.00268285
0.00264628
0.00261881
0.00258869
0.00256216
0.00253537
0.00251027
0.00248557
0.00246186
0.00243867
0.00241615
0.00239415
0.00237266
0.00235162
0.00233101
0.0023108
0.00229094
0.00227145
0.00225225
0.00223337
0.00221476
0.00219644
0.00217833
0.00216051
0.00214286
0.00212548
0.00210826
0.00209128
0.00207443
0.00205782
0.00204131
0.00202505
0.00200884
0.0019929
0.00197698
0.00196132
0.00194566
0.00193028
0.00191486
0.00189973
0.00188454
0.00186964
0.00185466
0.00183998
0.00182519
0.00181073
0.00179612
0.00178184
0.0017674
0.00175331
0.00173903
0.0017251
0.00171098
0.00169721
0.00168323
0.00166961
0.00165577
0.00164228
0.00162858
0.00161521
0.00160165
0.00158839
0.00157496
0.00156181
0.00154849
0.00153543
0.00152223
0.00150925
0.00149616
0.00148325
0.00147025
0.00145741
0.00144452
0.00143174
0.00141896
0.00140626
0.0013936
0.00138099
0.00136848
0.001356
0.00134365
0.00133131
0.00131913
0.00130694
0.00129493
0.00128288
0.00127103
0.0012591
0.00124737
0.00123552
0.00122386
0.00121206
0.00120044
0.00118866
0.00117705
0.00116526
0.00115364
0.00114182
0.00113018
0.00111833
0.00110667
0.00109479
0.00108311
0.00107121
0.00105952
0.00104759
0.00103589
0.00102396
0.00101224
0.0010003
0.000988574
0.000976644
0.0009649
0.00095298
0.000941221
0.000929314
0.000917539
0.000905645
0.000893858
0.000881975
0.000870178
0.000858302
0.000846498
0.000834628
0.00082282
0.000810953
0.000799143
0.000787278
0.000775467
0.000763602
0.00075179
0.000739926
0.000728113
0.00071625
0.000704436
0.000692574
0.00068076
0.000668898
0.000657083
0.000645222
0.000633407
0.000621545
0.000609731
0.000597869
0.000586054
0.000574193
0.000562378
0.000550516
0.000538702
0.00052684
0.000515025
0.000503164
0.000491348
0.000479488
0.000467671
0.000455813
0.000443994
0.000432137
0.000420317
0.000408462
0.000396639
0.000384787
0.000372962
0.000361111
0.000349286
0.000337435
0.000325609
0.000313759
0.000301933
0.000290083
0.000278256
0.000266407
0.00025458
0.00024273
0.000230904
0.000219054
0.000207228
0.000195377
0.000183552
0.0001717
0.000159876
0.000148024
0.0001362
0.000124347
0.000112523
0.000100671
8.88469e-05
7.69952e-05
6.51697e-05
5.33199e-05
4.14922e-05
2.96465e-05
1.78145e-05
5.99121e-06
0.00316191
0.00283204
0.00287034
0.00277305
0.00276036
0.00270839
0.0026828
0.00264624
0.00261879
0.00258867
0.00256214
0.00253535
0.00251026
0.00248556
0.00246185
0.00243866
0.00241615
0.00239414
0.00237265
0.00235162
0.00233101
0.00231079
0.00229094
0.00227144
0.00225224
0.00223337
0.00221475
0.00219643
0.00217833
0.0021605
0.00214286
0.00212548
0.00210825
0.00209128
0.00207442
0.00205782
0.00204131
0.00202504
0.00200884
0.00199289
0.00197698
0.00196132
0.00194566
0.00193028
0.00191486
0.00189973
0.00188454
0.00186964
0.00185466
0.00183998
0.00182519
0.00181072
0.00179611
0.00178184
0.0017674
0.00175331
0.00173903
0.0017251
0.00171098
0.00169721
0.00168323
0.00166961
0.00165577
0.00164228
0.00162858
0.00161521
0.00160164
0.00158839
0.00157495
0.0015618
0.00154849
0.00153543
0.00152223
0.00150925
0.00149616
0.00148325
0.00147025
0.00145741
0.00144452
0.00143174
0.00141895
0.00140626
0.0013936
0.00138099
0.00136848
0.001356
0.00134365
0.00133131
0.00131913
0.00130694
0.00129493
0.00128288
0.00127103
0.0012591
0.00124737
0.00123552
0.00122386
0.00121206
0.00120044
0.00118866
0.00117705
0.00116526
0.00115364
0.00114182
0.00113018
0.00111833
0.00110667
0.00109479
0.00108311
0.00107121
0.00105952
0.00104759
0.00103589
0.00102396
0.00101224
0.0010003
0.000988574
0.000976644
0.0009649
0.00095298
0.000941221
0.000929314
0.000917539
0.000905645
0.000893858
0.000881975
0.000870178
0.000858302
0.000846498
0.000834628
0.00082282
0.000810953
0.000799143
0.000787278
0.000775467
0.000763602
0.00075179
0.000739926
0.000728113
0.00071625
0.000704436
0.000692574
0.00068076
0.000668898
0.000657083
0.000645222
0.000633407
0.000621545
0.000609731
0.000597869
0.000586054
0.000574193
0.000562378
0.000550516
0.000538702
0.00052684
0.000515025
0.000503164
0.000491348
0.000479488
0.000467671
0.000455813
0.000443994
0.000432137
0.000420317
0.000408462
0.000396639
0.000384787
0.000372962
0.000361111
0.000349286
0.000337435
0.000325609
0.000313759
0.000301933
0.000290083
0.000278256
0.000266407
0.00025458
0.00024273
0.000230904
0.000219054
0.000207228
0.000195377
0.000183552
0.0001717
0.000159876
0.000148024
0.0001362
0.000124347
0.000112523
0.000100671
8.88469e-05
7.69952e-05
6.51698e-05
5.33199e-05
4.14923e-05
2.96465e-05
1.78144e-05
5.99113e-06
0.00316662
0.00283055
0.00286981
0.00277287
0.00276026
0.00270834
0.00268276
0.00264621
0.00261876
0.00258865
0.00256212
0.00253534
0.00251024
0.00248555
0.00246184
0.00243865
0.00241614
0.00239413
0.00237264
0.00235161
0.002331
0.00231079
0.00229093
0.00227144
0.00225224
0.00223337
0.00221475
0.00219643
0.00217833
0.0021605
0.00214286
0.00212548
0.00210825
0.00209128
0.00207442
0.00205782
0.00204131
0.00202504
0.00200884
0.00199289
0.00197697
0.00196132
0.00194566
0.00193028
0.00191486
0.00189973
0.00188454
0.00186964
0.00185466
0.00183998
0.00182519
0.00181072
0.00179611
0.00178184
0.0017674
0.00175331
0.00173903
0.0017251
0.00171098
0.00169721
0.00168323
0.00166961
0.00165577
0.00164228
0.00162858
0.00161521
0.00160164
0.00158839
0.00157495
0.0015618
0.00154849
0.00153543
0.00152223
0.00150925
0.00149616
0.00148325
0.00147025
0.00145741
0.00144452
0.00143174
0.00141895
0.00140626
0.00139359
0.00138099
0.00136848
0.001356
0.00134365
0.00133131
0.00131913
0.00130694
0.00129493
0.00128288
0.00127103
0.0012591
0.00124737
0.00123552
0.00122386
0.00121206
0.00120044
0.00118866
0.00117705
0.00116526
0.00115364
0.00114182
0.00113018
0.00111833
0.00110667
0.00109479
0.00108311
0.00107121
0.00105952
0.00104759
0.00103589
0.00102396
0.00101224
0.0010003
0.000988574
0.000976644
0.0009649
0.00095298
0.000941221
0.000929314
0.000917539
0.000905645
0.000893858
0.000881975
0.000870178
0.000858302
0.000846498
0.000834628
0.00082282
0.000810953
0.000799143
0.000787278
0.000775467
0.000763602
0.00075179
0.000739926
0.000728113
0.00071625
0.000704436
0.000692574
0.00068076
0.000668898
0.000657083
0.000645222
0.000633407
0.000621545
0.000609731
0.000597869
0.000586054
0.000574193
0.000562378
0.000550516
0.000538702
0.00052684
0.000515025
0.000503164
0.000491348
0.000479488
0.000467671
0.000455813
0.000443994
0.000432137
0.000420317
0.000408462
0.000396639
0.000384787
0.000372962
0.000361111
0.000349286
0.000337435
0.000325609
0.000313759
0.000301933
0.000290083
0.000278256
0.000266407
0.00025458
0.00024273
0.000230904
0.000219054
0.000207228
0.000195377
0.000183552
0.0001717
0.000159876
0.000148024
0.0001362
0.000124347
0.000112523
0.000100671
8.88469e-05
7.69952e-05
6.51698e-05
5.33199e-05
4.14923e-05
2.96465e-05
1.78143e-05
5.99105e-06
0.00317191
0.00282925
0.00286937
0.00277272
0.00276017
0.00270828
0.00268272
0.00264618
0.00261874
0.00258863
0.0025621
0.00253532
0.00251023
0.00248554
0.00246183
0.00243864
0.00241613
0.00239412
0.00237264
0.0023516
0.00233099
0.00231078
0.00229093
0.00227143
0.00225224
0.00223336
0.00221475
0.00219642
0.00217832
0.0021605
0.00214286
0.00212548
0.00210825
0.00209127
0.00207442
0.00205782
0.0020413
0.00202504
0.00200884
0.00199289
0.00197697
0.00196132
0.00194566
0.00193027
0.00191486
0.00189973
0.00188453
0.00186964
0.00185465
0.00183998
0.00182519
0.00181072
0.00179611
0.00178184
0.0017674
0.0017533
0.00173903
0.0017251
0.00171098
0.00169721
0.00168323
0.0016696
0.00165577
0.00164228
0.00162858
0.00161521
0.00160164
0.00158839
0.00157495
0.0015618
0.00154849
0.00153543
0.00152223
0.00150925
0.00149616
0.00148325
0.00147025
0.00145741
0.00144452
0.00143174
0.00141895
0.00140625
0.00139359
0.00138099
0.00136848
0.001356
0.00134365
0.00133131
0.00131913
0.00130694
0.00129493
0.00128288
0.00127103
0.0012591
0.00124737
0.00123552
0.00122386
0.00121206
0.00120044
0.00118866
0.00117705
0.00116526
0.00115364
0.00114182
0.00113018
0.00111833
0.00110667
0.00109479
0.00108311
0.00107121
0.00105952
0.00104759
0.00103589
0.00102396
0.00101224
0.0010003
0.000988574
0.000976644
0.0009649
0.00095298
0.000941221
0.000929314
0.000917539
0.000905645
0.000893858
0.000881975
0.000870178
0.000858302
0.000846498
0.000834628
0.00082282
0.000810953
0.000799143
0.000787278
0.000775467
0.000763602
0.00075179
0.000739926
0.000728113
0.00071625
0.000704436
0.000692574
0.00068076
0.000668898
0.000657083
0.000645222
0.000633407
0.000621545
0.000609731
0.000597869
0.000586054
0.000574193
0.000562378
0.000550516
0.000538702
0.00052684
0.000515025
0.000503164
0.000491348
0.000479488
0.000467671
0.000455813
0.000443994
0.000432137
0.000420317
0.000408462
0.000396639
0.000384787
0.000372962
0.000361111
0.000349286
0.000337435
0.000325609
0.000313759
0.000301933
0.000290083
0.000278256
0.000266407
0.00025458
0.00024273
0.000230904
0.000219054
0.000207228
0.000195377
0.000183552
0.0001717
0.000159876
0.000148024
0.0001362
0.000124347
0.000112523
0.000100671
8.88468e-05
7.69952e-05
6.51698e-05
5.33199e-05
4.14923e-05
2.96464e-05
1.78143e-05
5.99096e-06
0.003178
0.00282817
0.00286901
0.00277259
0.00276009
0.00270824
0.00268268
0.00264615
0.00261871
0.00258861
0.00256208
0.0025353
0.00251022
0.00248552
0.00246181
0.00243863
0.00241612
0.00239411
0.00237263
0.0023516
0.00233099
0.00231078
0.00229092
0.00227143
0.00225223
0.00223336
0.00221474
0.00219642
0.00217832
0.00216049
0.00214285
0.00212547
0.00210824
0.00209127
0.00207442
0.00205781
0.0020413
0.00202504
0.00200884
0.00199289
0.00197697
0.00196131
0.00194566
0.00193027
0.00191486
0.00189972
0.00188453
0.00186964
0.00185465
0.00183998
0.00182519
0.00181072
0.00179611
0.00178184
0.0017674
0.0017533
0.00173903
0.0017251
0.00171098
0.00169721
0.00168323
0.0016696
0.00165577
0.00164227
0.00162858
0.00161521
0.00160164
0.00158839
0.00157495
0.0015618
0.00154849
0.00153543
0.00152223
0.00150925
0.00149616
0.00148325
0.00147025
0.00145741
0.00144451
0.00143174
0.00141895
0.00140625
0.00139359
0.00138099
0.00136848
0.001356
0.00134364
0.00133131
0.00131913
0.00130694
0.00129493
0.00128288
0.00127103
0.0012591
0.00124737
0.00123552
0.00122386
0.00121206
0.00120044
0.00118866
0.00117705
0.00116526
0.00115364
0.00114182
0.00113018
0.00111833
0.00110667
0.00109479
0.00108311
0.00107121
0.00105952
0.00104759
0.00103589
0.00102396
0.00101224
0.0010003
0.000988574
0.000976644
0.0009649
0.00095298
0.000941221
0.000929314
0.000917539
0.000905645
0.000893858
0.000881975
0.000870178
0.000858302
0.000846498
0.000834628
0.00082282
0.000810953
0.000799143
0.000787278
0.000775467
0.000763602
0.00075179
0.000739926
0.000728113
0.00071625
0.000704436
0.000692574
0.00068076
0.000668898
0.000657083
0.000645222
0.000633407
0.000621545
0.000609731
0.000597869
0.000586054
0.000574193
0.000562378
0.000550516
0.000538702
0.00052684
0.000515025
0.000503164
0.000491348
0.000479488
0.000467671
0.000455813
0.000443994
0.000432138
0.000420317
0.000408462
0.000396639
0.000384787
0.000372962
0.000361111
0.000349286
0.000337435
0.000325609
0.000313759
0.000301933
0.000290083
0.000278256
0.000266407
0.00025458
0.00024273
0.000230904
0.000219054
0.000207228
0.000195377
0.000183552
0.0001717
0.000159876
0.000148024
0.0001362
0.000124347
0.000112523
0.000100671
8.88468e-05
7.69952e-05
6.51698e-05
5.33199e-05
4.14923e-05
2.96464e-05
1.78143e-05
5.9909e-06
0.00318511
0.00282732
0.00286869
0.00277247
0.00276001
0.00270818
0.00268263
0.00264612
0.00261868
0.00258859
0.00256206
0.00253529
0.0025102
0.00248551
0.0024618
0.00243862
0.00241611
0.0023941
0.00237262
0.00235159
0.00233098
0.00231077
0.00229092
0.00227142
0.00225223
0.00223335
0.00221474
0.00219642
0.00217831
0.00216049
0.00214285
0.00212547
0.00210824
0.00209127
0.00207441
0.00205781
0.0020413
0.00202504
0.00200883
0.00199288
0.00197697
0.00196131
0.00194565
0.00193027
0.00191485
0.00189972
0.00188453
0.00186964
0.00185465
0.00183998
0.00182519
0.00181072
0.00179611
0.00178183
0.0017674
0.0017533
0.00173903
0.0017251
0.00171098
0.00169721
0.00168323
0.0016696
0.00165577
0.00164227
0.00162858
0.00161521
0.00160164
0.00158839
0.00157495
0.0015618
0.00154849
0.00153543
0.00152223
0.00150925
0.00149615
0.00148325
0.00147025
0.00145741
0.00144451
0.00143174
0.00141895
0.00140625
0.00139359
0.00138099
0.00136848
0.001356
0.00134364
0.00133131
0.00131913
0.00130694
0.00129493
0.00128288
0.00127103
0.0012591
0.00124737
0.00123552
0.00122386
0.00121206
0.00120044
0.00118866
0.00117705
0.00116526
0.00115364
0.00114182
0.00113018
0.00111833
0.00110667
0.00109479
0.00108311
0.00107121
0.00105952
0.00104759
0.00103589
0.00102396
0.00101224
0.0010003
0.000988574
0.000976644
0.0009649
0.00095298
0.000941221
0.000929314
0.000917539
0.000905645
0.000893858
0.000881975
0.000870178
0.000858302
0.000846498
0.000834628
0.00082282
0.000810953
0.000799143
0.000787278
0.000775467
0.000763602
0.00075179
0.000739926
0.000728113
0.00071625
0.000704436
0.000692574
0.00068076
0.000668898
0.000657083
0.000645222
0.000633407
0.000621545
0.000609731
0.000597869
0.000586054
0.000574193
0.000562378
0.000550516
0.000538702
0.00052684
0.000515025
0.000503164
0.000491348
0.000479488
0.000467671
0.000455813
0.000443994
0.000432138
0.000420317
0.000408462
0.000396639
0.000384787
0.000372962
0.000361111
0.000349286
0.000337435
0.000325609
0.000313759
0.000301933
0.000290083
0.000278256
0.000266407
0.00025458
0.00024273
0.000230904
0.000219054
0.000207228
0.000195377
0.000183552
0.0001717
0.000159876
0.000148024
0.0001362
0.000124347
0.000112523
0.000100671
8.88468e-05
7.69952e-05
6.51698e-05
5.33199e-05
4.14923e-05
2.96464e-05
1.78143e-05
5.99088e-06
0.00319232
0.00282676
0.00286846
0.00277236
0.00275994
0.00270814
0.0026826
0.00264609
0.00261866
0.00258857
0.00256205
0.00253527
0.00251019
0.0024855
0.00246179
0.00243861
0.0024161
0.0023941
0.00237261
0.00235158
0.00233097
0.00231076
0.00229091
0.00227142
0.00225222
0.00223335
0.00221473
0.00219641
0.00217831
0.00216049
0.00214284
0.00212547
0.00210824
0.00209126
0.00207441
0.00205781
0.00204129
0.00202503
0.00200883
0.00199288
0.00197696
0.00196131
0.00194565
0.00193027
0.00191485
0.00189972
0.00188453
0.00186963
0.00185465
0.00183998
0.00182518
0.00181072
0.00179611
0.00178183
0.0017674
0.0017533
0.00173902
0.0017251
0.00171098
0.0016972
0.00168323
0.0016696
0.00165577
0.00164227
0.00162857
0.0016152
0.00160164
0.00158839
0.00157495
0.0015618
0.00154849
0.00153543
0.00152223
0.00150925
0.00149615
0.00148324
0.00147025
0.00145741
0.00144451
0.00143174
0.00141895
0.00140625
0.00139359
0.00138099
0.00136848
0.001356
0.00134364
0.0013313
0.00131913
0.00130694
0.00129493
0.00128288
0.00127103
0.0012591
0.00124737
0.00123552
0.00122386
0.00121206
0.00120044
0.00118866
0.00117705
0.00116526
0.00115364
0.00114182
0.00113018
0.00111833
0.00110667
0.00109479
0.00108311
0.00107121
0.00105952
0.00104759
0.00103589
0.00102396
0.00101224
0.0010003
0.000988574
0.000976644
0.0009649
0.00095298
0.000941221
0.000929314
0.000917539
0.000905645
0.000893858
0.000881975
0.000870178
0.000858302
0.000846498
0.000834628
0.00082282
0.000810953
0.000799143
0.000787278
0.000775467
0.000763602
0.00075179
0.000739926
0.000728113
0.00071625
0.000704436
0.000692574
0.00068076
0.000668898
0.000657083
0.000645222
0.000633407
0.000621545
0.000609731
0.000597869
0.000586054
0.000574193
0.000562378
0.000550516
0.000538702
0.00052684
0.000515025
0.000503164
0.000491348
0.000479488
0.000467671
0.000455813
0.000443994
0.000432137
0.000420317
0.000408462
0.000396639
0.000384787
0.000372962
0.000361111
0.000349286
0.000337435
0.000325609
0.000313759
0.000301933
0.000290083
0.000278256
0.000266407
0.00025458
0.00024273
0.000230904
0.000219054
0.000207228
0.000195377
0.000183552
0.0001717
0.000159876
0.000148024
0.0001362
0.000124347
0.000112523
0.000100671
8.88469e-05
7.69952e-05
6.51698e-05
5.33199e-05
4.14923e-05
2.96464e-05
1.78143e-05
5.99091e-06
)
;

boundaryField
{
    inlet
    {
        type            zeroGradient;
    }
    outlet
    {
        type            fixedValue;
        value           uniform 0;
    }
    wall
    {
        type            zeroGradient;
    }
    axis
    {
        type            symmetryPlane;
    }
    frontAndBack
    {
        type            empty;
    }
}


// ************************************************************************* //
