/*--------------------------------*- C++ -*----------------------------------*\
| =========                 |                                                 |
| \\      /  F ield         | OpenFOAM: The Open Source CFD Toolbox           |
|  \\    /   O peration     | Version:  2412                                  |
|   \\  /    A nd           | Website:  www.openfoam.com                      |
|    \\/     M anipulation  |                                                 |
\*---------------------------------------------------------------------------*/
FoamFile
{
    version     2.0;
    format      ascii;
    arch        "LSB;label=32;scalar=64";
    class       volScalarField;
    location    "200";
    object      p;
}
// * * * * * * * * * * * * * * * * * * * * * * * * * * * * * * * * * * * * * //

dimensions      [0 2 -2 0 0 0 0];

internalField   nonuniform List<scalar> 
8000
(
0.00330974
0.0030751
0.00309692
0.00299292
0.00297773
0.0029241
0.00289785
0.00286086
0.00283313
0.00280283
0.00277615
0.00274926
0.00272408
0.00269932
0.00267555
0.00265231
0.00262976
0.00260772
0.00258621
0.00256514
0.00254451
0.00252428
0.00250441
0.00248489
0.00246569
0.00244679
0.00242819
0.00240984
0.00239174
0.00237387
0.00235621
0.00233876
0.00232152
0.00230451
0.00228774
0.00227124
0.00225503
0.00223911
0.00222352
0.00220825
0.0021933
0.00217867
0.00216434
0.0021503
0.00213651
0.00212292
0.0021095
0.0020962
0.00208295
0.00206974
0.00205651
0.00204324
0.00202992
0.00201654
0.00200309
0.00198958
0.00197602
0.00196241
0.00194875
0.00193507
0.00192136
0.00190764
0.00189389
0.00188014
0.00186638
0.00185262
0.00183886
0.00182509
0.00181132
0.00179755
0.00178377
0.00177
0.00175623
0.00174246
0.00172869
0.00171491
0.00170114
0.00168737
0.0016736
0.00165982
0.00164605
0.00163228
0.00161851
0.00160474
0.00159096
0.00157719
0.00156342
0.00154965
0.00153587
0.0015221
0.00150833
0.00149456
0.00148078
0.00146702
0.00145323
0.00143948
0.00142569
0.00141194
0.00139814
0.0013844
0.00137059
0.00135686
0.00134303
0.00132933
0.00131547
0.0013018
0.00128791
0.00127427
0.00126035
0.00124674
0.00123279
0.00121922
0.00120522
0.0011917
0.00117765
0.00116418
0.00115008
0.00113666
0.00112252
0.00110913
0.00109496
0.0010816
0.0010674
0.00105406
0.00103985
0.00102652
0.00101231
0.000998966
0.000984781
0.000971404
0.000957258
0.000943834
0.000929742
0.000916257
0.000902233
0.000888676
0.000874727
0.000861092
0.000847222
0.000833508
0.000819715
0.000805928
0.000792203
0.000778354
0.000764685
0.000750788
0.000737157
0.00072323
0.000709622
0.000695678
0.000682084
0.000668127
0.000654548
0.000640571
0.000627019
0.000613006
0.000599498
0.000585435
0.000571981
0.000557864
0.00054446
0.000530301
0.000516929
0.000502749
0.000489385
0.00047521
0.000461828
0.000447685
0.000434257
0.000420171
0.00040668
0.000392659
0.000379106
0.000365138
0.000351544
0.000337606
0.000323991
0.000310068
0.00029644
0.000282531
0.000268887
0.000254994
0.000241338
0.000227453
0.00021379
0.000199911
0.000186242
0.00017237
0.000158695
0.000144827
0.000131148
0.000117285
0.000103601
8.97441e-05
7.6051e-05
6.22057e-05
4.84811e-05
3.46591e-05
2.06551e-05
6.91831e-06
0.00330984
0.00307509
0.00309688
0.00299292
0.00297772
0.0029241
0.00289785
0.00286086
0.00283313
0.00280283
0.00277615
0.00274926
0.00272408
0.00269932
0.00267555
0.00265231
0.00262976
0.00260772
0.0025862
0.00256514
0.00254451
0.00252428
0.00250441
0.00248489
0.00246569
0.00244679
0.00242819
0.00240984
0.00239174
0.00237387
0.00235621
0.00233876
0.00232152
0.00230451
0.00228774
0.00227124
0.00225502
0.00223911
0.00222352
0.00220824
0.0021933
0.00217867
0.00216434
0.0021503
0.00213651
0.00212292
0.0021095
0.0020962
0.00208295
0.00206974
0.00205651
0.00204324
0.00202992
0.00201654
0.00200309
0.00198958
0.00197602
0.00196241
0.00194875
0.00193507
0.00192136
0.00190764
0.00189389
0.00188014
0.00186638
0.00185262
0.00183886
0.00182509
0.00181132
0.00179755
0.00178377
0.00177
0.00175623
0.00174246
0.00172869
0.00171491
0.00170114
0.00168737
0.0016736
0.00165982
0.00164605
0.00163228
0.00161851
0.00160474
0.00159096
0.00157719
0.00156342
0.00154965
0.00153587
0.0015221
0.00150833
0.00149456
0.00148078
0.00146702
0.00145323
0.00143948
0.00142569
0.00141194
0.00139814
0.0013844
0.00137059
0.00135686
0.00134303
0.00132933
0.00131547
0.0013018
0.00128791
0.00127427
0.00126035
0.00124674
0.00123279
0.00121922
0.00120522
0.0011917
0.00117765
0.00116418
0.00115008
0.00113666
0.00112252
0.00110913
0.00109496
0.0010816
0.0010674
0.00105406
0.00103985
0.00102652
0.00101231
0.000998966
0.000984781
0.000971404
0.000957258
0.000943834
0.000929742
0.000916257
0.000902233
0.000888676
0.000874727
0.000861092
0.000847222
0.000833508
0.000819715
0.000805928
0.000792203
0.000778354
0.000764685
0.000750788
0.000737157
0.00072323
0.000709622
0.000695678
0.000682084
0.000668127
0.000654548
0.000640571
0.000627019
0.000613006
0.000599498
0.000585435
0.000571981
0.000557864
0.00054446
0.000530301
0.000516929
0.000502749
0.000489385
0.00047521
0.000461828
0.000447686
0.000434257
0.000420171
0.00040668
0.000392659
0.000379106
0.000365138
0.000351544
0.000337606
0.000323991
0.000310068
0.00029644
0.000282531
0.000268887
0.000254994
0.000241338
0.000227453
0.00021379
0.000199911
0.000186242
0.00017237
0.000158695
0.000144827
0.000131148
0.000117285
0.000103601
8.97441e-05
7.6051e-05
6.22057e-05
4.84812e-05
3.46593e-05
2.06542e-05
6.91733e-06
0.00331005
0.003075
0.00309683
0.0029929
0.0029777
0.00292409
0.00289784
0.00286085
0.00283312
0.00280283
0.00277615
0.00274926
0.00272408
0.00269931
0.00267555
0.00265231
0.00262976
0.00260771
0.0025862
0.00256514
0.00254451
0.00252427
0.00250441
0.00248488
0.00246569
0.00244679
0.00242818
0.00240984
0.00239174
0.00237387
0.00235621
0.00233876
0.00232152
0.0023045
0.00228774
0.00227124
0.00225502
0.00223911
0.00222352
0.00220824
0.00219329
0.00217866
0.00216434
0.0021503
0.00213651
0.00212292
0.0021095
0.0020962
0.00208295
0.00206974
0.00205651
0.00204324
0.00202992
0.00201654
0.00200309
0.00198958
0.00197602
0.00196241
0.00194875
0.00193507
0.00192136
0.00190764
0.00189389
0.00188014
0.00186638
0.00185262
0.00183886
0.00182509
0.00181132
0.00179755
0.00178377
0.00177
0.00175623
0.00174246
0.00172869
0.00171491
0.00170114
0.00168737
0.0016736
0.00165982
0.00164605
0.00163228
0.00161851
0.00160474
0.00159096
0.00157719
0.00156342
0.00154965
0.00153587
0.0015221
0.00150833
0.00149456
0.00148078
0.00146702
0.00145323
0.00143948
0.00142569
0.00141194
0.00139814
0.0013844
0.00137059
0.00135686
0.00134303
0.00132933
0.00131547
0.0013018
0.00128791
0.00127427
0.00126035
0.00124674
0.00123279
0.00121922
0.00120522
0.0011917
0.00117765
0.00116418
0.00115008
0.00113666
0.00112252
0.00110913
0.00109496
0.0010816
0.0010674
0.00105406
0.00103985
0.00102652
0.00101231
0.000998966
0.000984781
0.000971404
0.000957258
0.000943834
0.000929742
0.000916257
0.000902233
0.000888676
0.000874727
0.000861092
0.000847222
0.000833508
0.000819715
0.000805928
0.000792203
0.000778354
0.000764685
0.000750788
0.000737157
0.00072323
0.000709622
0.000695678
0.000682084
0.000668127
0.000654548
0.000640571
0.000627019
0.000613006
0.000599498
0.000585435
0.000571981
0.000557864
0.00054446
0.000530301
0.000516929
0.000502749
0.000489385
0.00047521
0.000461828
0.000447685
0.000434257
0.000420171
0.00040668
0.000392659
0.000379106
0.000365138
0.000351544
0.000337606
0.000323991
0.000310068
0.00029644
0.000282531
0.000268887
0.000254994
0.000241338
0.000227453
0.00021379
0.000199911
0.000186242
0.00017237
0.000158695
0.000144827
0.000131148
0.000117285
0.000103601
8.97441e-05
7.6051e-05
6.22057e-05
4.84813e-05
3.46594e-05
2.06555e-05
6.91877e-06
0.00331036
0.00307486
0.00309677
0.00299286
0.00297767
0.00292407
0.00289783
0.00286085
0.00283312
0.00280282
0.00277614
0.00274925
0.00272407
0.00269931
0.00267554
0.0026523
0.00262976
0.00260771
0.0025862
0.00256514
0.00254451
0.00252427
0.00250441
0.00248488
0.00246568
0.00244679
0.00242818
0.00240984
0.00239174
0.00237387
0.00235621
0.00233875
0.00232152
0.0023045
0.00228774
0.00227124
0.00225502
0.00223911
0.00222351
0.00220824
0.00219329
0.00217866
0.00216434
0.0021503
0.0021365
0.00212292
0.0021095
0.00209619
0.00208295
0.00206974
0.00205651
0.00204324
0.00202992
0.00201654
0.00200309
0.00198958
0.00197602
0.00196241
0.00194876
0.00193507
0.00192136
0.00190764
0.00189389
0.00188014
0.00186638
0.00185262
0.00183886
0.00182509
0.00181132
0.00179755
0.00178377
0.00177
0.00175623
0.00174246
0.00172869
0.00171491
0.00170114
0.00168737
0.0016736
0.00165982
0.00164605
0.00163228
0.00161851
0.00160474
0.00159096
0.00157719
0.00156342
0.00154965
0.00153587
0.0015221
0.00150833
0.00149456
0.00148078
0.00146702
0.00145323
0.00143948
0.00142569
0.00141194
0.00139814
0.0013844
0.00137059
0.00135686
0.00134303
0.00132933
0.00131547
0.0013018
0.00128791
0.00127427
0.00126035
0.00124674
0.00123279
0.00121922
0.00120522
0.0011917
0.00117765
0.00116418
0.00115008
0.00113666
0.00112252
0.00110913
0.00109496
0.0010816
0.0010674
0.00105406
0.00103985
0.00102652
0.00101231
0.000998966
0.000984781
0.000971404
0.000957258
0.000943834
0.000929742
0.000916257
0.000902233
0.000888676
0.000874727
0.000861092
0.000847222
0.000833508
0.000819715
0.000805928
0.000792203
0.000778354
0.000764685
0.000750788
0.000737157
0.00072323
0.000709622
0.000695678
0.000682084
0.000668127
0.000654547
0.000640571
0.000627019
0.000613006
0.000599498
0.000585435
0.000571981
0.000557864
0.00054446
0.000530301
0.000516929
0.000502749
0.000489385
0.00047521
0.000461828
0.000447685
0.000434257
0.000420171
0.00040668
0.000392659
0.000379106
0.000365139
0.000351544
0.000337606
0.000323991
0.000310068
0.00029644
0.000282531
0.000268887
0.000254994
0.000241338
0.000227453
0.00021379
0.000199911
0.000186242
0.00017237
0.000158695
0.000144827
0.000131148
0.000117285
0.000103601
8.97441e-05
7.6051e-05
6.22057e-05
4.84816e-05
3.46597e-05
2.06592e-05
6.92249e-06
0.00331078
0.00307468
0.00309669
0.00299281
0.00297764
0.00292405
0.00289781
0.00286083
0.00283311
0.00280282
0.00277614
0.00274925
0.00272407
0.00269931
0.00267554
0.0026523
0.00262975
0.00260771
0.0025862
0.00256513
0.00254451
0.00252427
0.0025044
0.00248488
0.00246568
0.00244679
0.00242818
0.00240984
0.00239174
0.00237387
0.0023562
0.00233875
0.00232151
0.0023045
0.00228773
0.00227123
0.00225502
0.00223911
0.00222351
0.00220824
0.00219329
0.00217866
0.00216434
0.00215029
0.0021365
0.00212292
0.0021095
0.00209619
0.00208295
0.00206974
0.00205651
0.00204324
0.00202992
0.00201654
0.00200309
0.00198958
0.00197602
0.00196241
0.00194876
0.00193507
0.00192136
0.00190764
0.00189389
0.00188014
0.00186638
0.00185262
0.00183886
0.00182509
0.00181132
0.00179755
0.00178377
0.00177
0.00175623
0.00174246
0.00172869
0.00171491
0.00170114
0.00168737
0.0016736
0.00165982
0.00164605
0.00163228
0.00161851
0.00160474
0.00159096
0.00157719
0.00156342
0.00154965
0.00153587
0.0015221
0.00150833
0.00149456
0.00148078
0.00146702
0.00145323
0.00143948
0.00142569
0.00141194
0.00139814
0.0013844
0.00137059
0.00135686
0.00134303
0.00132933
0.00131547
0.0013018
0.00128791
0.00127427
0.00126035
0.00124674
0.00123279
0.00121922
0.00120522
0.0011917
0.00117765
0.00116418
0.00115008
0.00113666
0.00112252
0.00110913
0.00109496
0.0010816
0.0010674
0.00105406
0.00103985
0.00102652
0.00101231
0.000998966
0.000984781
0.000971404
0.000957258
0.000943834
0.000929742
0.000916257
0.000902233
0.000888676
0.000874727
0.000861092
0.000847222
0.000833508
0.000819715
0.000805928
0.000792203
0.000778354
0.000764685
0.000750787
0.000737157
0.00072323
0.000709622
0.000695678
0.000682084
0.000668127
0.000654547
0.000640571
0.000627019
0.000613006
0.000599498
0.000585435
0.000571981
0.000557864
0.00054446
0.000530301
0.000516929
0.000502749
0.000489385
0.00047521
0.000461828
0.000447685
0.000434257
0.000420171
0.00040668
0.000392659
0.000379106
0.000365139
0.000351544
0.000337606
0.000323991
0.000310068
0.00029644
0.000282531
0.000268887
0.000254994
0.000241338
0.000227453
0.00021379
0.000199911
0.000186242
0.00017237
0.000158695
0.000144827
0.000131148
0.000117285
0.000103601
8.97441e-05
7.6051e-05
6.22056e-05
4.8482e-05
3.466e-05
2.06648e-05
6.9282e-06
0.00331131
0.00307445
0.00309658
0.00299275
0.0029776
0.00292403
0.0028978
0.00286082
0.0028331
0.00280281
0.00277613
0.00274924
0.00272406
0.0026993
0.00267553
0.0026523
0.00262975
0.0026077
0.00258619
0.00256513
0.0025445
0.00252427
0.0025044
0.00248488
0.00246568
0.00244679
0.00242818
0.00240984
0.00239174
0.00237386
0.0023562
0.00233875
0.00232151
0.0023045
0.00228773
0.00227123
0.00225502
0.0022391
0.00222351
0.00220823
0.00219329
0.00217866
0.00216433
0.00215029
0.0021365
0.00212292
0.0021095
0.00209619
0.00208295
0.00206974
0.00205651
0.00204324
0.00202992
0.00201654
0.00200309
0.00198958
0.00197602
0.00196241
0.00194876
0.00193507
0.00192136
0.00190764
0.00189389
0.00188014
0.00186638
0.00185262
0.00183886
0.00182509
0.00181132
0.00179755
0.00178377
0.00177
0.00175623
0.00174246
0.00172869
0.00171491
0.00170114
0.00168737
0.0016736
0.00165982
0.00164605
0.00163228
0.00161851
0.00160474
0.00159096
0.00157719
0.00156342
0.00154965
0.00153587
0.0015221
0.00150833
0.00149456
0.00148078
0.00146702
0.00145323
0.00143948
0.00142569
0.00141194
0.00139814
0.0013844
0.00137059
0.00135686
0.00134303
0.00132933
0.00131547
0.0013018
0.00128791
0.00127427
0.00126035
0.00124674
0.00123279
0.00121922
0.00120522
0.0011917
0.00117765
0.00116418
0.00115008
0.00113666
0.00112252
0.00110913
0.00109496
0.0010816
0.0010674
0.00105406
0.00103985
0.00102652
0.00101231
0.000998966
0.000984781
0.000971404
0.000957258
0.000943834
0.000929742
0.000916257
0.000902233
0.000888676
0.000874727
0.000861092
0.000847222
0.000833508
0.000819715
0.000805928
0.000792204
0.000778354
0.000764685
0.000750787
0.000737157
0.00072323
0.000709622
0.000695678
0.000682084
0.000668127
0.000654547
0.000640571
0.000627019
0.000613006
0.000599498
0.000585435
0.000571981
0.000557864
0.00054446
0.000530301
0.000516929
0.000502749
0.000489385
0.00047521
0.000461828
0.000447685
0.000434257
0.000420171
0.00040668
0.000392659
0.000379106
0.000365139
0.000351544
0.000337606
0.000323991
0.000310068
0.00029644
0.000282531
0.000268887
0.000254994
0.000241338
0.000227453
0.00021379
0.000199911
0.000186242
0.00017237
0.000158695
0.000144827
0.000131148
0.000117285
0.000103601
8.97441e-05
7.60511e-05
6.22056e-05
4.84824e-05
3.46604e-05
2.06723e-05
6.93576e-06
0.00331194
0.00307418
0.00309646
0.00299268
0.00297755
0.002924
0.00289777
0.0028608
0.00283308
0.00280279
0.00277612
0.00274923
0.00272405
0.00269929
0.00267553
0.00265229
0.00262974
0.0026077
0.00258619
0.00256513
0.0025445
0.00252426
0.0025044
0.00248487
0.00246568
0.00244678
0.00242818
0.00240983
0.00239174
0.00237386
0.0023562
0.00233875
0.00232151
0.0023045
0.00228773
0.00227123
0.00225501
0.0022391
0.0022235
0.00220823
0.00219328
0.00217865
0.00216433
0.00215029
0.0021365
0.00212292
0.0021095
0.00209619
0.00208295
0.00206974
0.00205651
0.00204324
0.00202992
0.00201654
0.00200309
0.00198959
0.00197602
0.00196241
0.00194876
0.00193507
0.00192136
0.00190764
0.00189389
0.00188014
0.00186638
0.00185262
0.00183886
0.00182509
0.00181132
0.00179755
0.00178377
0.00177
0.00175623
0.00174246
0.00172869
0.00171491
0.00170114
0.00168737
0.0016736
0.00165982
0.00164605
0.00163228
0.00161851
0.00160474
0.00159096
0.00157719
0.00156342
0.00154965
0.00153587
0.0015221
0.00150833
0.00149456
0.00148078
0.00146702
0.00145323
0.00143948
0.00142569
0.00141194
0.00139814
0.0013844
0.00137059
0.00135686
0.00134303
0.00132933
0.00131547
0.0013018
0.00128791
0.00127427
0.00126035
0.00124674
0.00123279
0.00121922
0.00120522
0.0011917
0.00117765
0.00116418
0.00115008
0.00113666
0.00112252
0.00110913
0.00109496
0.0010816
0.0010674
0.00105406
0.00103985
0.00102652
0.00101231
0.000998966
0.000984781
0.000971404
0.000957258
0.000943834
0.000929742
0.000916257
0.000902233
0.000888676
0.000874727
0.000861092
0.000847222
0.000833508
0.000819715
0.000805928
0.000792204
0.000778354
0.000764685
0.000750787
0.000737157
0.00072323
0.000709622
0.000695678
0.000682084
0.000668127
0.000654547
0.000640571
0.000627019
0.000613007
0.000599498
0.000585435
0.000571981
0.000557864
0.00054446
0.0005303
0.000516929
0.000502749
0.000489385
0.00047521
0.000461828
0.000447685
0.000434257
0.000420171
0.00040668
0.000392659
0.000379106
0.000365139
0.000351544
0.000337606
0.000323991
0.000310068
0.00029644
0.000282531
0.000268887
0.000254994
0.000241338
0.000227453
0.00021379
0.000199911
0.000186242
0.00017237
0.000158695
0.000144827
0.000131148
0.000117285
0.000103601
8.9744e-05
7.60511e-05
6.22056e-05
4.84829e-05
3.46609e-05
2.06815e-05
6.94509e-06
0.00331267
0.00307386
0.00309631
0.00299259
0.00297749
0.00292397
0.00289775
0.00286078
0.00283307
0.00280278
0.00277611
0.00274922
0.00272405
0.00269928
0.00267552
0.00265228
0.00262974
0.00260769
0.00258618
0.00256512
0.00254449
0.00252426
0.00250439
0.00248487
0.00246567
0.00244678
0.00242817
0.00240983
0.00239173
0.00237386
0.0023562
0.00233875
0.00232151
0.00230449
0.00228773
0.00227122
0.00225501
0.0022391
0.0022235
0.00220823
0.00219328
0.00217865
0.00216433
0.00215029
0.00213649
0.00212291
0.0021095
0.00209619
0.00208295
0.00206974
0.00205651
0.00204324
0.00202993
0.00201654
0.0020031
0.00198959
0.00197602
0.00196241
0.00194876
0.00193507
0.00192136
0.00190764
0.00189389
0.00188014
0.00186638
0.00185262
0.00183886
0.00182509
0.00181132
0.00179755
0.00178377
0.00177
0.00175623
0.00174246
0.00172869
0.00171491
0.00170114
0.00168737
0.0016736
0.00165982
0.00164605
0.00163228
0.00161851
0.00160474
0.00159096
0.00157719
0.00156342
0.00154965
0.00153587
0.0015221
0.00150833
0.00149456
0.00148078
0.00146702
0.00145323
0.00143948
0.00142569
0.00141194
0.00139814
0.0013844
0.00137059
0.00135686
0.00134303
0.00132933
0.00131547
0.0013018
0.00128791
0.00127427
0.00126035
0.00124674
0.00123279
0.00121922
0.00120522
0.0011917
0.00117765
0.00116418
0.00115008
0.00113666
0.00112252
0.00110913
0.00109496
0.0010816
0.0010674
0.00105406
0.00103985
0.00102652
0.00101231
0.000998966
0.000984781
0.000971404
0.000957258
0.000943834
0.000929742
0.000916257
0.000902233
0.000888676
0.000874727
0.000861092
0.000847222
0.000833508
0.000819715
0.000805928
0.000792204
0.000778353
0.000764685
0.000750787
0.000737157
0.00072323
0.000709622
0.000695678
0.000682084
0.000668127
0.000654547
0.000640571
0.000627018
0.000613007
0.000599498
0.000585435
0.000571981
0.000557864
0.00054446
0.0005303
0.000516929
0.000502748
0.000489385
0.00047521
0.000461828
0.000447685
0.000434257
0.000420171
0.00040668
0.000392659
0.000379106
0.000365139
0.000351544
0.000337606
0.000323991
0.000310068
0.00029644
0.000282531
0.000268887
0.000254994
0.000241338
0.000227453
0.00021379
0.000199911
0.000186242
0.00017237
0.000158695
0.000144827
0.000131148
0.000117285
0.000103601
8.9744e-05
7.60512e-05
6.22055e-05
4.84835e-05
3.46615e-05
2.06923e-05
6.95604e-06
0.00331351
0.0030735
0.00309615
0.0029925
0.00297743
0.00292393
0.00289772
0.00286076
0.00283305
0.00280276
0.00277609
0.00274921
0.00272403
0.00269927
0.00267551
0.00265227
0.00262973
0.00260769
0.00258618
0.00256511
0.00254449
0.00252425
0.00250439
0.00248487
0.00246567
0.00244678
0.00242817
0.00240983
0.00239173
0.00237386
0.0023562
0.00233874
0.0023215
0.00230449
0.00228772
0.00227122
0.002255
0.00223909
0.0022235
0.00220822
0.00219328
0.00217865
0.00216432
0.00215028
0.00213649
0.00212291
0.00210949
0.00209619
0.00208295
0.00206974
0.00205651
0.00204325
0.00202993
0.00201654
0.0020031
0.00198959
0.00197602
0.00196241
0.00194876
0.00193507
0.00192136
0.00190764
0.00189389
0.00188014
0.00186638
0.00185262
0.00183886
0.00182509
0.00181132
0.00179755
0.00178377
0.00177
0.00175623
0.00174246
0.00172869
0.00171491
0.00170114
0.00168737
0.0016736
0.00165982
0.00164605
0.00163228
0.00161851
0.00160474
0.00159096
0.00157719
0.00156342
0.00154965
0.00153587
0.0015221
0.00150833
0.00149456
0.00148078
0.00146702
0.00145323
0.00143948
0.00142569
0.00141194
0.00139814
0.0013844
0.00137059
0.00135686
0.00134303
0.00132933
0.00131547
0.0013018
0.00128791
0.00127427
0.00126035
0.00124674
0.00123279
0.00121922
0.00120522
0.0011917
0.00117765
0.00116418
0.00115008
0.00113666
0.00112252
0.00110913
0.00109496
0.0010816
0.0010674
0.00105406
0.00103985
0.00102652
0.00101231
0.000998966
0.000984781
0.000971404
0.000957258
0.000943834
0.000929742
0.000916257
0.000902233
0.000888676
0.000874727
0.000861092
0.000847222
0.000833508
0.000819715
0.000805928
0.000792204
0.000778353
0.000764685
0.000750787
0.000737157
0.00072323
0.000709622
0.000695678
0.000682084
0.000668127
0.000654547
0.000640571
0.000627018
0.000613007
0.000599498
0.000585435
0.000571981
0.000557864
0.00054446
0.0005303
0.000516929
0.000502748
0.000489385
0.00047521
0.000461828
0.000447685
0.000434257
0.000420171
0.00040668
0.000392659
0.000379106
0.000365139
0.000351544
0.000337606
0.000323991
0.000310068
0.00029644
0.000282531
0.000268887
0.000254994
0.000241338
0.000227453
0.00021379
0.000199911
0.000186242
0.00017237
0.000158695
0.000144827
0.000131148
0.000117285
0.000103601
8.9744e-05
7.60512e-05
6.22055e-05
4.84842e-05
3.46621e-05
2.07047e-05
6.96848e-06
0.00331446
0.00307308
0.00309596
0.00299239
0.00297736
0.00292389
0.00289768
0.00286074
0.00283303
0.00280275
0.00277608
0.0027492
0.00272402
0.00269926
0.0026755
0.00265227
0.00262972
0.00260768
0.00258617
0.00256511
0.00254448
0.00252425
0.00250438
0.00248486
0.00246566
0.00244677
0.00242817
0.00240982
0.00239173
0.00237385
0.00235619
0.00233874
0.0023215
0.00230449
0.00228772
0.00227122
0.002255
0.00223909
0.00222349
0.00220822
0.00219327
0.00217864
0.00216432
0.00215028
0.00213649
0.00212291
0.00210949
0.00209619
0.00208295
0.00206974
0.00205651
0.00204325
0.00202993
0.00201654
0.0020031
0.00198959
0.00197602
0.00196241
0.00194876
0.00193507
0.00192136
0.00190764
0.00189389
0.00188014
0.00186638
0.00185262
0.00183886
0.00182509
0.00181132
0.00179755
0.00178377
0.00177
0.00175623
0.00174246
0.00172869
0.00171491
0.00170114
0.00168737
0.0016736
0.00165982
0.00164605
0.00163228
0.00161851
0.00160474
0.00159096
0.00157719
0.00156342
0.00154965
0.00153587
0.0015221
0.00150833
0.00149456
0.00148078
0.00146702
0.00145323
0.00143948
0.00142569
0.00141194
0.00139814
0.0013844
0.00137059
0.00135686
0.00134303
0.00132933
0.00131547
0.0013018
0.00128791
0.00127427
0.00126035
0.00124674
0.00123279
0.00121922
0.00120522
0.0011917
0.00117765
0.00116418
0.00115008
0.00113666
0.00112252
0.00110913
0.00109496
0.0010816
0.0010674
0.00105406
0.00103985
0.00102652
0.00101231
0.000998966
0.000984781
0.000971404
0.000957258
0.000943834
0.000929742
0.000916257
0.000902233
0.000888676
0.000874727
0.000861092
0.000847222
0.000833508
0.000819715
0.000805928
0.000792204
0.000778353
0.000764685
0.000750787
0.000737157
0.00072323
0.000709622
0.000695678
0.000682084
0.000668127
0.000654547
0.000640571
0.000627018
0.000613007
0.000599498
0.000585435
0.000571981
0.000557864
0.00054446
0.0005303
0.000516929
0.000502748
0.000489385
0.00047521
0.000461828
0.000447685
0.000434257
0.000420171
0.00040668
0.000392659
0.000379106
0.000365139
0.000351544
0.000337606
0.000323991
0.000310068
0.00029644
0.000282531
0.000268887
0.000254994
0.000241338
0.000227453
0.00021379
0.000199911
0.000186242
0.00017237
0.000158695
0.000144827
0.000131148
0.000117285
0.000103601
8.9744e-05
7.60513e-05
6.22054e-05
4.84849e-05
3.46629e-05
2.07183e-05
6.98224e-06
0.00331551
0.00307262
0.00309575
0.00299226
0.00297728
0.00292384
0.00289765
0.00286071
0.002833
0.00280273
0.00277606
0.00274918
0.00272401
0.00269925
0.00267549
0.00265226
0.00262971
0.00260767
0.00258616
0.0025651
0.00254448
0.00252424
0.00250438
0.00248486
0.00246566
0.00244677
0.00242816
0.00240982
0.00239172
0.00237385
0.00235619
0.00233874
0.0023215
0.00230448
0.00228771
0.00227121
0.002255
0.00223908
0.00222349
0.00220821
0.00219327
0.00217864
0.00216431
0.00215027
0.00213649
0.00212291
0.00210949
0.00209619
0.00208295
0.00206974
0.00205651
0.00204325
0.00202993
0.00201655
0.0020031
0.00198959
0.00197602
0.00196241
0.00194876
0.00193507
0.00192136
0.00190764
0.00189389
0.00188014
0.00186638
0.00185262
0.00183886
0.00182509
0.00181132
0.00179755
0.00178377
0.00177
0.00175623
0.00174246
0.00172869
0.00171491
0.00170114
0.00168737
0.0016736
0.00165982
0.00164605
0.00163228
0.00161851
0.00160474
0.00159096
0.00157719
0.00156342
0.00154965
0.00153587
0.0015221
0.00150833
0.00149456
0.00148078
0.00146702
0.00145323
0.00143948
0.00142569
0.00141194
0.00139814
0.0013844
0.00137059
0.00135686
0.00134303
0.00132933
0.00131547
0.0013018
0.00128791
0.00127427
0.00126035
0.00124674
0.00123279
0.00121922
0.00120522
0.0011917
0.00117765
0.00116418
0.00115008
0.00113666
0.00112252
0.00110913
0.00109496
0.0010816
0.0010674
0.00105406
0.00103985
0.00102652
0.00101231
0.000998966
0.000984781
0.000971404
0.000957258
0.000943834
0.000929742
0.000916257
0.000902233
0.000888676
0.000874727
0.000861092
0.000847222
0.000833508
0.000819715
0.000805928
0.000792204
0.000778353
0.000764685
0.000750787
0.000737157
0.00072323
0.000709622
0.000695678
0.000682084
0.000668127
0.000654547
0.000640571
0.000627018
0.000613007
0.000599498
0.000585435
0.000571981
0.000557864
0.00054446
0.0005303
0.000516929
0.000502748
0.000489386
0.00047521
0.000461828
0.000447685
0.000434258
0.000420171
0.00040668
0.000392659
0.000379106
0.000365139
0.000351544
0.000337606
0.000323991
0.000310068
0.00029644
0.000282531
0.000268887
0.000254994
0.000241338
0.000227453
0.00021379
0.000199911
0.000186242
0.00017237
0.000158695
0.000144827
0.000131148
0.000117285
0.000103601
8.9744e-05
7.60514e-05
6.22054e-05
4.84857e-05
3.46636e-05
2.0733e-05
6.99712e-06
0.00331667
0.00307211
0.00309552
0.00299213
0.00297719
0.00292378
0.00289761
0.00286068
0.00283298
0.0028027
0.00277604
0.00274916
0.00272399
0.00269924
0.00267548
0.00265225
0.0026297
0.00260766
0.00258615
0.00256509
0.00254447
0.00252424
0.00250437
0.00248485
0.00246565
0.00244676
0.00242816
0.00240982
0.00239172
0.00237385
0.00235619
0.00233873
0.00232149
0.00230448
0.00228771
0.00227121
0.00225499
0.00223908
0.00222348
0.00220821
0.00219326
0.00217863
0.00216431
0.00215027
0.00213648
0.0021229
0.00210949
0.00209619
0.00208295
0.00206974
0.00205651
0.00204325
0.00202993
0.00201655
0.0020031
0.00198959
0.00197602
0.00196241
0.00194876
0.00193507
0.00192136
0.00190764
0.0018939
0.00188014
0.00186639
0.00185262
0.00183886
0.00182509
0.00181132
0.00179755
0.00178377
0.00177
0.00175623
0.00174246
0.00172869
0.00171491
0.00170114
0.00168737
0.0016736
0.00165982
0.00164605
0.00163228
0.00161851
0.00160474
0.00159096
0.00157719
0.00156342
0.00154965
0.00153587
0.0015221
0.00150833
0.00149456
0.00148078
0.00146702
0.00145323
0.00143948
0.00142569
0.00141194
0.00139814
0.0013844
0.00137059
0.00135686
0.00134303
0.00132933
0.00131547
0.0013018
0.00128791
0.00127427
0.00126035
0.00124674
0.00123279
0.00121922
0.00120522
0.0011917
0.00117765
0.00116418
0.00115008
0.00113666
0.00112252
0.00110913
0.00109496
0.0010816
0.0010674
0.00105406
0.00103985
0.00102652
0.00101231
0.000998966
0.000984781
0.000971404
0.000957258
0.000943834
0.000929742
0.000916257
0.000902233
0.000888676
0.000874727
0.000861092
0.000847222
0.000833508
0.000819715
0.000805928
0.000792204
0.000778353
0.000764685
0.000750787
0.000737157
0.00072323
0.000709622
0.000695678
0.000682084
0.000668127
0.000654547
0.000640571
0.000627018
0.000613007
0.000599498
0.000585435
0.000571981
0.000557864
0.00054446
0.0005303
0.000516929
0.000502748
0.000489386
0.00047521
0.000461828
0.000447685
0.000434258
0.000420171
0.00040668
0.000392659
0.000379106
0.000365139
0.000351544
0.000337606
0.000323991
0.000310068
0.00029644
0.000282531
0.000268887
0.000254994
0.000241338
0.000227453
0.00021379
0.000199911
0.000186242
0.00017237
0.000158695
0.000144827
0.000131148
0.000117285
0.000103601
8.9744e-05
7.60515e-05
6.22053e-05
4.84866e-05
3.46644e-05
2.07486e-05
7.01294e-06
0.00331794
0.00307155
0.00309527
0.00299198
0.00297709
0.00292372
0.00289756
0.00286064
0.00283295
0.00280268
0.00277602
0.00274915
0.00272398
0.00269922
0.00267546
0.00265223
0.00262969
0.00260765
0.00258615
0.00256509
0.00254446
0.00252423
0.00250437
0.00248484
0.00246565
0.00244676
0.00242815
0.00240981
0.00239171
0.00237384
0.00235618
0.00233873
0.00232149
0.00230447
0.00228771
0.0022712
0.00225499
0.00223907
0.00222348
0.00220821
0.00219326
0.00217863
0.00216431
0.00215027
0.00213648
0.0021229
0.00210949
0.00209619
0.00208295
0.00206974
0.00205651
0.00204325
0.00202993
0.00201655
0.0020031
0.00198959
0.00197602
0.00196241
0.00194876
0.00193507
0.00192136
0.00190764
0.0018939
0.00188014
0.00186639
0.00185262
0.00183886
0.00182509
0.00181132
0.00179755
0.00178377
0.00177
0.00175623
0.00174246
0.00172869
0.00171491
0.00170114
0.00168737
0.0016736
0.00165982
0.00164605
0.00163228
0.00161851
0.00160474
0.00159096
0.00157719
0.00156342
0.00154965
0.00153587
0.0015221
0.00150833
0.00149456
0.00148078
0.00146702
0.00145323
0.00143948
0.00142569
0.00141194
0.00139814
0.0013844
0.00137059
0.00135686
0.00134303
0.00132933
0.00131547
0.0013018
0.00128791
0.00127427
0.00126035
0.00124674
0.00123279
0.00121922
0.00120522
0.0011917
0.00117765
0.00116418
0.00115008
0.00113666
0.00112252
0.00110913
0.00109496
0.0010816
0.0010674
0.00105406
0.00103985
0.00102652
0.00101231
0.000998966
0.000984781
0.000971404
0.000957258
0.000943834
0.000929742
0.000916257
0.000902233
0.000888676
0.000874727
0.000861092
0.000847222
0.000833508
0.000819715
0.000805928
0.000792204
0.000778353
0.000764685
0.000750787
0.000737157
0.00072323
0.000709622
0.000695678
0.000682084
0.000668128
0.000654547
0.000640572
0.000627018
0.000613007
0.000599498
0.000585436
0.000571981
0.000557864
0.00054446
0.0005303
0.000516929
0.000502748
0.000489386
0.00047521
0.000461828
0.000447685
0.000434258
0.000420171
0.00040668
0.000392659
0.000379106
0.000365139
0.000351544
0.000337606
0.000323991
0.000310068
0.00029644
0.000282531
0.000268887
0.000254994
0.000241337
0.000227453
0.00021379
0.000199911
0.000186242
0.00017237
0.000158695
0.000144827
0.000131148
0.000117285
0.000103601
8.97439e-05
7.60515e-05
6.22052e-05
4.84875e-05
3.46652e-05
2.0765e-05
7.02948e-06
0.00331931
0.00307095
0.00309499
0.00299182
0.00297699
0.00292366
0.00289751
0.0028606
0.00283292
0.00280266
0.002776
0.00274913
0.00272396
0.00269921
0.00267545
0.00265222
0.00262968
0.00260764
0.00258614
0.00256508
0.00254445
0.00252422
0.00250436
0.00248484
0.00246564
0.00244675
0.00242815
0.00240981
0.00239171
0.00237384
0.00235618
0.00233872
0.00232148
0.00230447
0.0022877
0.0022712
0.00225498
0.00223907
0.00222347
0.0022082
0.00219325
0.00217862
0.0021643
0.00215026
0.00213648
0.0021229
0.00210949
0.00209619
0.00208295
0.00206974
0.00205651
0.00204325
0.00202993
0.00201655
0.0020031
0.00198959
0.00197603
0.00196241
0.00194876
0.00193507
0.00192137
0.00190764
0.0018939
0.00188014
0.00186639
0.00185262
0.00183886
0.00182509
0.00181132
0.00179755
0.00178377
0.00177
0.00175623
0.00174246
0.00172869
0.00171491
0.00170114
0.00168737
0.0016736
0.00165982
0.00164605
0.00163228
0.00161851
0.00160474
0.00159096
0.00157719
0.00156342
0.00154965
0.00153587
0.0015221
0.00150833
0.00149456
0.00148078
0.00146702
0.00145323
0.00143948
0.00142569
0.00141194
0.00139814
0.0013844
0.00137059
0.00135686
0.00134303
0.00132933
0.00131547
0.0013018
0.00128791
0.00127427
0.00126035
0.00124674
0.00123279
0.00121922
0.00120522
0.0011917
0.00117765
0.00116418
0.00115008
0.00113666
0.00112252
0.00110913
0.00109496
0.0010816
0.0010674
0.00105406
0.00103985
0.00102652
0.00101231
0.000998966
0.000984781
0.000971404
0.000957258
0.000943834
0.000929742
0.000916257
0.000902233
0.000888676
0.000874727
0.000861092
0.000847222
0.000833508
0.000819715
0.000805928
0.000792204
0.000778353
0.000764685
0.000750787
0.000737157
0.00072323
0.000709622
0.000695678
0.000682083
0.000668128
0.000654547
0.000640572
0.000627018
0.000613007
0.000599498
0.000585436
0.000571981
0.000557864
0.00054446
0.0005303
0.000516929
0.000502748
0.000489386
0.00047521
0.000461828
0.000447685
0.000434258
0.000420171
0.00040668
0.000392659
0.000379106
0.000365139
0.000351544
0.000337606
0.000323991
0.000310068
0.00029644
0.000282531
0.000268887
0.000254994
0.000241337
0.000227453
0.00021379
0.000199911
0.000186242
0.00017237
0.000158695
0.000144827
0.000131148
0.000117285
0.000103601
8.97439e-05
7.60516e-05
6.22051e-05
4.84885e-05
3.4666e-05
2.07818e-05
7.04653e-06
0.0033208
0.00307029
0.0030947
0.00299165
0.00297688
0.00292359
0.00289746
0.00286057
0.00283289
0.00280263
0.00277597
0.00274911
0.00272394
0.00269919
0.00267544
0.00265221
0.00262967
0.00260763
0.00258613
0.00256507
0.00254445
0.00252421
0.00250435
0.00248483
0.00246564
0.00244675
0.00242814
0.0024098
0.00239171
0.00237383
0.00235617
0.00233872
0.00232148
0.00230447
0.0022877
0.00227119
0.00225498
0.00223906
0.00222347
0.00220819
0.00219325
0.00217862
0.0021643
0.00215026
0.00213647
0.0021229
0.00210948
0.00209618
0.00208295
0.00206974
0.00205651
0.00204325
0.00202993
0.00201655
0.0020031
0.00198959
0.00197603
0.00196241
0.00194876
0.00193507
0.00192137
0.00190764
0.0018939
0.00188014
0.00186639
0.00185262
0.00183886
0.00182509
0.00181132
0.00179755
0.00178377
0.00177
0.00175623
0.00174246
0.00172869
0.00171491
0.00170114
0.00168737
0.0016736
0.00165982
0.00164605
0.00163228
0.00161851
0.00160474
0.00159096
0.00157719
0.00156342
0.00154965
0.00153587
0.0015221
0.00150833
0.00149456
0.00148078
0.00146702
0.00145323
0.00143948
0.00142569
0.00141194
0.00139814
0.0013844
0.00137059
0.00135686
0.00134303
0.00132933
0.00131547
0.0013018
0.00128791
0.00127427
0.00126035
0.00124674
0.00123279
0.00121922
0.00120522
0.0011917
0.00117765
0.00116418
0.00115008
0.00113666
0.00112252
0.00110913
0.00109496
0.0010816
0.0010674
0.00105406
0.00103985
0.00102652
0.00101231
0.000998966
0.000984781
0.000971404
0.000957258
0.000943834
0.000929742
0.000916257
0.000902233
0.000888676
0.000874727
0.000861092
0.000847222
0.000833508
0.000819715
0.000805928
0.000792204
0.000778353
0.000764685
0.000750787
0.000737157
0.00072323
0.000709622
0.000695678
0.000682083
0.000668128
0.000654547
0.000640572
0.000627018
0.000613007
0.000599498
0.000585436
0.000571981
0.000557864
0.00054446
0.0005303
0.000516929
0.000502748
0.000489386
0.00047521
0.000461828
0.000447685
0.000434258
0.000420171
0.00040668
0.000392659
0.000379106
0.000365139
0.000351544
0.000337606
0.000323991
0.000310068
0.00029644
0.000282531
0.000268887
0.000254994
0.000241337
0.000227453
0.00021379
0.000199911
0.000186242
0.00017237
0.000158695
0.000144827
0.000131148
0.000117285
0.000103601
8.97439e-05
7.60517e-05
6.2205e-05
4.84894e-05
3.46669e-05
2.07988e-05
7.06385e-06
0.00332239
0.00306958
0.00309437
0.00299146
0.00297676
0.00292352
0.00289741
0.00286052
0.00283285
0.0028026
0.00277595
0.00274908
0.00272392
0.00269917
0.00267542
0.00265219
0.00262965
0.00260762
0.00258612
0.00256506
0.00254444
0.0025242
0.00250434
0.00248482
0.00246563
0.00244674
0.00242814
0.0024098
0.0023917
0.00237383
0.00235617
0.00233872
0.00232148
0.00230446
0.00228769
0.00227119
0.00225497
0.00223906
0.00222346
0.00220819
0.00219324
0.00217861
0.00216429
0.00215026
0.00213647
0.00212289
0.00210948
0.00209618
0.00208295
0.00206974
0.00205651
0.00204325
0.00202993
0.00201655
0.0020031
0.00198959
0.00197603
0.00196241
0.00194876
0.00193508
0.00192137
0.00190764
0.0018939
0.00188014
0.00186639
0.00185262
0.00183886
0.00182509
0.00181132
0.00179755
0.00178377
0.00177
0.00175623
0.00174246
0.00172869
0.00171491
0.00170114
0.00168737
0.0016736
0.00165982
0.00164605
0.00163228
0.00161851
0.00160474
0.00159096
0.00157719
0.00156342
0.00154965
0.00153587
0.0015221
0.00150833
0.00149456
0.00148078
0.00146702
0.00145323
0.00143948
0.00142569
0.00141194
0.00139814
0.0013844
0.00137059
0.00135686
0.00134303
0.00132933
0.00131547
0.0013018
0.00128791
0.00127427
0.00126035
0.00124674
0.00123279
0.00121922
0.00120522
0.0011917
0.00117765
0.00116418
0.00115008
0.00113666
0.00112252
0.00110913
0.00109496
0.0010816
0.0010674
0.00105406
0.00103985
0.00102652
0.00101231
0.000998966
0.000984781
0.000971404
0.000957258
0.000943834
0.000929742
0.000916257
0.000902233
0.000888676
0.000874727
0.000861092
0.000847222
0.000833508
0.000819715
0.000805928
0.000792204
0.000778353
0.000764685
0.000750787
0.000737157
0.00072323
0.000709622
0.000695678
0.000682083
0.000668128
0.000654547
0.000640572
0.000627018
0.000613007
0.000599497
0.000585436
0.000571981
0.000557864
0.00054446
0.0005303
0.00051693
0.000502748
0.000489386
0.00047521
0.000461828
0.000447685
0.000434258
0.000420171
0.00040668
0.000392659
0.000379106
0.000365139
0.000351543
0.000337606
0.000323991
0.000310068
0.00029644
0.000282531
0.000268887
0.000254994
0.000241337
0.000227453
0.00021379
0.000199911
0.000186242
0.00017237
0.000158695
0.000144827
0.000131148
0.000117285
0.000103601
8.97439e-05
7.60518e-05
6.2205e-05
4.84905e-05
3.46677e-05
2.08158e-05
7.08122e-06
0.00332409
0.00306881
0.00309403
0.00299127
0.00297663
0.00292344
0.00289735
0.00286048
0.00283281
0.00280257
0.00277592
0.00274906
0.0027239
0.00269916
0.0026754
0.00265218
0.00262964
0.00260761
0.0025861
0.00256505
0.00254443
0.0025242
0.00250434
0.00248482
0.00246562
0.00244673
0.00242813
0.00240979
0.0023917
0.00237382
0.00235616
0.00233871
0.00232147
0.00230446
0.00228769
0.00227118
0.00225497
0.00223905
0.00222346
0.00220818
0.00219324
0.00217861
0.00216429
0.00215025
0.00213647
0.00212289
0.00210948
0.00209618
0.00208295
0.00206974
0.00205651
0.00204325
0.00202993
0.00201655
0.0020031
0.00198959
0.00197603
0.00196241
0.00194876
0.00193508
0.00192137
0.00190764
0.0018939
0.00188014
0.00186639
0.00185262
0.00183886
0.00182509
0.00181132
0.00179755
0.00178377
0.00177
0.00175623
0.00174246
0.00172869
0.00171491
0.00170114
0.00168737
0.0016736
0.00165982
0.00164605
0.00163228
0.00161851
0.00160474
0.00159096
0.00157719
0.00156342
0.00154965
0.00153587
0.0015221
0.00150833
0.00149456
0.00148078
0.00146702
0.00145323
0.00143948
0.00142569
0.00141194
0.00139814
0.0013844
0.00137059
0.00135686
0.00134303
0.00132933
0.00131547
0.0013018
0.00128791
0.00127427
0.00126035
0.00124674
0.00123279
0.00121922
0.00120522
0.0011917
0.00117765
0.00116418
0.00115008
0.00113666
0.00112252
0.00110913
0.00109496
0.0010816
0.0010674
0.00105406
0.00103985
0.00102652
0.00101231
0.000998966
0.000984781
0.000971404
0.000957258
0.000943834
0.000929742
0.000916257
0.000902233
0.000888676
0.000874727
0.000861092
0.000847222
0.000833508
0.000819715
0.000805928
0.000792204
0.000778353
0.000764685
0.000750787
0.000737157
0.00072323
0.000709622
0.000695678
0.000682083
0.000668128
0.000654547
0.000640572
0.000627018
0.000613007
0.000599497
0.000585436
0.000571981
0.000557864
0.00054446
0.0005303
0.00051693
0.000502748
0.000489386
0.00047521
0.000461828
0.000447685
0.000434258
0.000420171
0.00040668
0.000392659
0.000379106
0.000365139
0.000351543
0.000337606
0.000323991
0.000310068
0.00029644
0.000282531
0.000268887
0.000254994
0.000241337
0.000227453
0.00021379
0.000199911
0.000186242
0.00017237
0.000158695
0.000144827
0.000131148
0.000117285
0.000103601
8.97438e-05
7.60519e-05
6.22049e-05
4.84915e-05
3.46685e-05
2.08326e-05
7.0984e-06
0.00332591
0.003068
0.00309366
0.00299106
0.0029765
0.00292336
0.00289729
0.00286043
0.00283277
0.00280253
0.00277589
0.00274903
0.00272388
0.00269914
0.00267539
0.00265216
0.00262963
0.00260759
0.00258609
0.00256504
0.00254442
0.00252419
0.00250433
0.00248481
0.00246562
0.00244673
0.00242812
0.00240979
0.00239169
0.00237382
0.00235616
0.00233871
0.00232147
0.00230445
0.00228768
0.00227118
0.00225496
0.00223905
0.00222345
0.00220818
0.00219323
0.00217861
0.00216429
0.00215025
0.00213646
0.00212289
0.00210948
0.00209618
0.00208295
0.00206974
0.00205652
0.00204325
0.00202993
0.00201655
0.0020031
0.00198959
0.00197603
0.00196241
0.00194876
0.00193508
0.00192137
0.00190764
0.0018939
0.00188014
0.00186639
0.00185262
0.00183886
0.00182509
0.00181132
0.00179755
0.00178377
0.00177
0.00175623
0.00174246
0.00172869
0.00171491
0.00170114
0.00168737
0.0016736
0.00165982
0.00164605
0.00163228
0.00161851
0.00160474
0.00159096
0.00157719
0.00156342
0.00154965
0.00153587
0.0015221
0.00150833
0.00149456
0.00148078
0.00146702
0.00145323
0.00143948
0.00142569
0.00141194
0.00139814
0.0013844
0.00137059
0.00135686
0.00134303
0.00132933
0.00131547
0.0013018
0.00128791
0.00127427
0.00126035
0.00124674
0.00123279
0.00121922
0.00120522
0.0011917
0.00117765
0.00116418
0.00115008
0.00113666
0.00112252
0.00110913
0.00109496
0.0010816
0.0010674
0.00105406
0.00103985
0.00102652
0.00101231
0.000998966
0.000984781
0.000971404
0.000957258
0.000943834
0.000929742
0.000916257
0.000902233
0.000888676
0.000874727
0.000861092
0.000847222
0.000833508
0.000819715
0.000805928
0.000792204
0.000778353
0.000764685
0.000750787
0.000737157
0.00072323
0.000709622
0.000695678
0.000682083
0.000668128
0.000654547
0.000640572
0.000627018
0.000613007
0.000599497
0.000585436
0.000571981
0.000557864
0.00054446
0.0005303
0.00051693
0.000502748
0.000489386
0.00047521
0.000461828
0.000447685
0.000434258
0.000420171
0.00040668
0.000392659
0.000379106
0.000365139
0.000351543
0.000337606
0.000323991
0.000310068
0.00029644
0.000282531
0.000268887
0.000254994
0.000241337
0.000227453
0.00021379
0.000199911
0.000186242
0.00017237
0.000158695
0.000144827
0.000131148
0.000117285
0.000103601
8.97438e-05
7.6052e-05
6.22048e-05
4.84925e-05
3.46692e-05
2.0849e-05
7.11518e-06
0.00332783
0.00306713
0.00309326
0.00299084
0.00297636
0.00292327
0.00289722
0.00286038
0.00283273
0.0028025
0.00277586
0.00274901
0.00272386
0.00269912
0.00267537
0.00265215
0.00262961
0.00260758
0.00258608
0.00256503
0.00254441
0.00252418
0.00250432
0.0024848
0.00246561
0.00244672
0.00242812
0.00240978
0.00239169
0.00237381
0.00235616
0.0023387
0.00232146
0.00230445
0.00228768
0.00227117
0.00225496
0.00223904
0.00222345
0.00220817
0.00219323
0.0021786
0.00216428
0.00215025
0.00213646
0.00212289
0.00210948
0.00209618
0.00208295
0.00206974
0.00205652
0.00204325
0.00202994
0.00201655
0.00200311
0.0019896
0.00197603
0.00196242
0.00194876
0.00193508
0.00192137
0.00190764
0.0018939
0.00188014
0.00186639
0.00185262
0.00183886
0.00182509
0.00181132
0.00179755
0.00178377
0.00177
0.00175623
0.00174246
0.00172869
0.00171491
0.00170114
0.00168737
0.0016736
0.00165982
0.00164605
0.00163228
0.00161851
0.00160474
0.00159096
0.00157719
0.00156342
0.00154965
0.00153587
0.0015221
0.00150833
0.00149456
0.00148078
0.00146702
0.00145323
0.00143948
0.00142569
0.00141194
0.00139814
0.0013844
0.00137059
0.00135686
0.00134303
0.00132933
0.00131547
0.0013018
0.00128791
0.00127427
0.00126035
0.00124674
0.00123279
0.00121922
0.00120522
0.0011917
0.00117765
0.00116418
0.00115008
0.00113666
0.00112252
0.00110913
0.00109496
0.0010816
0.0010674
0.00105406
0.00103985
0.00102652
0.00101231
0.000998966
0.000984781
0.000971404
0.000957258
0.000943834
0.000929742
0.000916257
0.000902233
0.000888676
0.000874727
0.000861092
0.000847222
0.000833508
0.000819715
0.000805928
0.000792204
0.000778353
0.000764685
0.000750787
0.000737157
0.00072323
0.000709622
0.000695678
0.000682083
0.000668128
0.000654547
0.000640572
0.000627018
0.000613007
0.000599497
0.000585436
0.000571981
0.000557864
0.00054446
0.0005303
0.00051693
0.000502748
0.000489386
0.00047521
0.000461828
0.000447685
0.000434258
0.000420171
0.00040668
0.000392659
0.000379106
0.000365139
0.000351543
0.000337606
0.000323991
0.000310068
0.00029644
0.000282531
0.000268887
0.000254994
0.000241337
0.000227453
0.00021379
0.000199911
0.000186242
0.00017237
0.000158695
0.000144827
0.000131148
0.000117285
0.000103601
8.97438e-05
7.60521e-05
6.22047e-05
4.84935e-05
3.46699e-05
2.08647e-05
7.13135e-06
0.00332987
0.0030662
0.00309284
0.0029906
0.00297621
0.00292318
0.00289715
0.00286032
0.00283269
0.00280246
0.00277583
0.00274898
0.00272384
0.0026991
0.00267535
0.00265213
0.0026296
0.00260757
0.00258607
0.00256502
0.0025444
0.00252417
0.00250431
0.00248479
0.0024656
0.00244671
0.00242811
0.00240977
0.00239168
0.00237381
0.00235615
0.0023387
0.00232146
0.00230444
0.00228767
0.00227117
0.00225495
0.00223904
0.00222344
0.00220817
0.00219322
0.0021786
0.00216428
0.00215024
0.00213646
0.00212289
0.00210948
0.00209618
0.00208295
0.00206974
0.00205652
0.00204325
0.00202994
0.00201655
0.00200311
0.0019896
0.00197603
0.00196242
0.00194876
0.00193508
0.00192137
0.00190764
0.0018939
0.00188014
0.00186639
0.00185262
0.00183886
0.00182509
0.00181132
0.00179755
0.00178377
0.00177
0.00175623
0.00174246
0.00172869
0.00171491
0.00170114
0.00168737
0.0016736
0.00165982
0.00164605
0.00163228
0.00161851
0.00160474
0.00159096
0.00157719
0.00156342
0.00154965
0.00153587
0.0015221
0.00150833
0.00149456
0.00148078
0.00146702
0.00145323
0.00143948
0.00142569
0.00141194
0.00139814
0.0013844
0.00137059
0.00135686
0.00134303
0.00132933
0.00131547
0.0013018
0.00128791
0.00127427
0.00126035
0.00124674
0.00123279
0.00121922
0.00120522
0.0011917
0.00117765
0.00116418
0.00115008
0.00113666
0.00112252
0.00110913
0.00109496
0.0010816
0.0010674
0.00105406
0.00103985
0.00102652
0.00101231
0.000998966
0.000984781
0.000971404
0.000957258
0.000943834
0.000929742
0.000916257
0.000902233
0.000888676
0.000874727
0.000861092
0.000847222
0.000833508
0.000819715
0.000805928
0.000792204
0.000778353
0.000764685
0.000750787
0.000737157
0.00072323
0.000709622
0.000695678
0.000682083
0.000668128
0.000654547
0.000640572
0.000627018
0.000613007
0.000599497
0.000585436
0.000571981
0.000557864
0.00054446
0.0005303
0.00051693
0.000502748
0.000489386
0.00047521
0.000461828
0.000447685
0.000434258
0.000420171
0.00040668
0.000392659
0.000379106
0.000365139
0.000351543
0.000337606
0.000323991
0.000310068
0.00029644
0.000282531
0.000268887
0.000254994
0.000241337
0.000227453
0.00021379
0.000199911
0.000186242
0.00017237
0.000158695
0.000144827
0.000131148
0.000117285
0.000103601
8.97438e-05
7.60523e-05
6.22046e-05
4.84946e-05
3.46706e-05
2.08795e-05
7.14671e-06
0.00333202
0.00306522
0.00309239
0.00299036
0.00297605
0.00292308
0.00289708
0.00286027
0.00283264
0.00280242
0.0027758
0.00274895
0.00272381
0.00269907
0.00267533
0.00265211
0.00262958
0.00260755
0.00258606
0.002565
0.00254439
0.00252416
0.0025043
0.00248479
0.00246559
0.00244671
0.00242811
0.00240977
0.00239168
0.00237381
0.00235615
0.00233869
0.00232145
0.00230444
0.00228767
0.00227116
0.00225495
0.00223903
0.00222344
0.00220817
0.00219322
0.00217859
0.00216427
0.00215024
0.00213646
0.00212288
0.00210948
0.00209618
0.00208295
0.00206974
0.00205652
0.00204325
0.00202994
0.00201655
0.00200311
0.0019896
0.00197603
0.00196242
0.00194876
0.00193508
0.00192137
0.00190764
0.0018939
0.00188014
0.00186639
0.00185262
0.00183886
0.00182509
0.00181132
0.00179755
0.00178377
0.00177
0.00175623
0.00174246
0.00172869
0.00171491
0.00170114
0.00168737
0.0016736
0.00165982
0.00164605
0.00163228
0.00161851
0.00160474
0.00159096
0.00157719
0.00156342
0.00154965
0.00153587
0.0015221
0.00150833
0.00149456
0.00148078
0.00146702
0.00145323
0.00143948
0.00142569
0.00141194
0.00139814
0.0013844
0.00137059
0.00135686
0.00134303
0.00132933
0.00131547
0.0013018
0.00128791
0.00127427
0.00126035
0.00124674
0.00123279
0.00121922
0.00120522
0.0011917
0.00117765
0.00116418
0.00115008
0.00113666
0.00112252
0.00110913
0.00109496
0.0010816
0.0010674
0.00105406
0.00103985
0.00102652
0.00101231
0.000998966
0.000984781
0.000971404
0.000957258
0.000943834
0.000929742
0.000916257
0.000902233
0.000888676
0.000874727
0.000861092
0.000847222
0.000833508
0.000819715
0.000805928
0.000792204
0.000778353
0.000764685
0.000750787
0.000737157
0.00072323
0.000709622
0.000695678
0.000682083
0.000668128
0.000654547
0.000640572
0.000627018
0.000613007
0.000599497
0.000585436
0.000571981
0.000557864
0.00054446
0.0005303
0.00051693
0.000502748
0.000489386
0.00047521
0.000461828
0.000447685
0.000434258
0.000420171
0.00040668
0.000392659
0.000379106
0.000365139
0.000351543
0.000337607
0.000323991
0.000310068
0.00029644
0.000282531
0.000268887
0.000254994
0.000241337
0.000227453
0.00021379
0.000199911
0.000186242
0.00017237
0.000158695
0.000144827
0.000131148
0.000117285
0.000103601
8.97437e-05
7.60524e-05
6.22045e-05
4.84956e-05
3.46711e-05
2.08933e-05
7.16109e-06
0.00333429
0.00306417
0.00309191
0.0029901
0.00297589
0.00292298
0.002897
0.00286021
0.0028326
0.00280238
0.00277577
0.00274893
0.00272379
0.00269905
0.00267531
0.0026521
0.00262957
0.00260754
0.00258604
0.00256499
0.00254438
0.00252415
0.00250429
0.00248478
0.00246559
0.0024467
0.0024281
0.00240976
0.00239167
0.0023738
0.00235614
0.00233869
0.00232145
0.00230443
0.00228766
0.00227116
0.00225494
0.00223903
0.00222343
0.00220816
0.00219322
0.00217859
0.00216427
0.00215024
0.00213645
0.00212288
0.00210947
0.00209618
0.00208295
0.00206974
0.00205652
0.00204326
0.00202994
0.00201656
0.00200311
0.0019896
0.00197603
0.00196242
0.00194876
0.00193508
0.00192137
0.00190764
0.0018939
0.00188014
0.00186639
0.00185262
0.00183886
0.00182509
0.00181132
0.00179755
0.00178377
0.00177
0.00175623
0.00174246
0.00172869
0.00171491
0.00170114
0.00168737
0.0016736
0.00165982
0.00164605
0.00163228
0.00161851
0.00160474
0.00159096
0.00157719
0.00156342
0.00154965
0.00153587
0.0015221
0.00150833
0.00149456
0.00148078
0.00146702
0.00145323
0.00143948
0.00142569
0.00141194
0.00139814
0.0013844
0.00137059
0.00135686
0.00134303
0.00132933
0.00131547
0.0013018
0.00128791
0.00127427
0.00126035
0.00124674
0.00123279
0.00121922
0.00120522
0.0011917
0.00117765
0.00116418
0.00115008
0.00113666
0.00112252
0.00110913
0.00109496
0.0010816
0.0010674
0.00105406
0.00103985
0.00102652
0.00101231
0.000998966
0.000984781
0.000971404
0.000957258
0.000943834
0.000929742
0.000916257
0.000902233
0.000888676
0.000874727
0.000861092
0.000847222
0.000833508
0.000819715
0.000805928
0.000792204
0.000778353
0.000764685
0.000750787
0.000737157
0.00072323
0.000709622
0.000695678
0.000682083
0.000668128
0.000654547
0.000640572
0.000627018
0.000613007
0.000599497
0.000585436
0.000571981
0.000557864
0.00054446
0.0005303
0.00051693
0.000502748
0.000489386
0.00047521
0.000461828
0.000447685
0.000434258
0.000420171
0.00040668
0.000392659
0.000379106
0.000365139
0.000351543
0.000337607
0.000323991
0.000310068
0.00029644
0.000282531
0.000268887
0.000254994
0.000241337
0.000227453
0.00021379
0.000199911
0.000186242
0.00017237
0.000158695
0.000144827
0.000131148
0.000117285
0.000103601
8.97437e-05
7.60525e-05
6.22044e-05
4.84965e-05
3.46716e-05
2.0906e-05
7.17435e-06
0.00333667
0.00306307
0.00309141
0.00298983
0.00297571
0.00292288
0.00289693
0.00286015
0.00283255
0.00280234
0.00277573
0.0027489
0.00272376
0.00269903
0.00267529
0.00265208
0.00262955
0.00260753
0.00258603
0.00256498
0.00254437
0.00252414
0.00250429
0.00248477
0.00246558
0.0024467
0.0024281
0.00240976
0.00239167
0.0023738
0.00235614
0.00233869
0.00232144
0.00230443
0.00228766
0.00227116
0.00225494
0.00223903
0.00222343
0.00220816
0.00219321
0.00217859
0.00216427
0.00215023
0.00213645
0.00212288
0.00210947
0.00209618
0.00208295
0.00206974
0.00205652
0.00204326
0.00202994
0.00201656
0.00200311
0.0019896
0.00197603
0.00196242
0.00194876
0.00193508
0.00192137
0.00190764
0.0018939
0.00188014
0.00186639
0.00185262
0.00183886
0.00182509
0.00181132
0.00179755
0.00178377
0.00177
0.00175623
0.00174246
0.00172869
0.00171491
0.00170114
0.00168737
0.0016736
0.00165982
0.00164605
0.00163228
0.00161851
0.00160474
0.00159096
0.00157719
0.00156342
0.00154965
0.00153587
0.0015221
0.00150833
0.00149456
0.00148078
0.00146702
0.00145323
0.00143948
0.00142569
0.00141194
0.00139814
0.0013844
0.00137059
0.00135686
0.00134303
0.00132933
0.00131547
0.0013018
0.00128791
0.00127427
0.00126035
0.00124674
0.00123279
0.00121922
0.00120522
0.0011917
0.00117765
0.00116418
0.00115008
0.00113666
0.00112252
0.00110913
0.00109496
0.0010816
0.0010674
0.00105406
0.00103985
0.00102652
0.00101231
0.000998966
0.000984781
0.000971404
0.000957258
0.000943834
0.000929742
0.000916257
0.000902233
0.000888676
0.000874727
0.000861092
0.000847222
0.000833508
0.000819715
0.000805928
0.000792204
0.000778353
0.000764685
0.000750787
0.000737158
0.00072323
0.000709622
0.000695678
0.000682083
0.000668128
0.000654547
0.000640572
0.000627018
0.000613007
0.000599497
0.000585436
0.000571981
0.000557864
0.00054446
0.0005303
0.00051693
0.000502748
0.000489386
0.00047521
0.000461828
0.000447685
0.000434258
0.000420171
0.00040668
0.000392659
0.000379106
0.000365139
0.000351543
0.000337607
0.000323991
0.000310068
0.00029644
0.000282531
0.000268887
0.000254994
0.000241337
0.000227453
0.00021379
0.000199911
0.000186242
0.00017237
0.000158695
0.000144827
0.000131148
0.000117285
0.000103601
8.97437e-05
7.60526e-05
6.22043e-05
4.84975e-05
3.4672e-05
2.09174e-05
7.18635e-06
0.00333917
0.00306191
0.00309087
0.00298954
0.00297553
0.00292277
0.00289685
0.00286009
0.0028325
0.0028023
0.0027757
0.00274887
0.00272374
0.00269901
0.00267528
0.00265206
0.00262954
0.00260751
0.00258602
0.00256497
0.00254436
0.00252413
0.00250428
0.00248476
0.00246557
0.00244669
0.00242809
0.00240975
0.00239166
0.00237379
0.00235613
0.00233868
0.00232144
0.00230443
0.00228766
0.00227115
0.00225493
0.00223902
0.00222343
0.00220815
0.00219321
0.00217858
0.00216427
0.00215023
0.00213645
0.00212288
0.00210947
0.00209618
0.00208295
0.00206974
0.00205652
0.00204326
0.00202994
0.00201656
0.00200311
0.0019896
0.00197603
0.00196242
0.00194876
0.00193508
0.00192137
0.00190764
0.0018939
0.00188014
0.00186639
0.00185262
0.00183886
0.00182509
0.00181132
0.00179755
0.00178377
0.00177
0.00175623
0.00174246
0.00172869
0.00171491
0.00170114
0.00168737
0.0016736
0.00165982
0.00164605
0.00163228
0.00161851
0.00160474
0.00159096
0.00157719
0.00156342
0.00154965
0.00153587
0.0015221
0.00150833
0.00149456
0.00148078
0.00146702
0.00145323
0.00143948
0.00142569
0.00141194
0.00139814
0.0013844
0.00137059
0.00135686
0.00134303
0.00132933
0.00131547
0.0013018
0.00128791
0.00127427
0.00126035
0.00124674
0.00123279
0.00121922
0.00120522
0.0011917
0.00117765
0.00116418
0.00115008
0.00113666
0.00112252
0.00110913
0.00109496
0.0010816
0.0010674
0.00105406
0.00103985
0.00102652
0.00101231
0.000998966
0.000984781
0.000971404
0.000957258
0.000943834
0.000929742
0.000916257
0.000902233
0.000888676
0.000874727
0.000861092
0.000847222
0.000833508
0.000819715
0.000805928
0.000792204
0.000778353
0.000764685
0.000750787
0.000737158
0.00072323
0.000709622
0.000695678
0.000682083
0.000668128
0.000654547
0.000640572
0.000627017
0.000613008
0.000599497
0.000585436
0.000571981
0.000557864
0.00054446
0.0005303
0.00051693
0.000502748
0.000489386
0.00047521
0.000461828
0.000447685
0.000434258
0.000420171
0.00040668
0.000392659
0.000379106
0.000365139
0.000351543
0.000337607
0.000323991
0.000310068
0.00029644
0.000282531
0.000268887
0.000254994
0.000241337
0.000227453
0.00021379
0.000199911
0.000186242
0.00017237
0.000158695
0.000144827
0.000131148
0.000117285
0.000103601
8.97436e-05
7.60527e-05
6.22042e-05
4.84984e-05
3.46724e-05
2.09274e-05
7.19703e-06
0.00334178
0.00306068
0.00309031
0.00298925
0.00297535
0.00292265
0.00289676
0.00286003
0.00283245
0.00280226
0.00277567
0.00274884
0.00272371
0.00269899
0.00267526
0.00265205
0.00262952
0.0026075
0.00258601
0.00256496
0.00254435
0.00252413
0.00250427
0.00248476
0.00246557
0.00244668
0.00242808
0.00240975
0.00239166
0.00237379
0.00235613
0.00233868
0.00232144
0.00230442
0.00228765
0.00227115
0.00225493
0.00223902
0.00222342
0.00220815
0.00219321
0.00217858
0.00216426
0.00215023
0.00213645
0.00212288
0.00210947
0.00209618
0.00208295
0.00206974
0.00205652
0.00204326
0.00202994
0.00201656
0.00200311
0.0019896
0.00197603
0.00196242
0.00194876
0.00193508
0.00192137
0.00190764
0.0018939
0.00188014
0.00186639
0.00185262
0.00183886
0.00182509
0.00181132
0.00179755
0.00178377
0.00177
0.00175623
0.00174246
0.00172869
0.00171491
0.00170114
0.00168737
0.0016736
0.00165982
0.00164605
0.00163228
0.00161851
0.00160474
0.00159096
0.00157719
0.00156342
0.00154965
0.00153587
0.0015221
0.00150833
0.00149456
0.00148078
0.00146702
0.00145323
0.00143948
0.00142569
0.00141194
0.00139814
0.0013844
0.00137059
0.00135686
0.00134303
0.00132933
0.00131547
0.0013018
0.00128791
0.00127427
0.00126035
0.00124674
0.00123279
0.00121922
0.00120522
0.0011917
0.00117765
0.00116418
0.00115008
0.00113666
0.00112252
0.00110913
0.00109496
0.0010816
0.0010674
0.00105406
0.00103985
0.00102652
0.00101231
0.000998966
0.000984781
0.000971404
0.000957258
0.000943834
0.000929742
0.000916257
0.000902233
0.000888676
0.000874727
0.000861092
0.000847222
0.000833508
0.000819715
0.000805928
0.000792204
0.000778353
0.000764685
0.000750787
0.000737158
0.00072323
0.000709622
0.000695678
0.000682083
0.000668128
0.000654546
0.000640572
0.000627017
0.000613008
0.000599497
0.000585436
0.000571981
0.000557864
0.00054446
0.0005303
0.00051693
0.000502748
0.000489386
0.00047521
0.000461828
0.000447685
0.000434258
0.000420171
0.00040668
0.00039266
0.000379105
0.000365139
0.000351543
0.000337607
0.000323991
0.000310068
0.00029644
0.000282531
0.000268887
0.000254994
0.000241337
0.000227453
0.00021379
0.000199911
0.000186242
0.00017237
0.000158695
0.000144827
0.000131148
0.000117285
0.000103601
8.97436e-05
7.60528e-05
6.22041e-05
4.84992e-05
3.46726e-05
2.09361e-05
7.20632e-06
0.00334451
0.00305939
0.00308971
0.00298895
0.00297516
0.00292254
0.00289668
0.00285996
0.0028324
0.00280222
0.00277563
0.00274881
0.00272369
0.00269897
0.00267524
0.00265203
0.00262951
0.00260749
0.002586
0.00256495
0.00254434
0.00252412
0.00250426
0.00248475
0.00246556
0.00244668
0.00242808
0.00240974
0.00239165
0.00237378
0.00235613
0.00233867
0.00232143
0.00230442
0.00228765
0.00227114
0.00225493
0.00223902
0.00222342
0.00220815
0.0021932
0.00217858
0.00216426
0.00215023
0.00213645
0.00212288
0.00210947
0.00209618
0.00208295
0.00206974
0.00205652
0.00204326
0.00202994
0.00201656
0.00200311
0.0019896
0.00197603
0.00196242
0.00194876
0.00193508
0.00192137
0.00190764
0.0018939
0.00188014
0.00186639
0.00185262
0.00183886
0.00182509
0.00181132
0.00179755
0.00178377
0.00177
0.00175623
0.00174246
0.00172869
0.00171491
0.00170114
0.00168737
0.0016736
0.00165982
0.00164605
0.00163228
0.00161851
0.00160474
0.00159096
0.00157719
0.00156342
0.00154965
0.00153587
0.0015221
0.00150833
0.00149456
0.00148078
0.00146702
0.00145323
0.00143948
0.00142569
0.00141194
0.00139814
0.0013844
0.00137059
0.00135686
0.00134303
0.00132933
0.00131547
0.0013018
0.00128791
0.00127427
0.00126035
0.00124674
0.00123279
0.00121922
0.00120522
0.0011917
0.00117765
0.00116418
0.00115008
0.00113666
0.00112252
0.00110913
0.00109496
0.0010816
0.0010674
0.00105406
0.00103985
0.00102652
0.00101231
0.000998966
0.000984781
0.000971404
0.000957258
0.000943834
0.000929742
0.000916257
0.000902233
0.000888676
0.000874727
0.000861092
0.000847222
0.000833508
0.000819715
0.000805928
0.000792204
0.000778353
0.000764685
0.000750787
0.000737158
0.00072323
0.000709622
0.000695678
0.000682083
0.000668128
0.000654546
0.000640572
0.000627017
0.000613008
0.000599497
0.000585436
0.00057198
0.000557864
0.00054446
0.0005303
0.00051693
0.000502748
0.000489386
0.00047521
0.000461828
0.000447685
0.000434258
0.000420171
0.00040668
0.00039266
0.000379105
0.000365139
0.000351543
0.000337607
0.000323991
0.000310068
0.00029644
0.000282531
0.000268887
0.000254994
0.000241337
0.000227453
0.00021379
0.000199911
0.000186242
0.00017237
0.000158695
0.000144827
0.000131148
0.000117285
0.000103601
8.97436e-05
7.60528e-05
6.2204e-05
4.85e-05
3.46728e-05
2.09434e-05
7.21423e-06
0.00334735
0.00305803
0.00308908
0.00298863
0.00297497
0.00292242
0.0028966
0.0028599
0.00283235
0.00280218
0.0027756
0.00274878
0.00272367
0.00269895
0.00267522
0.00265202
0.0026295
0.00260748
0.00258599
0.00256494
0.00254433
0.00252411
0.00250426
0.00248474
0.00246556
0.00244667
0.00242807
0.00240974
0.00239165
0.00237378
0.00235612
0.00233867
0.00232143
0.00230442
0.00228765
0.00227114
0.00225493
0.00223901
0.00222342
0.00220815
0.0021932
0.00217858
0.00216426
0.00215023
0.00213645
0.00212288
0.00210947
0.00209618
0.00208295
0.00206974
0.00205652
0.00204326
0.00202994
0.00201656
0.00200311
0.0019896
0.00197603
0.00196242
0.00194876
0.00193508
0.00192137
0.00190764
0.0018939
0.00188014
0.00186639
0.00185262
0.00183886
0.00182509
0.00181132
0.00179755
0.00178377
0.00177
0.00175623
0.00174246
0.00172869
0.00171491
0.00170114
0.00168737
0.0016736
0.00165982
0.00164605
0.00163228
0.00161851
0.00160474
0.00159096
0.00157719
0.00156342
0.00154965
0.00153587
0.0015221
0.00150833
0.00149456
0.00148078
0.00146702
0.00145323
0.00143948
0.00142569
0.00141194
0.00139814
0.0013844
0.00137059
0.00135686
0.00134303
0.00132933
0.00131547
0.0013018
0.00128791
0.00127427
0.00126035
0.00124674
0.00123279
0.00121922
0.00120522
0.0011917
0.00117765
0.00116418
0.00115008
0.00113666
0.00112252
0.00110913
0.00109496
0.0010816
0.0010674
0.00105406
0.00103985
0.00102652
0.00101231
0.000998966
0.000984781
0.000971404
0.000957258
0.000943834
0.000929742
0.000916257
0.000902233
0.000888676
0.000874727
0.000861092
0.000847222
0.000833508
0.000819715
0.000805928
0.000792204
0.000778353
0.000764685
0.000750787
0.000737157
0.00072323
0.000709622
0.000695678
0.000682083
0.000668128
0.000654546
0.000640572
0.000627017
0.000613008
0.000599497
0.000585436
0.00057198
0.000557864
0.00054446
0.0005303
0.000516929
0.000502748
0.000489386
0.00047521
0.000461828
0.000447685
0.000434258
0.000420171
0.00040668
0.00039266
0.000379105
0.000365139
0.000351543
0.000337607
0.000323991
0.000310068
0.00029644
0.000282531
0.000268887
0.000254994
0.000241337
0.000227453
0.00021379
0.000199911
0.000186242
0.00017237
0.000158695
0.000144827
0.000131148
0.000117285
0.000103601
8.97436e-05
7.60529e-05
6.22039e-05
4.85007e-05
3.46729e-05
2.09493e-05
7.22077e-06
0.0033503
0.0030566
0.00308843
0.00298832
0.00297477
0.00292231
0.00289652
0.00285984
0.00283231
0.00280214
0.00277557
0.00274876
0.00272365
0.00269893
0.00267521
0.002652
0.00262949
0.00260747
0.00258598
0.00256493
0.00254433
0.0025241
0.00250425
0.00248474
0.00246555
0.00244667
0.00242807
0.00240974
0.00239165
0.00237378
0.00235612
0.00233867
0.00232143
0.00230441
0.00228764
0.00227114
0.00225492
0.00223901
0.00222342
0.00220815
0.0021932
0.00217858
0.00216426
0.00215023
0.00213645
0.00212288
0.00210947
0.00209618
0.00208295
0.00206974
0.00205652
0.00204326
0.00202994
0.00201656
0.00200311
0.0019896
0.00197603
0.00196242
0.00194876
0.00193508
0.00192137
0.00190764
0.0018939
0.00188014
0.00186639
0.00185262
0.00183886
0.00182509
0.00181132
0.00179755
0.00178377
0.00177
0.00175623
0.00174246
0.00172869
0.00171491
0.00170114
0.00168737
0.0016736
0.00165982
0.00164605
0.00163228
0.00161851
0.00160474
0.00159096
0.00157719
0.00156342
0.00154965
0.00153587
0.0015221
0.00150833
0.00149456
0.00148078
0.00146702
0.00145323
0.00143948
0.00142569
0.00141194
0.00139814
0.0013844
0.00137059
0.00135686
0.00134303
0.00132933
0.00131547
0.0013018
0.00128791
0.00127427
0.00126035
0.00124674
0.00123279
0.00121922
0.00120522
0.0011917
0.00117765
0.00116418
0.00115008
0.00113666
0.00112252
0.00110913
0.00109496
0.0010816
0.0010674
0.00105406
0.00103985
0.00102652
0.00101231
0.000998966
0.000984781
0.000971404
0.000957258
0.000943834
0.000929742
0.000916257
0.000902233
0.000888676
0.000874727
0.000861092
0.000847222
0.000833508
0.000819715
0.000805928
0.000792204
0.000778353
0.000764685
0.000750787
0.000737157
0.00072323
0.000709622
0.000695678
0.000682083
0.000668128
0.000654546
0.000640572
0.000627017
0.000613008
0.000599497
0.000585436
0.00057198
0.000557865
0.00054446
0.0005303
0.000516929
0.000502748
0.000489386
0.00047521
0.000461828
0.000447685
0.000434258
0.000420171
0.00040668
0.00039266
0.000379105
0.000365139
0.000351543
0.000337607
0.000323991
0.000310068
0.00029644
0.000282531
0.000268887
0.000254994
0.000241337
0.000227453
0.00021379
0.000199911
0.000186242
0.00017237
0.000158695
0.000144827
0.000131148
0.000117285
0.000103601
8.97435e-05
7.6053e-05
6.22038e-05
4.85013e-05
3.46729e-05
2.0954e-05
7.22601e-06
0.00335337
0.0030551
0.00308774
0.00298799
0.00297458
0.0029222
0.00289644
0.00285978
0.00283226
0.00280211
0.00277554
0.00274873
0.00272362
0.00269891
0.00267519
0.00265199
0.00262947
0.00260746
0.00258597
0.00256493
0.00254432
0.0025241
0.00250424
0.00248473
0.00246555
0.00244666
0.00242807
0.00240973
0.00239164
0.00237377
0.00235612
0.00233866
0.00232142
0.00230441
0.00228764
0.00227114
0.00225492
0.00223901
0.00222341
0.00220814
0.0021932
0.00217858
0.00216426
0.00215023
0.00213645
0.00212288
0.00210947
0.00209618
0.00208295
0.00206974
0.00205652
0.00204326
0.00202994
0.00201656
0.00200311
0.0019896
0.00197603
0.00196242
0.00194876
0.00193508
0.00192137
0.00190764
0.0018939
0.00188014
0.00186639
0.00185262
0.00183886
0.00182509
0.00181132
0.00179755
0.00178377
0.00177
0.00175623
0.00174246
0.00172869
0.00171491
0.00170114
0.00168737
0.0016736
0.00165982
0.00164605
0.00163228
0.00161851
0.00160474
0.00159096
0.00157719
0.00156342
0.00154965
0.00153587
0.0015221
0.00150833
0.00149456
0.00148078
0.00146702
0.00145323
0.00143948
0.00142569
0.00141194
0.00139814
0.0013844
0.00137059
0.00135686
0.00134303
0.00132933
0.00131547
0.0013018
0.00128791
0.00127427
0.00126035
0.00124674
0.00123279
0.00121922
0.00120522
0.0011917
0.00117765
0.00116418
0.00115008
0.00113666
0.00112252
0.00110913
0.00109496
0.0010816
0.0010674
0.00105406
0.00103985
0.00102652
0.00101231
0.000998966
0.000984781
0.000971404
0.000957258
0.000943834
0.000929742
0.000916257
0.000902233
0.000888676
0.000874727
0.000861092
0.000847222
0.000833508
0.000819715
0.000805928
0.000792204
0.000778353
0.000764685
0.000750787
0.000737157
0.00072323
0.000709622
0.000695678
0.000682083
0.000668128
0.000654546
0.000640572
0.000627017
0.000613008
0.000599497
0.000585436
0.00057198
0.000557865
0.00054446
0.0005303
0.000516929
0.000502748
0.000489386
0.00047521
0.000461828
0.000447685
0.000434258
0.000420171
0.00040668
0.00039266
0.000379105
0.000365139
0.000351543
0.000337607
0.000323991
0.000310068
0.00029644
0.000282532
0.000268887
0.000254994
0.000241337
0.000227453
0.00021379
0.000199911
0.000186242
0.00017237
0.000158695
0.000144827
0.000131148
0.000117285
0.000103601
8.97435e-05
7.60531e-05
6.22038e-05
4.85019e-05
3.46729e-05
2.09575e-05
7.23003e-06
0.00335656
0.00305354
0.00308704
0.00298767
0.00297439
0.00292209
0.00289636
0.00285973
0.00283222
0.00280208
0.00277552
0.00274871
0.00272361
0.0026989
0.00267518
0.00265198
0.00262946
0.00260745
0.00258596
0.00256492
0.00254431
0.00252409
0.00250424
0.00248473
0.00246554
0.00244666
0.00242806
0.00240973
0.00239164
0.00237377
0.00235611
0.00233866
0.00232142
0.00230441
0.00228764
0.00227113
0.00225492
0.00223901
0.00222341
0.00220814
0.0021932
0.00217858
0.00216426
0.00215023
0.00213645
0.00212288
0.00210947
0.00209618
0.00208295
0.00206974
0.00205652
0.00204326
0.00202994
0.00201656
0.00200311
0.0019896
0.00197603
0.00196242
0.00194876
0.00193508
0.00192137
0.00190764
0.0018939
0.00188014
0.00186639
0.00185262
0.00183886
0.00182509
0.00181132
0.00179755
0.00178377
0.00177
0.00175623
0.00174246
0.00172869
0.00171491
0.00170114
0.00168737
0.0016736
0.00165982
0.00164605
0.00163228
0.00161851
0.00160474
0.00159096
0.00157719
0.00156342
0.00154965
0.00153587
0.0015221
0.00150833
0.00149456
0.00148078
0.00146702
0.00145323
0.00143948
0.00142569
0.00141194
0.00139814
0.0013844
0.00137059
0.00135686
0.00134303
0.00132933
0.00131547
0.0013018
0.00128791
0.00127427
0.00126035
0.00124674
0.00123279
0.00121922
0.00120522
0.0011917
0.00117765
0.00116418
0.00115008
0.00113666
0.00112252
0.00110913
0.00109496
0.0010816
0.0010674
0.00105406
0.00103985
0.00102652
0.00101231
0.000998966
0.000984781
0.000971404
0.000957258
0.000943834
0.000929742
0.000916257
0.000902233
0.000888676
0.000874727
0.000861092
0.000847222
0.000833508
0.000819715
0.000805928
0.000792204
0.000778353
0.000764685
0.000750787
0.000737157
0.00072323
0.000709622
0.000695678
0.000682083
0.000668128
0.000654546
0.000640572
0.000627017
0.000613008
0.000599497
0.000585436
0.00057198
0.000557865
0.00054446
0.0005303
0.000516929
0.000502748
0.000489386
0.00047521
0.000461828
0.000447685
0.000434258
0.000420171
0.00040668
0.00039266
0.000379105
0.000365139
0.000351543
0.000337607
0.000323991
0.000310068
0.00029644
0.000282532
0.000268887
0.000254994
0.000241337
0.000227453
0.00021379
0.000199911
0.000186242
0.00017237
0.000158695
0.000144827
0.000131148
0.000117285
0.000103601
8.97435e-05
7.60531e-05
6.22037e-05
4.85024e-05
3.46728e-05
2.096e-05
7.23296e-06
0.00335987
0.00305192
0.00308632
0.00298736
0.00297421
0.00292199
0.00289629
0.00285968
0.00283218
0.00280204
0.00277549
0.00274869
0.00272359
0.00269888
0.00267516
0.00265197
0.00262945
0.00260744
0.00258595
0.00256491
0.0025443
0.00252408
0.00250423
0.00248472
0.00246554
0.00244665
0.00242806
0.00240972
0.00239163
0.00237377
0.00235611
0.00233866
0.00232142
0.0023044
0.00228764
0.00227113
0.00225492
0.00223901
0.00222341
0.00220814
0.0021932
0.00217858
0.00216426
0.00215023
0.00213645
0.00212288
0.00210947
0.00209618
0.00208295
0.00206974
0.00205652
0.00204326
0.00202994
0.00201656
0.00200311
0.0019896
0.00197603
0.00196242
0.00194876
0.00193508
0.00192137
0.00190764
0.0018939
0.00188014
0.00186639
0.00185262
0.00183886
0.00182509
0.00181132
0.00179755
0.00178377
0.00177
0.00175623
0.00174246
0.00172869
0.00171491
0.00170114
0.00168737
0.0016736
0.00165982
0.00164605
0.00163228
0.00161851
0.00160474
0.00159096
0.00157719
0.00156342
0.00154965
0.00153587
0.0015221
0.00150833
0.00149456
0.00148078
0.00146702
0.00145323
0.00143948
0.00142569
0.00141194
0.00139814
0.0013844
0.00137059
0.00135686
0.00134303
0.00132933
0.00131547
0.0013018
0.00128791
0.00127427
0.00126035
0.00124674
0.00123279
0.00121922
0.00120522
0.0011917
0.00117765
0.00116418
0.00115008
0.00113666
0.00112252
0.00110913
0.00109496
0.0010816
0.0010674
0.00105406
0.00103985
0.00102652
0.00101231
0.000998966
0.000984781
0.000971404
0.000957258
0.000943834
0.000929742
0.000916257
0.000902233
0.000888676
0.000874727
0.000861092
0.000847222
0.000833508
0.000819715
0.000805928
0.000792204
0.000778353
0.000764685
0.000750787
0.000737157
0.00072323
0.000709622
0.000695678
0.000682083
0.000668128
0.000654546
0.000640572
0.000627017
0.000613008
0.000599497
0.000585436
0.00057198
0.000557865
0.00054446
0.0005303
0.000516929
0.000502748
0.000489386
0.00047521
0.000461828
0.000447685
0.000434258
0.000420171
0.00040668
0.00039266
0.000379105
0.000365139
0.000351543
0.000337607
0.000323991
0.000310068
0.00029644
0.000282532
0.000268887
0.000254994
0.000241337
0.000227453
0.00021379
0.000199911
0.000186242
0.00017237
0.000158695
0.000144827
0.000131148
0.000117285
0.000103601
8.97435e-05
7.60532e-05
6.22036e-05
4.85028e-05
3.46727e-05
2.09617e-05
7.23493e-06
0.00336334
0.00305026
0.0030856
0.00298706
0.00297404
0.00292189
0.00289623
0.00285963
0.00283215
0.00280202
0.00277547
0.00274867
0.00272357
0.00269887
0.00267515
0.00265196
0.00262944
0.00260743
0.00258595
0.0025649
0.0025443
0.00252408
0.00250423
0.00248472
0.00246553
0.00244665
0.00242805
0.00240972
0.00239163
0.00237376
0.00235611
0.00233866
0.00232142
0.0023044
0.00228763
0.00227113
0.00225492
0.002239
0.00222341
0.00220814
0.0021932
0.00217857
0.00216426
0.00215023
0.00213645
0.00212288
0.00210947
0.00209618
0.00208295
0.00206974
0.00205652
0.00204326
0.00202994
0.00201656
0.00200311
0.0019896
0.00197603
0.00196242
0.00194876
0.00193508
0.00192137
0.00190764
0.0018939
0.00188014
0.00186639
0.00185262
0.00183886
0.00182509
0.00181132
0.00179755
0.00178377
0.00177
0.00175623
0.00174246
0.00172869
0.00171491
0.00170114
0.00168737
0.0016736
0.00165982
0.00164605
0.00163228
0.00161851
0.00160474
0.00159096
0.00157719
0.00156342
0.00154965
0.00153587
0.0015221
0.00150833
0.00149456
0.00148078
0.00146702
0.00145323
0.00143948
0.00142569
0.00141194
0.00139814
0.0013844
0.00137059
0.00135686
0.00134303
0.00132933
0.00131547
0.0013018
0.00128791
0.00127427
0.00126035
0.00124674
0.00123279
0.00121922
0.00120522
0.0011917
0.00117765
0.00116418
0.00115008
0.00113666
0.00112252
0.00110913
0.00109496
0.0010816
0.0010674
0.00105406
0.00103985
0.00102652
0.00101231
0.000998966
0.000984781
0.000971404
0.000957258
0.000943834
0.000929742
0.000916257
0.000902233
0.000888676
0.000874727
0.000861092
0.000847222
0.000833508
0.000819715
0.000805928
0.000792204
0.000778353
0.000764685
0.000750787
0.000737157
0.00072323
0.000709622
0.000695678
0.000682083
0.000668128
0.000654546
0.000640572
0.000627017
0.000613008
0.000599497
0.000585436
0.00057198
0.000557865
0.00054446
0.000530301
0.000516929
0.000502748
0.000489386
0.00047521
0.000461828
0.000447685
0.000434258
0.000420171
0.00040668
0.00039266
0.000379105
0.000365139
0.000351543
0.000337607
0.000323991
0.000310068
0.00029644
0.000282532
0.000268887
0.000254994
0.000241337
0.000227453
0.00021379
0.000199911
0.000186242
0.00017237
0.000158695
0.000144827
0.000131148
0.000117285
0.000103601
8.97435e-05
7.60532e-05
6.22036e-05
4.85031e-05
3.46725e-05
2.09626e-05
7.23611e-06
0.00336701
0.00304858
0.00308489
0.00298678
0.00297389
0.00292181
0.00289617
0.00285959
0.00283212
0.00280199
0.00277545
0.00274865
0.00272356
0.00269885
0.00267514
0.00265195
0.00262944
0.00260742
0.00258594
0.0025649
0.00254429
0.00252407
0.00250422
0.00248471
0.00246553
0.00244665
0.00242805
0.00240972
0.00239163
0.00237376
0.0023561
0.00233865
0.00232141
0.0023044
0.00228763
0.00227113
0.00225491
0.002239
0.00222341
0.00220814
0.0021932
0.00217857
0.00216426
0.00215023
0.00213645
0.00212288
0.00210947
0.00209618
0.00208295
0.00206974
0.00205652
0.00204326
0.00202994
0.00201656
0.00200311
0.0019896
0.00197603
0.00196242
0.00194876
0.00193508
0.00192137
0.00190764
0.0018939
0.00188014
0.00186639
0.00185262
0.00183886
0.00182509
0.00181132
0.00179755
0.00178377
0.00177
0.00175623
0.00174246
0.00172869
0.00171491
0.00170114
0.00168737
0.0016736
0.00165982
0.00164605
0.00163228
0.00161851
0.00160474
0.00159096
0.00157719
0.00156342
0.00154965
0.00153587
0.0015221
0.00150833
0.00149456
0.00148078
0.00146702
0.00145323
0.00143948
0.00142569
0.00141194
0.00139814
0.0013844
0.00137059
0.00135686
0.00134303
0.00132933
0.00131547
0.0013018
0.00128791
0.00127427
0.00126035
0.00124674
0.00123279
0.00121922
0.00120522
0.0011917
0.00117765
0.00116418
0.00115008
0.00113666
0.00112252
0.00110913
0.00109496
0.0010816
0.0010674
0.00105406
0.00103985
0.00102652
0.00101231
0.000998966
0.000984781
0.000971404
0.000957258
0.000943834
0.000929742
0.000916257
0.000902233
0.000888676
0.000874727
0.000861092
0.000847222
0.000833508
0.000819715
0.000805928
0.000792204
0.000778353
0.000764685
0.000750787
0.000737157
0.00072323
0.000709622
0.000695678
0.000682083
0.000668128
0.000654546
0.000640572
0.000627017
0.000613008
0.000599497
0.000585436
0.00057198
0.000557865
0.00054446
0.000530301
0.000516929
0.000502748
0.000489386
0.00047521
0.000461828
0.000447685
0.000434258
0.000420171
0.00040668
0.00039266
0.000379105
0.000365139
0.000351543
0.000337607
0.000323991
0.000310068
0.00029644
0.000282532
0.000268887
0.000254994
0.000241337
0.000227453
0.00021379
0.000199911
0.000186242
0.00017237
0.000158695
0.000144827
0.000131148
0.000117285
0.000103601
8.97435e-05
7.60532e-05
6.22036e-05
4.85034e-05
3.46723e-05
2.0963e-05
7.23664e-06
0.00337092
0.00304692
0.00308422
0.00298654
0.00297375
0.00292173
0.00289612
0.00285955
0.00283209
0.00280197
0.00277543
0.00274864
0.00272354
0.00269884
0.00267513
0.00265194
0.00262943
0.00260741
0.00258593
0.00256489
0.00254429
0.00252407
0.00250422
0.00248471
0.00246552
0.00244664
0.00242805
0.00240971
0.00239162
0.00237376
0.0023561
0.00233865
0.00232141
0.0023044
0.00228763
0.00227113
0.00225491
0.002239
0.00222341
0.00220814
0.0021932
0.00217857
0.00216426
0.00215023
0.00213645
0.00212288
0.00210947
0.00209618
0.00208295
0.00206974
0.00205652
0.00204326
0.00202994
0.00201656
0.00200311
0.0019896
0.00197603
0.00196242
0.00194876
0.00193508
0.00192137
0.00190764
0.0018939
0.00188014
0.00186639
0.00185262
0.00183886
0.00182509
0.00181132
0.00179755
0.00178377
0.00177
0.00175623
0.00174246
0.00172869
0.00171491
0.00170114
0.00168737
0.0016736
0.00165982
0.00164605
0.00163228
0.00161851
0.00160474
0.00159096
0.00157719
0.00156342
0.00154965
0.00153587
0.0015221
0.00150833
0.00149456
0.00148078
0.00146702
0.00145323
0.00143948
0.00142569
0.00141194
0.00139814
0.0013844
0.00137059
0.00135686
0.00134303
0.00132933
0.00131547
0.0013018
0.00128791
0.00127427
0.00126035
0.00124674
0.00123279
0.00121922
0.00120522
0.0011917
0.00117765
0.00116418
0.00115008
0.00113666
0.00112252
0.00110913
0.00109496
0.0010816
0.0010674
0.00105406
0.00103985
0.00102652
0.00101231
0.000998966
0.000984781
0.000971404
0.000957258
0.000943834
0.000929742
0.000916257
0.000902233
0.000888676
0.000874727
0.000861092
0.000847222
0.000833508
0.000819715
0.000805928
0.000792204
0.000778353
0.000764685
0.000750787
0.000737157
0.00072323
0.000709622
0.000695678
0.000682083
0.000668128
0.000654546
0.000640572
0.000627017
0.000613008
0.000599497
0.000585436
0.00057198
0.000557865
0.00054446
0.000530301
0.000516929
0.000502748
0.000489386
0.00047521
0.000461828
0.000447685
0.000434258
0.000420171
0.00040668
0.00039266
0.000379105
0.000365139
0.000351543
0.000337607
0.000323991
0.000310068
0.00029644
0.000282532
0.000268887
0.000254994
0.000241337
0.000227453
0.00021379
0.000199911
0.000186242
0.00017237
0.000158695
0.000144827
0.000131148
0.000117285
0.000103601
8.97435e-05
7.60533e-05
6.22035e-05
4.85036e-05
3.46722e-05
2.0963e-05
7.23671e-06
0.00337518
0.00304531
0.00308361
0.00298632
0.00297363
0.00292167
0.00289607
0.00285952
0.00283206
0.00280194
0.00277541
0.00274862
0.00272353
0.00269883
0.00267512
0.00265193
0.00262942
0.00260741
0.00258592
0.00256489
0.00254428
0.00252406
0.00250421
0.0024847
0.00246552
0.00244664
0.00242804
0.00240971
0.00239162
0.00237375
0.0023561
0.00233865
0.00232141
0.0023044
0.00228763
0.00227113
0.00225491
0.002239
0.00222341
0.00220814
0.0021932
0.00217857
0.00216426
0.00215023
0.00213645
0.00212288
0.00210947
0.00209618
0.00208295
0.00206974
0.00205652
0.00204326
0.00202994
0.00201656
0.00200311
0.0019896
0.00197603
0.00196242
0.00194876
0.00193508
0.00192137
0.00190764
0.0018939
0.00188014
0.00186639
0.00185262
0.00183886
0.00182509
0.00181132
0.00179755
0.00178377
0.00177
0.00175623
0.00174246
0.00172869
0.00171491
0.00170114
0.00168737
0.0016736
0.00165982
0.00164605
0.00163228
0.00161851
0.00160474
0.00159096
0.00157719
0.00156342
0.00154965
0.00153587
0.0015221
0.00150833
0.00149456
0.00148078
0.00146702
0.00145323
0.00143948
0.00142569
0.00141194
0.00139814
0.0013844
0.00137059
0.00135686
0.00134303
0.00132933
0.00131547
0.0013018
0.00128791
0.00127427
0.00126035
0.00124674
0.00123279
0.00121922
0.00120522
0.0011917
0.00117765
0.00116418
0.00115008
0.00113666
0.00112252
0.00110913
0.00109496
0.0010816
0.0010674
0.00105406
0.00103985
0.00102652
0.00101231
0.000998966
0.000984781
0.000971404
0.000957258
0.000943834
0.000929742
0.000916257
0.000902233
0.000888676
0.000874727
0.000861092
0.000847222
0.000833508
0.000819715
0.000805928
0.000792204
0.000778353
0.000764685
0.000750787
0.000737157
0.00072323
0.000709622
0.000695678
0.000682083
0.000668128
0.000654546
0.000640572
0.000627017
0.000613008
0.000599497
0.000585436
0.00057198
0.000557865
0.00054446
0.000530301
0.000516929
0.000502748
0.000489386
0.00047521
0.000461828
0.000447685
0.000434258
0.000420171
0.00040668
0.00039266
0.000379105
0.000365139
0.000351543
0.000337607
0.000323991
0.000310068
0.00029644
0.000282532
0.000268887
0.000254994
0.000241337
0.000227453
0.00021379
0.000199911
0.000186242
0.00017237
0.000158695
0.000144827
0.000131148
0.000117285
0.000103601
8.97435e-05
7.60533e-05
6.22035e-05
4.85038e-05
3.4672e-05
2.09629e-05
7.23646e-06
0.00337989
0.00304383
0.00308308
0.00298614
0.00297353
0.00292161
0.00289603
0.00285948
0.00283203
0.00280192
0.00277539
0.00274861
0.00272352
0.00269882
0.00267511
0.00265192
0.00262941
0.0026074
0.00258592
0.00256488
0.00254427
0.00252406
0.00250421
0.0024847
0.00246551
0.00244663
0.00242804
0.00240971
0.00239162
0.00237375
0.0023561
0.00233865
0.00232141
0.00230439
0.00228762
0.00227112
0.00225491
0.002239
0.00222341
0.00220814
0.0021932
0.00217857
0.00216426
0.00215023
0.00213645
0.00212288
0.00210948
0.00209618
0.00208295
0.00206974
0.00205652
0.00204326
0.00202994
0.00201656
0.00200311
0.0019896
0.00197603
0.00196242
0.00194876
0.00193508
0.00192137
0.00190764
0.0018939
0.00188014
0.00186639
0.00185262
0.00183886
0.00182509
0.00181132
0.00179755
0.00178377
0.00177
0.00175623
0.00174246
0.00172869
0.00171491
0.00170114
0.00168737
0.0016736
0.00165982
0.00164605
0.00163228
0.00161851
0.00160474
0.00159096
0.00157719
0.00156342
0.00154965
0.00153587
0.0015221
0.00150833
0.00149456
0.00148078
0.00146702
0.00145323
0.00143948
0.00142569
0.00141194
0.00139814
0.0013844
0.00137059
0.00135686
0.00134303
0.00132933
0.00131547
0.0013018
0.00128791
0.00127427
0.00126035
0.00124674
0.00123279
0.00121922
0.00120522
0.0011917
0.00117765
0.00116418
0.00115008
0.00113666
0.00112252
0.00110913
0.00109496
0.0010816
0.0010674
0.00105406
0.00103985
0.00102652
0.00101231
0.000998966
0.000984781
0.000971404
0.000957258
0.000943834
0.000929742
0.000916257
0.000902233
0.000888676
0.000874727
0.000861092
0.000847222
0.000833508
0.000819715
0.000805928
0.000792204
0.000778353
0.000764685
0.000750787
0.000737157
0.00072323
0.000709622
0.000695679
0.000682083
0.000668128
0.000654546
0.000640572
0.000627017
0.000613008
0.000599497
0.000585437
0.00057198
0.000557865
0.00054446
0.000530301
0.000516929
0.000502749
0.000489385
0.00047521
0.000461828
0.000447685
0.000434258
0.000420171
0.00040668
0.00039266
0.000379105
0.000365139
0.000351543
0.000337607
0.000323991
0.000310068
0.00029644
0.000282532
0.000268887
0.000254994
0.000241337
0.000227453
0.00021379
0.000199911
0.000186242
0.00017237
0.000158695
0.000144827
0.000131148
0.000117285
0.000103601
8.97435e-05
7.60533e-05
6.22035e-05
4.85039e-05
3.46719e-05
2.09626e-05
7.23604e-06
0.00338518
0.00304252
0.00308264
0.00298599
0.00297345
0.00292156
0.00289599
0.00285945
0.00283201
0.0028019
0.00277537
0.00274859
0.0027235
0.00269881
0.0026751
0.00265191
0.0026294
0.00260739
0.00258591
0.00256487
0.00254427
0.00252405
0.0025042
0.00248469
0.00246551
0.00244663
0.00242803
0.0024097
0.00239161
0.00237375
0.00235609
0.00233864
0.0023214
0.00230439
0.00228762
0.00227112
0.00225491
0.002239
0.00222341
0.00220814
0.0021932
0.00217857
0.00216426
0.00215023
0.00213645
0.00212288
0.00210948
0.00209618
0.00208295
0.00206975
0.00205652
0.00204326
0.00202994
0.00201656
0.00200311
0.0019896
0.00197603
0.00196242
0.00194876
0.00193508
0.00192137
0.00190764
0.0018939
0.00188014
0.00186639
0.00185262
0.00183886
0.00182509
0.00181132
0.00179755
0.00178377
0.00177
0.00175623
0.00174246
0.00172869
0.00171491
0.00170114
0.00168737
0.0016736
0.00165982
0.00164605
0.00163228
0.00161851
0.00160474
0.00159096
0.00157719
0.00156342
0.00154965
0.00153587
0.0015221
0.00150833
0.00149456
0.00148078
0.00146702
0.00145323
0.00143948
0.00142569
0.00141194
0.00139814
0.0013844
0.00137059
0.00135686
0.00134303
0.00132933
0.00131547
0.0013018
0.00128792
0.00127427
0.00126035
0.00124674
0.00123279
0.00121922
0.00120522
0.0011917
0.00117765
0.00116418
0.00115008
0.00113666
0.00112252
0.00110913
0.00109496
0.0010816
0.0010674
0.00105406
0.00103985
0.00102652
0.00101231
0.000998966
0.000984781
0.000971404
0.000957258
0.000943834
0.000929742
0.000916257
0.000902233
0.000888676
0.000874727
0.000861092
0.000847222
0.000833508
0.000819715
0.000805928
0.000792204
0.000778354
0.000764685
0.000750787
0.000737157
0.00072323
0.000709622
0.000695679
0.000682083
0.000668128
0.000654546
0.000640572
0.000627017
0.000613008
0.000599497
0.000585437
0.00057198
0.000557865
0.00054446
0.000530301
0.000516929
0.000502749
0.000489385
0.00047521
0.000461828
0.000447685
0.000434258
0.000420171
0.00040668
0.00039266
0.000379105
0.000365139
0.000351543
0.000337607
0.000323991
0.000310068
0.00029644
0.000282532
0.000268887
0.000254994
0.000241337
0.000227453
0.00021379
0.000199911
0.000186242
0.00017237
0.000158695
0.000144827
0.000131148
0.000117285
0.000103601
8.97435e-05
7.60533e-05
6.22035e-05
4.8504e-05
3.46718e-05
2.09624e-05
7.23559e-06
0.00339127
0.00304144
0.00308228
0.00298587
0.00297336
0.00292151
0.00289595
0.00285942
0.00283198
0.00280188
0.00277536
0.00274858
0.00272349
0.00269879
0.00267509
0.0026519
0.00262939
0.00260738
0.0025859
0.00256487
0.00254426
0.00252404
0.0025042
0.00248469
0.00246551
0.00244663
0.00242803
0.0024097
0.00239161
0.00237374
0.00235609
0.00233864
0.0023214
0.00230439
0.00228762
0.00227112
0.00225491
0.002239
0.0022234
0.00220814
0.0021932
0.00217857
0.00216426
0.00215023
0.00213645
0.00212288
0.00210948
0.00209618
0.00208295
0.00206975
0.00205652
0.00204326
0.00202994
0.00201656
0.00200311
0.0019896
0.00197603
0.00196242
0.00194876
0.00193508
0.00192137
0.00190764
0.0018939
0.00188014
0.00186639
0.00185262
0.00183886
0.00182509
0.00181132
0.00179755
0.00178377
0.00177
0.00175623
0.00174246
0.00172869
0.00171491
0.00170114
0.00168737
0.0016736
0.00165982
0.00164605
0.00163228
0.00161851
0.00160474
0.00159096
0.00157719
0.00156342
0.00154965
0.00153587
0.0015221
0.00150833
0.00149456
0.00148078
0.00146702
0.00145324
0.00143948
0.00142569
0.00141194
0.00139814
0.0013844
0.00137059
0.00135686
0.00134303
0.00132933
0.00131547
0.0013018
0.00128792
0.00127427
0.00126035
0.00124674
0.00123279
0.00121922
0.00120522
0.0011917
0.00117765
0.00116418
0.00115008
0.00113666
0.00112252
0.00110913
0.00109496
0.0010816
0.0010674
0.00105406
0.00103985
0.00102652
0.00101231
0.000998966
0.000984781
0.000971404
0.000957258
0.000943834
0.000929742
0.000916257
0.000902233
0.000888676
0.000874727
0.000861092
0.000847222
0.000833508
0.000819715
0.000805928
0.000792203
0.000778354
0.000764685
0.000750787
0.000737157
0.00072323
0.000709622
0.000695679
0.000682083
0.000668128
0.000654546
0.000640572
0.000627017
0.000613008
0.000599496
0.000585437
0.00057198
0.000557865
0.000544459
0.000530301
0.000516929
0.000502749
0.000489385
0.00047521
0.000461828
0.000447685
0.000434258
0.000420171
0.00040668
0.00039266
0.000379105
0.00036514
0.000351543
0.000337607
0.000323991
0.000310068
0.00029644
0.000282532
0.000268887
0.000254994
0.000241337
0.000227453
0.00021379
0.000199911
0.000186242
0.00017237
0.000158695
0.000144827
0.000131148
0.000117285
0.000103601
8.97435e-05
7.60533e-05
6.22035e-05
4.8504e-05
3.46716e-05
2.09623e-05
7.2352e-06
0.00339838
0.0030406
0.00308197
0.00298575
0.00297328
0.00292146
0.00289591
0.00285939
0.00283196
0.00280186
0.00277534
0.00274856
0.00272347
0.00269878
0.00267508
0.00265189
0.00262938
0.00260737
0.00258589
0.00256486
0.00254425
0.00252404
0.00250419
0.00248468
0.0024655
0.00244662
0.00242803
0.00240969
0.00239161
0.00237374
0.00235608
0.00233864
0.0023214
0.00230438
0.00228762
0.00227112
0.0022549
0.00223899
0.0022234
0.00220814
0.00219319
0.00217857
0.00216426
0.00215023
0.00213645
0.00212288
0.00210948
0.00209618
0.00208295
0.00206975
0.00205652
0.00204326
0.00202994
0.00201656
0.00200311
0.0019896
0.00197603
0.00196242
0.00194876
0.00193508
0.00192137
0.00190764
0.0018939
0.00188014
0.00186639
0.00185262
0.00183886
0.00182509
0.00181132
0.00179755
0.00178377
0.00177
0.00175623
0.00174246
0.00172869
0.00171491
0.00170114
0.00168737
0.0016736
0.00165982
0.00164605
0.00163228
0.00161851
0.00160474
0.00159096
0.00157719
0.00156342
0.00154965
0.00153587
0.0015221
0.00150833
0.00149456
0.00148078
0.00146702
0.00145324
0.00143948
0.00142569
0.00141194
0.00139814
0.0013844
0.00137059
0.00135686
0.00134303
0.00132933
0.00131547
0.0013018
0.00128792
0.00127427
0.00126035
0.00124674
0.00123279
0.00121922
0.00120522
0.0011917
0.00117765
0.00116418
0.00115008
0.00113666
0.00112252
0.00110913
0.00109496
0.0010816
0.0010674
0.00105406
0.00103985
0.00102652
0.00101231
0.000998966
0.000984781
0.000971404
0.000957258
0.000943834
0.000929742
0.000916257
0.000902233
0.000888676
0.000874727
0.000861092
0.000847222
0.000833508
0.000819715
0.000805928
0.000792203
0.000778354
0.000764685
0.000750787
0.000737157
0.00072323
0.000709622
0.000695679
0.000682083
0.000668128
0.000654546
0.000640573
0.000627017
0.000613008
0.000599496
0.000585437
0.00057198
0.000557865
0.000544459
0.000530301
0.000516929
0.000502749
0.000489385
0.00047521
0.000461828
0.000447685
0.000434258
0.000420171
0.00040668
0.00039266
0.000379105
0.00036514
0.000351543
0.000337607
0.000323991
0.000310068
0.00029644
0.000282532
0.000268887
0.000254994
0.000241337
0.000227453
0.00021379
0.000199911
0.000186242
0.00017237
0.000158695
0.000144827
0.000131148
0.000117285
0.000103601
8.97435e-05
7.60533e-05
6.22035e-05
4.85041e-05
3.46715e-05
2.09624e-05
7.23497e-06
0.00340559
0.00304004
0.00308173
0.00298563
0.00297321
0.00292141
0.00289587
0.00285936
0.00283193
0.00280184
0.00277532
0.00274854
0.00272346
0.00269877
0.00267506
0.00265188
0.00262937
0.00260737
0.00258589
0.00256485
0.00254425
0.00252403
0.00250418
0.00248468
0.00246549
0.00244662
0.00242802
0.00240969
0.0023916
0.00237374
0.00235608
0.00233863
0.00232139
0.00230438
0.00228761
0.00227111
0.0022549
0.00223899
0.0022234
0.00220813
0.00219319
0.00217857
0.00216426
0.00215023
0.00213645
0.00212288
0.00210948
0.00209618
0.00208296
0.00206975
0.00205652
0.00204326
0.00202994
0.00201656
0.00200311
0.0019896
0.00197603
0.00196242
0.00194876
0.00193508
0.00192137
0.00190764
0.0018939
0.00188014
0.00186639
0.00185262
0.00183886
0.00182509
0.00181132
0.00179755
0.00178377
0.00177
0.00175623
0.00174246
0.00172869
0.00171491
0.00170114
0.00168737
0.0016736
0.00165982
0.00164605
0.00163228
0.00161851
0.00160474
0.00159096
0.00157719
0.00156342
0.00154965
0.00153587
0.0015221
0.00150833
0.00149456
0.00148078
0.00146702
0.00145324
0.00143948
0.00142569
0.00141194
0.00139814
0.0013844
0.00137059
0.00135686
0.00134303
0.00132933
0.00131547
0.0013018
0.00128792
0.00127427
0.00126035
0.00124674
0.00123279
0.00121922
0.00120522
0.0011917
0.00117765
0.00116418
0.00115008
0.00113666
0.00112252
0.00110913
0.00109496
0.0010816
0.0010674
0.00105406
0.00103985
0.00102652
0.00101231
0.000998966
0.000984781
0.000971404
0.000957258
0.000943834
0.000929742
0.000916257
0.000902233
0.000888676
0.000874727
0.000861092
0.000847222
0.000833508
0.000819715
0.000805928
0.000792203
0.000778354
0.000764685
0.000750787
0.000737157
0.00072323
0.000709622
0.000695679
0.000682083
0.000668128
0.000654546
0.000640572
0.000627017
0.000613008
0.000599496
0.000585437
0.00057198
0.000557865
0.00054446
0.000530301
0.000516929
0.000502749
0.000489385
0.00047521
0.000461828
0.000447685
0.000434258
0.000420171
0.00040668
0.000392659
0.000379105
0.000365139
0.000351543
0.000337607
0.000323991
0.000310068
0.00029644
0.000282532
0.000268887
0.000254994
0.000241337
0.000227453
0.00021379
0.000199911
0.000186242
0.00017237
0.000158695
0.000144827
0.000131148
0.000117285
0.000103601
8.97435e-05
7.60533e-05
6.22034e-05
4.85041e-05
3.46713e-05
2.09626e-05
7.23498e-06
)
;

boundaryField
{
    inlet
    {
        type            zeroGradient;
    }
    outlet
    {
        type            fixedValue;
        value           uniform 0;
    }
    wall
    {
        type            zeroGradient;
    }
    axis
    {
        type            symmetryPlane;
    }
    frontAndBack
    {
        type            empty;
    }
}


// ************************************************************************* //
