/*--------------------------------*- C++ -*----------------------------------*\
| =========                 |                                                 |
| \\      /  F ield         | OpenFOAM: The Open Source CFD Toolbox           |
|  \\    /   O peration     | Version:  2412                                  |
|   \\  /    A nd           | Website:  www.openfoam.com                      |
|    \\/     M anipulation  |                                                 |
\*---------------------------------------------------------------------------*/
FoamFile
{
    version     2.0;
    format      ascii;
    arch        "LSB;label=32;scalar=64";
    class       volScalarField;
    location    "783";
    object      p;
}
// * * * * * * * * * * * * * * * * * * * * * * * * * * * * * * * * * * * * * //

dimensions      [0 2 -2 0 0 0 0];

internalField   nonuniform List<scalar> 
8000
(
0.00307205
0.0028374
0.00285924
0.00275521
0.00274005
0.00268639
0.00266017
0.00262316
0.00259545
0.00256513
0.00253847
0.00251156
0.0024864
0.00246162
0.00243786
0.00241461
0.00239207
0.00237002
0.00234852
0.00232744
0.00230682
0.00228658
0.00226672
0.00224719
0.002228
0.0022091
0.00219049
0.00217213
0.00215405
0.00213619
0.00211856
0.00210115
0.00208395
0.00206693
0.00205011
0.00203346
0.00201699
0.00200067
0.00198452
0.00196851
0.00195265
0.00193692
0.00192133
0.00190587
0.00189053
0.00187531
0.00186021
0.00184521
0.00183033
0.00181554
0.00180087
0.00178628
0.00177179
0.00175739
0.00174308
0.00172885
0.00171471
0.00170064
0.00168666
0.00167274
0.00165891
0.00164514
0.00163144
0.00161781
0.00160425
0.00159074
0.0015773
0.00156392
0.0015506
0.00153733
0.00152412
0.00151096
0.00149786
0.0014848
0.00147179
0.00145883
0.00144592
0.00143305
0.00142023
0.00140745
0.00139471
0.00138201
0.00136935
0.00135673
0.00134414
0.00133159
0.00131908
0.0013066
0.00129416
0.00128174
0.00126936
0.00125701
0.00124469
0.0012324
0.00122014
0.0012079
0.00119569
0.00118351
0.00117136
0.00115922
0.00114712
0.00113503
0.00112297
0.00111093
0.00109891
0.00108691
0.00107494
0.00106298
0.00105105
0.00103913
0.00102723
0.00101534
0.00100348
0.000991631
0.000979802
0.000967985
0.000956187
0.0009444
0.000932632
0.000920875
0.000909135
0.000897406
0.000885692
0.000873989
0.000862301
0.000850622
0.000838958
0.000827303
0.000815662
0.000804028
0.000792408
0.000780796
0.000769196
0.000757604
0.000746023
0.00073445
0.000722887
0.000711331
0.000699786
0.000688247
0.000676719
0.000665195
0.000653682
0.000642174
0.000630675
0.000619181
0.000607696
0.000596214
0.000584742
0.000573274
0.000561814
0.000550357
0.000538909
0.000527464
0.000516028
0.000504594
0.000493168
0.000481745
0.00047033
0.000458917
0.000447512
0.000436108
0.000424712
0.000413316
0.000401926
0.000390537
0.000379153
0.000367769
0.000356389
0.00034501
0.000333635
0.000322261
0.000310891
0.000299523
0.000288161
0.000276801
0.000265449
0.000254099
0.000242758
0.000231421
0.000220094
0.00020877
0.000197456
0.000186145
0.000174844
0.000163544
0.000152254
0.000140965
0.000129681
0.0001184
0.00010712
9.58446e-05
8.45682e-05
7.32934e-05
6.20194e-05
5.07443e-05
3.94694e-05
2.81946e-05
1.69149e-05
5.63986e-06
0.00307215
0.00283739
0.00285919
0.00275521
0.00274003
0.00268639
0.00266016
0.00262316
0.00259544
0.00256513
0.00253847
0.00251156
0.00248639
0.00246162
0.00243786
0.00241461
0.00239207
0.00237002
0.00234852
0.00232744
0.00230682
0.00228658
0.00226672
0.00224719
0.002228
0.00220909
0.00219049
0.00217213
0.00215405
0.00213619
0.00211856
0.00210115
0.00208395
0.00206693
0.00205011
0.00203346
0.00201699
0.00200067
0.00198452
0.00196851
0.00195265
0.00193692
0.00192133
0.00190587
0.00189053
0.00187531
0.00186021
0.00184521
0.00183033
0.00181554
0.00180087
0.00178628
0.00177179
0.00175739
0.00174308
0.00172885
0.00171471
0.00170064
0.00168666
0.00167274
0.00165891
0.00164514
0.00163144
0.00161781
0.00160425
0.00159074
0.0015773
0.00156392
0.0015506
0.00153733
0.00152412
0.00151096
0.00149786
0.0014848
0.00147179
0.00145883
0.00144592
0.00143305
0.00142023
0.00140745
0.00139471
0.00138201
0.00136935
0.00135673
0.00134414
0.00133159
0.00131908
0.0013066
0.00129416
0.00128174
0.00126936
0.00125701
0.00124469
0.0012324
0.00122014
0.0012079
0.00119569
0.00118351
0.00117136
0.00115922
0.00114712
0.00113503
0.00112297
0.00111093
0.00109891
0.00108691
0.00107494
0.00106298
0.00105105
0.00103913
0.00102723
0.00101534
0.00100348
0.000991631
0.000979802
0.000967985
0.000956187
0.0009444
0.000932632
0.000920875
0.000909135
0.000897406
0.000885692
0.000873989
0.000862301
0.000850622
0.000838958
0.000827303
0.000815661
0.000804028
0.000792408
0.000780796
0.000769196
0.000757604
0.000746023
0.00073445
0.000722887
0.000711331
0.000699786
0.000688247
0.000676719
0.000665195
0.000653682
0.000642174
0.000630675
0.000619181
0.000607696
0.000596214
0.000584742
0.000573274
0.000561814
0.000550357
0.000538909
0.000527464
0.000516028
0.000504594
0.000493168
0.000481745
0.00047033
0.000458917
0.000447512
0.000436108
0.000424712
0.000413316
0.000401926
0.000390537
0.000379153
0.000367769
0.000356389
0.00034501
0.000333635
0.000322261
0.000310891
0.000299523
0.000288161
0.000276801
0.000265448
0.000254099
0.000242758
0.000231421
0.000220094
0.00020877
0.000197456
0.000186145
0.000174844
0.000163544
0.000152254
0.000140964
0.000129681
0.0001184
0.00010712
9.58446e-05
8.45682e-05
7.32934e-05
6.20194e-05
5.07443e-05
3.94694e-05
2.81947e-05
1.69149e-05
5.63985e-06
0.00307235
0.0028373
0.00285915
0.00275519
0.00274001
0.00268638
0.00266016
0.00262315
0.00259544
0.00256513
0.00253846
0.00251156
0.00248639
0.00246161
0.00243786
0.00241461
0.00239207
0.00237002
0.00234851
0.00232744
0.00230682
0.00228658
0.00226672
0.00224719
0.002228
0.00220909
0.00219049
0.00217213
0.00215404
0.00213619
0.00211856
0.00210115
0.00208394
0.00206693
0.00205011
0.00203346
0.00201699
0.00200067
0.00198452
0.00196851
0.00195265
0.00193692
0.00192133
0.00190587
0.00189053
0.00187531
0.00186021
0.00184521
0.00183033
0.00181554
0.00180087
0.00178628
0.00177179
0.00175739
0.00174308
0.00172885
0.00171471
0.00170064
0.00168666
0.00167274
0.00165891
0.00164514
0.00163144
0.00161781
0.00160425
0.00159074
0.0015773
0.00156392
0.0015506
0.00153733
0.00152412
0.00151096
0.00149786
0.0014848
0.00147179
0.00145883
0.00144592
0.00143305
0.00142023
0.00140745
0.00139471
0.00138201
0.00136935
0.00135673
0.00134414
0.00133159
0.00131908
0.0013066
0.00129416
0.00128174
0.00126936
0.00125701
0.00124469
0.0012324
0.00122014
0.0012079
0.00119569
0.00118351
0.00117136
0.00115922
0.00114712
0.00113503
0.00112297
0.00111093
0.00109891
0.00108691
0.00107494
0.00106298
0.00105105
0.00103913
0.00102723
0.00101534
0.00100348
0.000991631
0.000979802
0.000967985
0.000956187
0.0009444
0.000932632
0.000920875
0.000909135
0.000897406
0.000885692
0.000873989
0.000862301
0.000850622
0.000838958
0.000827303
0.000815661
0.000804028
0.000792408
0.000780796
0.000769196
0.000757604
0.000746023
0.00073445
0.000722887
0.000711331
0.000699786
0.000688247
0.000676719
0.000665195
0.000653682
0.000642174
0.000630675
0.000619181
0.000607696
0.000596214
0.000584742
0.000573274
0.000561814
0.000550357
0.000538909
0.000527464
0.000516028
0.000504594
0.000493168
0.000481745
0.00047033
0.000458917
0.000447512
0.000436108
0.000424712
0.000413316
0.000401926
0.000390537
0.000379153
0.000367769
0.000356389
0.00034501
0.000333635
0.000322261
0.000310891
0.000299523
0.000288161
0.000276801
0.000265448
0.000254099
0.000242758
0.000231421
0.000220094
0.00020877
0.000197456
0.000186145
0.000174844
0.000163544
0.000152254
0.000140964
0.000129681
0.0001184
0.00010712
9.58446e-05
8.45682e-05
7.32934e-05
6.20194e-05
5.07443e-05
3.94694e-05
2.81947e-05
1.69149e-05
5.63986e-06
0.00307267
0.00283716
0.00285908
0.00275516
0.00273999
0.00268637
0.00266014
0.00262314
0.00259543
0.00256512
0.00253846
0.00251155
0.00248639
0.00246161
0.00243785
0.00241461
0.00239207
0.00237001
0.00234851
0.00232744
0.00230682
0.00228658
0.00226672
0.00224719
0.002228
0.00220909
0.00219048
0.00217213
0.00215404
0.00213618
0.00211856
0.00210115
0.00208394
0.00206693
0.00205011
0.00203346
0.00201698
0.00200067
0.00198452
0.00196851
0.00195265
0.00193692
0.00192133
0.00190587
0.00189053
0.00187531
0.00186021
0.00184521
0.00183033
0.00181554
0.00180086
0.00178628
0.00177179
0.00175739
0.00174308
0.00172885
0.00171471
0.00170064
0.00168665
0.00167274
0.00165891
0.00164514
0.00163144
0.00161781
0.00160425
0.00159074
0.0015773
0.00156392
0.0015506
0.00153733
0.00152412
0.00151096
0.00149786
0.0014848
0.00147179
0.00145883
0.00144592
0.00143305
0.00142023
0.00140745
0.00139471
0.00138201
0.00136935
0.00135673
0.00134414
0.00133159
0.00131908
0.0013066
0.00129416
0.00128174
0.00126936
0.00125701
0.00124469
0.0012324
0.00122014
0.0012079
0.00119569
0.00118351
0.00117136
0.00115922
0.00114712
0.00113503
0.00112297
0.00111093
0.00109891
0.00108691
0.00107494
0.00106298
0.00105105
0.00103913
0.00102723
0.00101534
0.00100348
0.000991631
0.000979802
0.000967985
0.000956187
0.0009444
0.000932632
0.000920875
0.000909135
0.000897405
0.000885692
0.000873989
0.000862301
0.000850622
0.000838958
0.000827303
0.000815661
0.000804028
0.000792408
0.000780796
0.000769196
0.000757604
0.000746023
0.00073445
0.000722887
0.000711331
0.000699786
0.000688247
0.000676719
0.000665195
0.000653682
0.000642174
0.000630675
0.000619181
0.000607696
0.000596214
0.000584742
0.000573274
0.000561814
0.000550357
0.000538909
0.000527464
0.000516028
0.000504594
0.000493168
0.000481745
0.00047033
0.000458917
0.000447512
0.000436108
0.000424712
0.000413316
0.000401926
0.000390537
0.000379153
0.000367769
0.000356389
0.00034501
0.000333635
0.000322261
0.000310891
0.000299523
0.000288161
0.000276801
0.000265448
0.000254099
0.000242758
0.000231421
0.000220094
0.00020877
0.000197456
0.000186145
0.000174844
0.000163544
0.000152254
0.000140964
0.000129681
0.0001184
0.00010712
9.58445e-05
8.45682e-05
7.32934e-05
6.20194e-05
5.07443e-05
3.94694e-05
2.81947e-05
1.6915e-05
5.63992e-06
0.00307309
0.00283698
0.002859
0.00275511
0.00273996
0.00268635
0.00266013
0.00262313
0.00259542
0.00256511
0.00253845
0.00251155
0.00248638
0.00246161
0.00243785
0.0024146
0.00239206
0.00237001
0.00234851
0.00232744
0.00230682
0.00228657
0.00226672
0.00224719
0.00222799
0.00220909
0.00219048
0.00217213
0.00215404
0.00213618
0.00211856
0.00210114
0.00208394
0.00206693
0.00205011
0.00203346
0.00201698
0.00200067
0.00198451
0.0019685
0.00195265
0.00193692
0.00192133
0.00190587
0.00189053
0.00187531
0.00186021
0.00184521
0.00183033
0.00181554
0.00180086
0.00178628
0.00177179
0.00175739
0.00174308
0.00172885
0.0017147
0.00170064
0.00168665
0.00167274
0.00165891
0.00164514
0.00163144
0.00161781
0.00160425
0.00159074
0.0015773
0.00156392
0.0015506
0.00153733
0.00152412
0.00151096
0.00149786
0.0014848
0.00147179
0.00145883
0.00144592
0.00143305
0.00142023
0.00140745
0.00139471
0.00138201
0.00136935
0.00135673
0.00134414
0.00133159
0.00131908
0.0013066
0.00129416
0.00128174
0.00126936
0.00125701
0.00124469
0.0012324
0.00122014
0.0012079
0.00119569
0.00118351
0.00117136
0.00115922
0.00114712
0.00113503
0.00112297
0.00111093
0.00109891
0.00108691
0.00107494
0.00106298
0.00105105
0.00103913
0.00102723
0.00101534
0.00100348
0.000991631
0.000979801
0.000967985
0.000956186
0.0009444
0.000932632
0.000920875
0.000909135
0.000897405
0.000885692
0.000873989
0.000862301
0.000850622
0.000838958
0.000827303
0.000815661
0.000804028
0.000792408
0.000780796
0.000769196
0.000757604
0.000746023
0.00073445
0.000722887
0.000711331
0.000699786
0.000688247
0.000676719
0.000665195
0.000653682
0.000642174
0.000630675
0.00061918
0.000607696
0.000596214
0.000584742
0.000573274
0.000561814
0.000550357
0.000538909
0.000527464
0.000516028
0.000504594
0.000493168
0.000481745
0.00047033
0.000458917
0.000447512
0.000436108
0.000424712
0.000413316
0.000401926
0.000390537
0.000379153
0.000367769
0.000356389
0.00034501
0.000333635
0.000322261
0.000310891
0.000299523
0.000288161
0.000276801
0.000265448
0.000254099
0.000242758
0.000231421
0.000220094
0.00020877
0.000197456
0.000186145
0.000174844
0.000163544
0.000152254
0.000140964
0.000129681
0.0001184
0.00010712
9.58445e-05
8.45682e-05
7.32934e-05
6.20194e-05
5.07443e-05
3.94694e-05
2.81947e-05
1.6915e-05
5.64e-06
0.00307362
0.00283675
0.0028589
0.00275505
0.00273992
0.00268633
0.00266011
0.00262312
0.00259541
0.0025651
0.00253844
0.00251154
0.00248638
0.0024616
0.00243785
0.0024146
0.00239206
0.00237001
0.0023485
0.00232743
0.00230681
0.00228657
0.00226671
0.00224718
0.00222799
0.00220909
0.00219048
0.00217213
0.00215404
0.00213618
0.00211856
0.00210114
0.00208394
0.00206693
0.0020501
0.00203345
0.00201698
0.00200067
0.00198451
0.0019685
0.00195264
0.00193692
0.00192133
0.00190586
0.00189053
0.00187531
0.00186021
0.00184521
0.00183033
0.00181554
0.00180086
0.00178628
0.00177179
0.00175738
0.00174308
0.00172885
0.0017147
0.00170064
0.00168665
0.00167274
0.00165891
0.00164514
0.00163144
0.00161781
0.00160425
0.00159074
0.0015773
0.00156392
0.0015506
0.00153733
0.00152412
0.00151096
0.00149786
0.0014848
0.00147179
0.00145883
0.00144592
0.00143305
0.00142023
0.00140745
0.00139471
0.00138201
0.00136935
0.00135673
0.00134414
0.00133159
0.00131908
0.0013066
0.00129416
0.00128174
0.00126936
0.00125701
0.00124469
0.0012324
0.00122014
0.0012079
0.00119569
0.00118351
0.00117136
0.00115922
0.00114712
0.00113503
0.00112297
0.00111093
0.00109891
0.00108691
0.00107494
0.00106298
0.00105105
0.00103913
0.00102723
0.00101534
0.00100348
0.000991631
0.000979801
0.000967984
0.000956186
0.0009444
0.000932632
0.000920875
0.000909135
0.000897405
0.000885692
0.000873989
0.000862301
0.000850622
0.000838958
0.000827303
0.000815661
0.000804028
0.000792408
0.000780796
0.000769196
0.000757604
0.000746023
0.00073445
0.000722887
0.000711331
0.000699786
0.000688247
0.000676719
0.000665195
0.000653682
0.000642173
0.000630675
0.00061918
0.000607696
0.000596214
0.000584742
0.000573274
0.000561814
0.000550357
0.000538909
0.000527464
0.000516028
0.000504594
0.000493168
0.000481745
0.00047033
0.000458917
0.000447512
0.000436108
0.000424712
0.000413316
0.000401926
0.000390537
0.000379153
0.000367769
0.000356389
0.00034501
0.000333635
0.000322261
0.000310891
0.000299523
0.000288161
0.000276801
0.000265448
0.000254099
0.000242758
0.000231421
0.000220094
0.00020877
0.000197456
0.000186145
0.000174844
0.000163544
0.000152254
0.000140964
0.000129681
0.0001184
0.00010712
9.58445e-05
8.45682e-05
7.32934e-05
6.20194e-05
5.07443e-05
3.94694e-05
2.81947e-05
1.69151e-05
5.6401e-06
0.00307424
0.00283648
0.00285877
0.00275498
0.00273987
0.0026863
0.00266009
0.0026231
0.0025954
0.00256509
0.00253843
0.00251153
0.00248637
0.00246159
0.00243784
0.00241459
0.00239205
0.00237
0.0023485
0.00232743
0.00230681
0.00228657
0.00226671
0.00224718
0.00222799
0.00220909
0.00219048
0.00217213
0.00215404
0.00213618
0.00211856
0.00210114
0.00208394
0.00206692
0.0020501
0.00203345
0.00201698
0.00200066
0.00198451
0.0019685
0.00195264
0.00193692
0.00192133
0.00190586
0.00189053
0.00187531
0.00186021
0.00184521
0.00183033
0.00181554
0.00180086
0.00178627
0.00177179
0.00175738
0.00174307
0.00172885
0.0017147
0.00170064
0.00168665
0.00167274
0.00165891
0.00164514
0.00163144
0.00161781
0.00160425
0.00159074
0.0015773
0.00156392
0.0015506
0.00153733
0.00152412
0.00151096
0.00149786
0.0014848
0.00147179
0.00145883
0.00144592
0.00143305
0.00142023
0.00140745
0.00139471
0.00138201
0.00136935
0.00135672
0.00134414
0.00133159
0.00131908
0.0013066
0.00129416
0.00128174
0.00126936
0.00125701
0.00124469
0.0012324
0.00122014
0.0012079
0.00119569
0.00118351
0.00117135
0.00115922
0.00114711
0.00113503
0.00112297
0.00111093
0.00109891
0.00108691
0.00107494
0.00106298
0.00105104
0.00103913
0.00102723
0.00101534
0.00100348
0.000991631
0.000979801
0.000967984
0.000956186
0.0009444
0.000932632
0.000920875
0.000909135
0.000897405
0.000885692
0.000873989
0.000862301
0.000850622
0.000838958
0.000827303
0.000815661
0.000804028
0.000792408
0.000780796
0.000769196
0.000757604
0.000746023
0.00073445
0.000722887
0.000711331
0.000699786
0.000688247
0.000676718
0.000665195
0.000653682
0.000642173
0.000630675
0.00061918
0.000607696
0.000596214
0.000584742
0.000573274
0.000561814
0.000550357
0.000538909
0.000527464
0.000516028
0.000504594
0.000493168
0.000481745
0.00047033
0.000458917
0.000447512
0.000436108
0.000424712
0.000413316
0.000401926
0.000390537
0.000379153
0.000367769
0.000356389
0.00034501
0.000333635
0.000322261
0.000310891
0.000299523
0.000288161
0.000276801
0.000265448
0.000254099
0.000242758
0.000231421
0.000220094
0.00020877
0.000197456
0.000186145
0.000174844
0.000163544
0.000152254
0.000140964
0.000129681
0.0001184
0.00010712
9.58445e-05
8.45682e-05
7.32934e-05
6.20194e-05
5.07443e-05
3.94694e-05
2.81947e-05
1.69153e-05
5.64023e-06
0.00307498
0.00283616
0.00285863
0.00275489
0.00273981
0.00268626
0.00266006
0.00262308
0.00259538
0.00256508
0.00253842
0.00251152
0.00248636
0.00246158
0.00243783
0.00241458
0.00239205
0.00237
0.00234849
0.00232742
0.00230681
0.00228656
0.00226671
0.00224718
0.00222799
0.00220908
0.00219047
0.00217212
0.00215403
0.00213618
0.00211855
0.00210114
0.00208394
0.00206692
0.0020501
0.00203345
0.00201698
0.00200066
0.00198451
0.0019685
0.00195264
0.00193691
0.00192133
0.00190586
0.00189053
0.00187531
0.0018602
0.00184521
0.00183033
0.00181554
0.00180086
0.00178627
0.00177179
0.00175738
0.00174307
0.00172884
0.0017147
0.00170064
0.00168665
0.00167274
0.0016589
0.00164514
0.00163144
0.00161781
0.00160424
0.00159074
0.0015773
0.00156392
0.0015506
0.00153733
0.00152412
0.00151096
0.00149785
0.0014848
0.00147179
0.00145883
0.00144592
0.00143305
0.00142023
0.00140745
0.00139471
0.00138201
0.00136935
0.00135672
0.00134414
0.00133159
0.00131908
0.0013066
0.00129416
0.00128174
0.00126936
0.00125701
0.00124469
0.0012324
0.00122014
0.0012079
0.00119569
0.00118351
0.00117135
0.00115922
0.00114711
0.00113503
0.00112297
0.00111093
0.00109891
0.00108691
0.00107494
0.00106298
0.00105104
0.00103913
0.00102723
0.00101534
0.00100348
0.000991631
0.000979801
0.000967984
0.000956186
0.0009444
0.000932632
0.000920875
0.000909135
0.000897405
0.000885692
0.000873988
0.000862301
0.000850622
0.000838958
0.000827303
0.000815661
0.000804028
0.000792408
0.000780796
0.000769196
0.000757604
0.000746023
0.000734449
0.000722887
0.000711331
0.000699786
0.000688247
0.000676718
0.000665195
0.000653682
0.000642173
0.000630675
0.00061918
0.000607695
0.000596214
0.000584742
0.000573274
0.000561814
0.000550357
0.000538909
0.000527464
0.000516028
0.000504593
0.000493168
0.000481745
0.00047033
0.000458917
0.000447512
0.000436108
0.000424712
0.000413316
0.000401926
0.000390537
0.000379153
0.000367769
0.000356389
0.00034501
0.000333635
0.000322261
0.000310891
0.000299523
0.000288161
0.000276801
0.000265448
0.000254099
0.000242758
0.000231421
0.000220094
0.000208769
0.000197456
0.000186145
0.000174844
0.000163544
0.000152254
0.000140964
0.000129681
0.0001184
0.00010712
9.58445e-05
8.45682e-05
7.32934e-05
6.20194e-05
5.07443e-05
3.94694e-05
2.81947e-05
1.69154e-05
5.64038e-06
0.00307582
0.00283579
0.00285846
0.00275479
0.00273975
0.00268623
0.00266003
0.00262306
0.00259536
0.00256506
0.00253841
0.00251151
0.00248635
0.00246157
0.00243782
0.00241458
0.00239204
0.00236999
0.00234849
0.00232742
0.0023068
0.00228656
0.0022667
0.00224717
0.00222798
0.00220908
0.00219047
0.00217212
0.00215403
0.00213617
0.00211855
0.00210114
0.00208393
0.00206692
0.0020501
0.00203345
0.00201698
0.00200066
0.00198451
0.0019685
0.00195264
0.00193691
0.00192133
0.00190586
0.00189053
0.0018753
0.0018602
0.00184521
0.00183032
0.00181554
0.00180086
0.00178627
0.00177178
0.00175738
0.00174307
0.00172884
0.0017147
0.00170064
0.00168665
0.00167274
0.0016589
0.00164514
0.00163144
0.00161781
0.00160424
0.00159074
0.0015773
0.00156392
0.0015506
0.00153733
0.00152412
0.00151096
0.00149785
0.0014848
0.00147179
0.00145883
0.00144592
0.00143305
0.00142023
0.00140745
0.00139471
0.00138201
0.00136935
0.00135672
0.00134414
0.00133159
0.00131908
0.0013066
0.00129416
0.00128174
0.00126936
0.00125701
0.00124469
0.0012324
0.00122014
0.0012079
0.00119569
0.00118351
0.00117135
0.00115922
0.00114711
0.00113503
0.00112297
0.00111093
0.00109891
0.00108691
0.00107494
0.00106298
0.00105104
0.00103912
0.00102723
0.00101534
0.00100348
0.000991631
0.000979801
0.000967984
0.000956186
0.0009444
0.000932632
0.000920875
0.000909135
0.000897405
0.000885692
0.000873988
0.0008623
0.000850622
0.000838958
0.000827302
0.000815661
0.000804028
0.000792408
0.000780796
0.000769196
0.000757604
0.000746023
0.000734449
0.000722887
0.000711331
0.000699786
0.000688247
0.000676718
0.000665195
0.000653682
0.000642173
0.000630675
0.00061918
0.000607695
0.000596214
0.000584742
0.000573273
0.000561814
0.000550357
0.000538909
0.000527464
0.000516028
0.000504593
0.000493168
0.000481745
0.00047033
0.000458917
0.000447512
0.000436108
0.000424712
0.000413316
0.000401926
0.000390537
0.000379153
0.000367769
0.000356389
0.00034501
0.000333635
0.000322261
0.000310891
0.000299523
0.000288161
0.000276801
0.000265448
0.000254099
0.000242758
0.000231421
0.000220093
0.000208769
0.000197456
0.000186144
0.000174844
0.000163544
0.000152254
0.000140964
0.000129681
0.0001184
0.00010712
9.58445e-05
8.45682e-05
7.32934e-05
6.20194e-05
5.07443e-05
3.94695e-05
2.81947e-05
1.69156e-05
5.64055e-06
0.00307677
0.00283538
0.00285828
0.00275468
0.00273967
0.00268618
0.00266
0.00262303
0.00259534
0.00256504
0.00253839
0.00251149
0.00248634
0.00246156
0.00243781
0.00241457
0.00239203
0.00236998
0.00234848
0.00232741
0.00230679
0.00228655
0.0022667
0.00224717
0.00222798
0.00220907
0.00219047
0.00217212
0.00215403
0.00213617
0.00211855
0.00210113
0.00208393
0.00206692
0.0020501
0.00203345
0.00201697
0.00200066
0.00198451
0.0019685
0.00195264
0.00193691
0.00192132
0.00190586
0.00189052
0.0018753
0.0018602
0.00184521
0.00183032
0.00181554
0.00180086
0.00178627
0.00177178
0.00175738
0.00174307
0.00172884
0.0017147
0.00170064
0.00168665
0.00167274
0.0016589
0.00164513
0.00163144
0.00161781
0.00160424
0.00159074
0.0015773
0.00156392
0.0015506
0.00153733
0.00152412
0.00151096
0.00149785
0.0014848
0.00147179
0.00145883
0.00144592
0.00143305
0.00142023
0.00140744
0.00139471
0.00138201
0.00136935
0.00135672
0.00134414
0.00133159
0.00131908
0.0013066
0.00129416
0.00128174
0.00126936
0.00125701
0.00124469
0.0012324
0.00122014
0.0012079
0.00119569
0.00118351
0.00117135
0.00115922
0.00114711
0.00113503
0.00112297
0.00111093
0.00109891
0.00108691
0.00107494
0.00106298
0.00105104
0.00103912
0.00102723
0.00101534
0.00100348
0.000991631
0.000979801
0.000967984
0.000956186
0.0009444
0.000932632
0.000920874
0.000909134
0.000897405
0.000885692
0.000873988
0.0008623
0.000850622
0.000838958
0.000827302
0.000815661
0.000804028
0.000792408
0.000780796
0.000769196
0.000757603
0.000746023
0.000734449
0.000722887
0.000711331
0.000699786
0.000688247
0.000676718
0.000665195
0.000653682
0.000642173
0.000630675
0.00061918
0.000607695
0.000596214
0.000584742
0.000573273
0.000561814
0.000550357
0.000538909
0.000527464
0.000516027
0.000504593
0.000493168
0.000481745
0.00047033
0.000458917
0.000447512
0.000436108
0.000424712
0.000413316
0.000401926
0.000390537
0.000379153
0.000367769
0.000356389
0.00034501
0.000333635
0.000322261
0.000310891
0.000299523
0.00028816
0.000276801
0.000265448
0.000254098
0.000242758
0.000231421
0.000220093
0.000208769
0.000197456
0.000186144
0.000174844
0.000163544
0.000152253
0.000140964
0.000129681
0.0001184
0.00010712
9.58445e-05
8.45681e-05
7.32934e-05
6.20194e-05
5.07443e-05
3.94695e-05
2.81947e-05
1.69157e-05
5.64074e-06
0.00307782
0.00283492
0.00285807
0.00275456
0.00273959
0.00268613
0.00265996
0.002623
0.00259532
0.00256502
0.00253837
0.00251148
0.00248632
0.00246155
0.0024378
0.00241456
0.00239202
0.00236997
0.00234847
0.0023274
0.00230679
0.00228655
0.00226669
0.00224716
0.00222797
0.00220907
0.00219046
0.00217211
0.00215402
0.00213617
0.00211854
0.00210113
0.00208393
0.00206691
0.00205009
0.00203344
0.00201697
0.00200066
0.0019845
0.00196849
0.00195264
0.00193691
0.00192132
0.00190586
0.00189052
0.0018753
0.0018602
0.0018452
0.00183032
0.00181554
0.00180086
0.00178627
0.00177178
0.00175738
0.00174307
0.00172884
0.0017147
0.00170063
0.00168665
0.00167274
0.0016589
0.00164513
0.00163144
0.00161781
0.00160424
0.00159074
0.0015773
0.00156392
0.0015506
0.00153733
0.00152412
0.00151096
0.00149785
0.0014848
0.00147179
0.00145883
0.00144592
0.00143305
0.00142023
0.00140744
0.00139471
0.00138201
0.00136935
0.00135672
0.00134414
0.00133159
0.00131908
0.0013066
0.00129415
0.00128174
0.00126936
0.00125701
0.00124469
0.0012324
0.00122014
0.0012079
0.00119569
0.00118351
0.00117135
0.00115922
0.00114711
0.00113503
0.00112297
0.00111093
0.00109891
0.00108691
0.00107494
0.00106298
0.00105104
0.00103912
0.00102723
0.00101534
0.00100348
0.00099163
0.000979801
0.000967984
0.000956186
0.0009444
0.000932631
0.000920874
0.000909134
0.000897405
0.000885692
0.000873988
0.0008623
0.000850622
0.000838958
0.000827302
0.000815661
0.000804028
0.000792408
0.000780796
0.000769196
0.000757603
0.000746023
0.000734449
0.000722887
0.000711331
0.000699786
0.000688247
0.000676718
0.000665195
0.000653682
0.000642173
0.000630675
0.00061918
0.000607695
0.000596214
0.000584742
0.000573273
0.000561814
0.000550357
0.000538909
0.000527464
0.000516027
0.000504593
0.000493168
0.000481745
0.00047033
0.000458917
0.000447512
0.000436108
0.000424712
0.000413316
0.000401926
0.000390537
0.000379153
0.000367769
0.000356389
0.00034501
0.000333635
0.000322261
0.000310891
0.000299523
0.00028816
0.0002768
0.000265448
0.000254098
0.000242758
0.000231421
0.000220093
0.000208769
0.000197456
0.000186144
0.000174843
0.000163544
0.000152253
0.000140964
0.000129681
0.0001184
0.00010712
9.58445e-05
8.45681e-05
7.32934e-05
6.20194e-05
5.07443e-05
3.94695e-05
2.81948e-05
1.69159e-05
5.64093e-06
0.00307898
0.00283441
0.00285784
0.00275442
0.00273951
0.00268608
0.00265992
0.00262297
0.00259529
0.002565
0.00253836
0.00251146
0.00248631
0.00246154
0.00243779
0.00241455
0.00239201
0.00236996
0.00234847
0.0023274
0.00230678
0.00228654
0.00226668
0.00224716
0.00222797
0.00220906
0.00219046
0.00217211
0.00215402
0.00213616
0.00211854
0.00210113
0.00208392
0.00206691
0.00205009
0.00203344
0.00201697
0.00200065
0.0019845
0.00196849
0.00195263
0.00193691
0.00192132
0.00190586
0.00189052
0.0018753
0.0018602
0.0018452
0.00183032
0.00181554
0.00180086
0.00178627
0.00177178
0.00175738
0.00174307
0.00172884
0.0017147
0.00170063
0.00168665
0.00167274
0.0016589
0.00164513
0.00163144
0.00161781
0.00160424
0.00159074
0.0015773
0.00156392
0.0015506
0.00153733
0.00152412
0.00151096
0.00149785
0.0014848
0.00147179
0.00145883
0.00144592
0.00143305
0.00142023
0.00140744
0.0013947
0.001382
0.00136935
0.00135672
0.00134414
0.00133159
0.00131908
0.0013066
0.00129415
0.00128174
0.00126936
0.00125701
0.00124469
0.0012324
0.00122014
0.0012079
0.00119569
0.00118351
0.00117135
0.00115922
0.00114711
0.00113503
0.00112297
0.00111093
0.00109891
0.00108691
0.00107494
0.00106298
0.00105104
0.00103912
0.00102723
0.00101534
0.00100348
0.00099163
0.000979801
0.000967984
0.000956186
0.000944399
0.000932631
0.000920874
0.000909134
0.000897405
0.000885691
0.000873988
0.0008623
0.000850621
0.000838957
0.000827302
0.000815661
0.000804028
0.000792408
0.000780795
0.000769196
0.000757603
0.000746023
0.000734449
0.000722887
0.000711331
0.000699786
0.000688247
0.000676718
0.000665195
0.000653682
0.000642173
0.000630675
0.00061918
0.000607695
0.000596214
0.000584742
0.000573273
0.000561814
0.000550357
0.000538909
0.000527464
0.000516027
0.000504593
0.000493168
0.000481745
0.00047033
0.000458917
0.000447512
0.000436108
0.000424712
0.000413316
0.000401926
0.000390537
0.000379153
0.000367769
0.000356389
0.00034501
0.000333635
0.000322261
0.000310891
0.000299523
0.00028816
0.0002768
0.000265448
0.000254098
0.000242758
0.00023142
0.000220093
0.000208769
0.000197456
0.000186144
0.000174843
0.000163544
0.000152253
0.000140964
0.000129681
0.0001184
0.00010712
9.58444e-05
8.45681e-05
7.32934e-05
6.20194e-05
5.07443e-05
3.94695e-05
2.81948e-05
1.69161e-05
5.64113e-06
0.00308024
0.00283385
0.00285758
0.00275428
0.00273941
0.00268602
0.00265988
0.00262294
0.00259526
0.00256498
0.00253833
0.00251145
0.00248629
0.00246152
0.00243778
0.00241453
0.002392
0.00236995
0.00234846
0.00232739
0.00230677
0.00228653
0.00226668
0.00224715
0.00222796
0.00220906
0.00219045
0.0021721
0.00215402
0.00213616
0.00211854
0.00210112
0.00208392
0.00206691
0.00205009
0.00203344
0.00201697
0.00200065
0.0019845
0.00196849
0.00195263
0.00193691
0.00192132
0.00190585
0.00189052
0.0018753
0.0018602
0.0018452
0.00183032
0.00181553
0.00180086
0.00178627
0.00177178
0.00175738
0.00174307
0.00172884
0.0017147
0.00170063
0.00168665
0.00167274
0.0016589
0.00164513
0.00163144
0.0016178
0.00160424
0.00159074
0.0015773
0.00156392
0.0015506
0.00153733
0.00152412
0.00151096
0.00149785
0.0014848
0.00147179
0.00145883
0.00144592
0.00143305
0.00142023
0.00140744
0.0013947
0.001382
0.00136935
0.00135672
0.00134414
0.00133159
0.00131908
0.0013066
0.00129415
0.00128174
0.00126936
0.00125701
0.00124469
0.0012324
0.00122014
0.0012079
0.00119569
0.00118351
0.00117135
0.00115922
0.00114711
0.00113503
0.00112297
0.00111093
0.00109891
0.00108691
0.00107494
0.00106298
0.00105104
0.00103912
0.00102723
0.00101534
0.00100348
0.00099163
0.0009798
0.000967984
0.000956185
0.000944399
0.000932631
0.000920874
0.000909134
0.000897405
0.000885691
0.000873988
0.0008623
0.000850621
0.000838957
0.000827302
0.000815661
0.000804028
0.000792408
0.000780795
0.000769196
0.000757603
0.000746023
0.000734449
0.000722887
0.000711331
0.000699786
0.000688247
0.000676718
0.000665195
0.000653682
0.000642173
0.000630675
0.00061918
0.000607695
0.000596214
0.000584742
0.000573273
0.000561814
0.000550357
0.000538909
0.000527464
0.000516027
0.000504593
0.000493168
0.000481745
0.00047033
0.000458917
0.000447512
0.000436108
0.000424712
0.000413316
0.000401926
0.000390537
0.000379153
0.000367769
0.000356389
0.00034501
0.000333635
0.000322261
0.000310891
0.000299523
0.00028816
0.0002768
0.000265448
0.000254098
0.000242758
0.00023142
0.000220093
0.000208769
0.000197455
0.000186144
0.000174843
0.000163544
0.000152253
0.000140964
0.00012968
0.0001184
0.00010712
9.58444e-05
8.45681e-05
7.32934e-05
6.20194e-05
5.07443e-05
3.94695e-05
2.81948e-05
1.69163e-05
5.64134e-06
0.00308162
0.00283325
0.00285731
0.00275412
0.00273931
0.00268596
0.00265983
0.0026229
0.00259523
0.00256495
0.00253831
0.00251143
0.00248628
0.00246151
0.00243776
0.00241452
0.00239199
0.00236994
0.00234845
0.00232738
0.00230676
0.00228652
0.00226667
0.00224715
0.00222795
0.00220905
0.00219045
0.0021721
0.00215401
0.00213615
0.00211853
0.00210112
0.00208392
0.0020669
0.00205008
0.00203344
0.00201696
0.00200065
0.0019845
0.00196849
0.00195263
0.0019369
0.00192132
0.00190585
0.00189052
0.0018753
0.0018602
0.0018452
0.00183032
0.00181553
0.00180085
0.00178627
0.00177178
0.00175738
0.00174307
0.00172884
0.0017147
0.00170063
0.00168665
0.00167273
0.0016589
0.00164513
0.00163144
0.0016178
0.00160424
0.00159074
0.0015773
0.00156392
0.00155059
0.00153733
0.00152412
0.00151096
0.00149785
0.00148479
0.00147179
0.00145883
0.00144592
0.00143305
0.00142022
0.00140744
0.0013947
0.001382
0.00136934
0.00135672
0.00134414
0.00133159
0.00131908
0.0013066
0.00129415
0.00128174
0.00126936
0.00125701
0.00124469
0.0012324
0.00122014
0.0012079
0.00119569
0.00118351
0.00117135
0.00115922
0.00114711
0.00113503
0.00112297
0.00111093
0.00109891
0.00108691
0.00107494
0.00106298
0.00105104
0.00103912
0.00102723
0.00101534
0.00100348
0.00099163
0.0009798
0.000967983
0.000956185
0.000944399
0.000932631
0.000920874
0.000909134
0.000897404
0.000885691
0.000873988
0.0008623
0.000850621
0.000838957
0.000827302
0.000815661
0.000804027
0.000792407
0.000780795
0.000769196
0.000757603
0.000746023
0.000734449
0.000722887
0.000711331
0.000699786
0.000688247
0.000676718
0.000665195
0.000653681
0.000642173
0.000630674
0.00061918
0.000607695
0.000596214
0.000584742
0.000573273
0.000561814
0.000550357
0.000538909
0.000527464
0.000516027
0.000504593
0.000493168
0.000481745
0.00047033
0.000458917
0.000447512
0.000436108
0.000424712
0.000413316
0.000401926
0.000390537
0.000379153
0.000367769
0.000356389
0.00034501
0.000333635
0.000322261
0.000310891
0.000299523
0.00028816
0.0002768
0.000265448
0.000254098
0.000242758
0.00023142
0.000220093
0.000208769
0.000197455
0.000186144
0.000174843
0.000163544
0.000152253
0.000140964
0.00012968
0.0001184
0.00010712
9.58444e-05
8.45681e-05
7.32934e-05
6.20194e-05
5.07443e-05
3.94695e-05
2.81948e-05
1.69165e-05
5.64155e-06
0.0030831
0.00283259
0.00285701
0.00275394
0.0027392
0.00268589
0.00265978
0.00262286
0.0025952
0.00256493
0.00253829
0.0025114
0.00248626
0.00246149
0.00243775
0.00241451
0.00239198
0.00236993
0.00234844
0.00232737
0.00230676
0.00228652
0.00226666
0.00224714
0.00222795
0.00220905
0.00219044
0.00217209
0.00215401
0.00213615
0.00211853
0.00210111
0.00208391
0.0020669
0.00205008
0.00203343
0.00201696
0.00200065
0.00198449
0.00196848
0.00195263
0.0019369
0.00192131
0.00190585
0.00189052
0.00187529
0.00186019
0.0018452
0.00183032
0.00181553
0.00180085
0.00178627
0.00177178
0.00175738
0.00174307
0.00172884
0.0017147
0.00170063
0.00168665
0.00167273
0.0016589
0.00164513
0.00163143
0.0016178
0.00160424
0.00159074
0.0015773
0.00156392
0.00155059
0.00153733
0.00152412
0.00151096
0.00149785
0.00148479
0.00147179
0.00145883
0.00144592
0.00143305
0.00142022
0.00140744
0.0013947
0.001382
0.00136934
0.00135672
0.00134414
0.00133159
0.00131908
0.0013066
0.00129415
0.00128174
0.00126936
0.00125701
0.00124469
0.0012324
0.00122014
0.0012079
0.00119569
0.00118351
0.00117135
0.00115922
0.00114711
0.00113503
0.00112297
0.00111093
0.00109891
0.00108691
0.00107494
0.00106298
0.00105104
0.00103912
0.00102723
0.00101534
0.00100348
0.00099163
0.0009798
0.000967983
0.000956185
0.000944399
0.000932631
0.000920874
0.000909134
0.000897404
0.000885691
0.000873988
0.0008623
0.000850621
0.000838957
0.000827302
0.00081566
0.000804027
0.000792407
0.000780795
0.000769195
0.000757603
0.000746023
0.000734449
0.000722887
0.000711331
0.000699786
0.000688246
0.000676718
0.000665195
0.000653681
0.000642173
0.000630674
0.00061918
0.000607695
0.000596214
0.000584742
0.000573273
0.000561814
0.000550357
0.000538909
0.000527464
0.000516027
0.000504593
0.000493168
0.000481745
0.00047033
0.000458917
0.000447512
0.000436108
0.000424712
0.000413316
0.000401926
0.000390537
0.000379153
0.000367769
0.000356389
0.00034501
0.000333635
0.000322261
0.000310891
0.000299523
0.00028816
0.0002768
0.000265448
0.000254098
0.000242758
0.00023142
0.000220093
0.000208769
0.000197455
0.000186144
0.000174843
0.000163544
0.000152253
0.000140964
0.00012968
0.0001184
0.00010712
9.58444e-05
8.45681e-05
7.32933e-05
6.20194e-05
5.07443e-05
3.94695e-05
2.81948e-05
1.69167e-05
5.64176e-06
0.0030847
0.00283188
0.00285669
0.00275376
0.00273908
0.00268582
0.00265972
0.00262282
0.00259517
0.0025649
0.00253826
0.00251138
0.00248624
0.00246147
0.00243773
0.00241449
0.00239197
0.00236992
0.00234843
0.00232736
0.00230675
0.00228651
0.00226666
0.00224713
0.00222794
0.00220904
0.00219044
0.00217209
0.002154
0.00213614
0.00211852
0.00210111
0.00208391
0.0020669
0.00205008
0.00203343
0.00201696
0.00200064
0.00198449
0.00196848
0.00195262
0.0019369
0.00192131
0.00190585
0.00189051
0.00187529
0.00186019
0.0018452
0.00183031
0.00181553
0.00180085
0.00178626
0.00177178
0.00175737
0.00174306
0.00172884
0.00171469
0.00170063
0.00168664
0.00167273
0.0016589
0.00164513
0.00163143
0.0016178
0.00160424
0.00159074
0.0015773
0.00156391
0.00155059
0.00153733
0.00152412
0.00151096
0.00149785
0.00148479
0.00147179
0.00145883
0.00144592
0.00143305
0.00142022
0.00140744
0.0013947
0.001382
0.00136934
0.00135672
0.00134414
0.00133159
0.00131908
0.0013066
0.00129415
0.00128174
0.00126936
0.00125701
0.00124469
0.0012324
0.00122014
0.0012079
0.00119569
0.00118351
0.00117135
0.00115922
0.00114711
0.00113503
0.00112297
0.00111093
0.00109891
0.00108691
0.00107494
0.00106298
0.00105104
0.00103912
0.00102723
0.00101534
0.00100348
0.00099163
0.0009798
0.000967983
0.000956185
0.000944399
0.000932631
0.000920874
0.000909134
0.000897404
0.000885691
0.000873988
0.0008623
0.000850621
0.000838957
0.000827302
0.00081566
0.000804027
0.000792407
0.000780795
0.000769195
0.000757603
0.000746022
0.000734449
0.000722887
0.000711331
0.000699786
0.000688246
0.000676718
0.000665194
0.000653681
0.000642173
0.000630674
0.00061918
0.000607695
0.000596214
0.000584742
0.000573273
0.000561813
0.000550357
0.000538909
0.000527464
0.000516027
0.000504593
0.000493168
0.000481745
0.00047033
0.000458917
0.000447512
0.000436108
0.000424711
0.000413316
0.000401926
0.000390537
0.000379153
0.000367769
0.000356389
0.00034501
0.000333634
0.000322261
0.00031089
0.000299523
0.00028816
0.0002768
0.000265448
0.000254098
0.000242758
0.00023142
0.000220093
0.000208769
0.000197455
0.000186144
0.000174843
0.000163544
0.000152253
0.000140964
0.00012968
0.0001184
0.00010712
9.58444e-05
8.45681e-05
7.32933e-05
6.20194e-05
5.07443e-05
3.94695e-05
2.81948e-05
1.69169e-05
5.64197e-06
0.0030864
0.00283111
0.00285634
0.00275356
0.00273895
0.00268574
0.00265967
0.00262277
0.00259513
0.00256486
0.00253824
0.00251136
0.00248622
0.00246146
0.00243772
0.00241448
0.00239195
0.00236991
0.00234842
0.00232735
0.00230674
0.0022865
0.00226665
0.00224712
0.00222794
0.00220903
0.00219043
0.00217208
0.002154
0.00213614
0.00211852
0.00210111
0.00208391
0.00206689
0.00205007
0.00203343
0.00201695
0.00200064
0.00198449
0.00196848
0.00195262
0.0019369
0.00192131
0.00190585
0.00189051
0.00187529
0.00186019
0.00184519
0.00183031
0.00181553
0.00180085
0.00178626
0.00177177
0.00175737
0.00174306
0.00172883
0.00171469
0.00170063
0.00168664
0.00167273
0.0016589
0.00164513
0.00163143
0.0016178
0.00160424
0.00159073
0.0015773
0.00156391
0.00155059
0.00153732
0.00152411
0.00151096
0.00149785
0.00148479
0.00147179
0.00145883
0.00144591
0.00143305
0.00142022
0.00140744
0.0013947
0.001382
0.00136934
0.00135672
0.00134414
0.00133159
0.00131908
0.0013066
0.00129415
0.00128174
0.00126936
0.00125701
0.00124469
0.0012324
0.00122013
0.0012079
0.00119569
0.00118351
0.00117135
0.00115922
0.00114711
0.00113503
0.00112297
0.00111093
0.00109891
0.00108691
0.00107494
0.00106298
0.00105104
0.00103912
0.00102723
0.00101534
0.00100348
0.000991629
0.0009798
0.000967983
0.000956185
0.000944399
0.000932631
0.000920873
0.000909134
0.000897404
0.000885691
0.000873987
0.0008623
0.000850621
0.000838957
0.000827302
0.00081566
0.000804027
0.000792407
0.000780795
0.000769195
0.000757603
0.000746022
0.000734449
0.000722886
0.00071133
0.000699786
0.000688246
0.000676718
0.000665194
0.000653681
0.000642173
0.000630674
0.00061918
0.000607695
0.000596214
0.000584742
0.000573273
0.000561813
0.000550357
0.000538909
0.000527463
0.000516027
0.000504593
0.000493168
0.000481744
0.00047033
0.000458917
0.000447512
0.000436108
0.000424711
0.000413316
0.000401926
0.000390537
0.000379153
0.000367769
0.000356389
0.00034501
0.000333634
0.000322261
0.00031089
0.000299523
0.00028816
0.0002768
0.000265448
0.000254098
0.000242757
0.00023142
0.000220093
0.000208769
0.000197455
0.000186144
0.000174843
0.000163543
0.000152253
0.000140964
0.00012968
0.000118399
0.00010712
9.58444e-05
8.4568e-05
7.32933e-05
6.20194e-05
5.07443e-05
3.94696e-05
2.81949e-05
1.69171e-05
5.64217e-06
0.00308821
0.0028303
0.00285597
0.00275335
0.00273881
0.00268566
0.0026596
0.00262273
0.00259509
0.00256483
0.00253821
0.00251133
0.00248619
0.00246144
0.0024377
0.00241446
0.00239194
0.0023699
0.0023484
0.00232734
0.00230673
0.00228649
0.00226664
0.00224712
0.00222793
0.00220903
0.00219042
0.00217208
0.00215399
0.00213614
0.00211852
0.0021011
0.0020839
0.00206689
0.00205007
0.00203342
0.00201695
0.00200064
0.00198449
0.00196848
0.00195262
0.00193689
0.00192131
0.00190584
0.00189051
0.00187529
0.00186019
0.00184519
0.00183031
0.00181553
0.00180085
0.00178626
0.00177177
0.00175737
0.00174306
0.00172883
0.00171469
0.00170063
0.00168664
0.00167273
0.0016589
0.00164513
0.00163143
0.0016178
0.00160424
0.00159073
0.00157729
0.00156391
0.00155059
0.00153732
0.00152411
0.00151095
0.00149785
0.00148479
0.00147179
0.00145883
0.00144591
0.00143305
0.00142022
0.00140744
0.0013947
0.001382
0.00136934
0.00135672
0.00134414
0.00133159
0.00131908
0.0013066
0.00129415
0.00128174
0.00126936
0.00125701
0.00124469
0.0012324
0.00122013
0.0012079
0.00119569
0.00118351
0.00117135
0.00115922
0.00114711
0.00113503
0.00112297
0.00111093
0.00109891
0.00108691
0.00107494
0.00106298
0.00105104
0.00103912
0.00102723
0.00101534
0.00100348
0.000991629
0.0009798
0.000967983
0.000956185
0.000944398
0.00093263
0.000920873
0.000909133
0.000897404
0.000885691
0.000873987
0.000862299
0.000850621
0.000838957
0.000827301
0.00081566
0.000804027
0.000792407
0.000780795
0.000769195
0.000757603
0.000746022
0.000734449
0.000722886
0.00071133
0.000699785
0.000688246
0.000676718
0.000665194
0.000653681
0.000642173
0.000630674
0.00061918
0.000607695
0.000596214
0.000584742
0.000573273
0.000561813
0.000550357
0.000538909
0.000527463
0.000516027
0.000504593
0.000493168
0.000481744
0.00047033
0.000458917
0.000447512
0.000436108
0.000424711
0.000413316
0.000401926
0.000390537
0.000379153
0.000367769
0.000356389
0.00034501
0.000333634
0.000322261
0.00031089
0.000299523
0.00028816
0.0002768
0.000265448
0.000254098
0.000242757
0.00023142
0.000220093
0.000208769
0.000197455
0.000186144
0.000174843
0.000163543
0.000152253
0.000140964
0.00012968
0.000118399
0.00010712
9.58443e-05
8.4568e-05
7.32933e-05
6.20194e-05
5.07443e-05
3.94696e-05
2.81949e-05
1.69173e-05
5.64235e-06
0.00309014
0.00282943
0.00285558
0.00275313
0.00273867
0.00268557
0.00265954
0.00262267
0.00259505
0.0025648
0.00253818
0.00251131
0.00248617
0.00246142
0.00243768
0.00241445
0.00239193
0.00236988
0.00234839
0.00232733
0.00230672
0.00228648
0.00226663
0.00224711
0.00222792
0.00220902
0.00219042
0.00217207
0.00215399
0.00213613
0.00211851
0.0021011
0.0020839
0.00206689
0.00205007
0.00203342
0.00201695
0.00200063
0.00198448
0.00196847
0.00195262
0.00193689
0.00192131
0.00190584
0.00189051
0.00187529
0.00186019
0.00184519
0.00183031
0.00181552
0.00180085
0.00178626
0.00177177
0.00175737
0.00174306
0.00172883
0.00171469
0.00170063
0.00168664
0.00167273
0.00165889
0.00164513
0.00163143
0.0016178
0.00160424
0.00159073
0.00157729
0.00156391
0.00155059
0.00153732
0.00152411
0.00151095
0.00149785
0.00148479
0.00147179
0.00145883
0.00144591
0.00143305
0.00142022
0.00140744
0.0013947
0.001382
0.00136934
0.00135672
0.00134414
0.00133159
0.00131908
0.0013066
0.00129415
0.00128174
0.00126936
0.00125701
0.00124469
0.0012324
0.00122013
0.0012079
0.00119569
0.00118351
0.00117135
0.00115922
0.00114711
0.00113503
0.00112297
0.00111093
0.00109891
0.00108691
0.00107494
0.00106298
0.00105104
0.00103912
0.00102722
0.00101534
0.00100348
0.000991629
0.000979799
0.000967983
0.000956185
0.000944398
0.00093263
0.000920873
0.000909133
0.000897404
0.000885691
0.000873987
0.000862299
0.000850621
0.000838957
0.000827301
0.00081566
0.000804027
0.000792407
0.000780795
0.000769195
0.000757603
0.000746022
0.000734448
0.000722886
0.00071133
0.000699785
0.000688246
0.000676718
0.000665194
0.000653681
0.000642173
0.000630674
0.00061918
0.000607695
0.000596214
0.000584742
0.000573273
0.000561813
0.000550356
0.000538909
0.000527463
0.000516027
0.000504593
0.000493168
0.000481744
0.00047033
0.000458917
0.000447512
0.000436108
0.000424711
0.000413316
0.000401926
0.000390537
0.000379153
0.000367769
0.000356389
0.00034501
0.000333634
0.000322261
0.00031089
0.000299523
0.00028816
0.0002768
0.000265448
0.000254098
0.000242757
0.00023142
0.000220093
0.000208769
0.000197455
0.000186144
0.000174843
0.000163543
0.000152253
0.000140964
0.00012968
0.000118399
0.00010712
9.58443e-05
8.4568e-05
7.32933e-05
6.20195e-05
5.07443e-05
3.94696e-05
2.81949e-05
1.69174e-05
5.64253e-06
0.00309218
0.0028285
0.00285515
0.0027529
0.00273852
0.00268548
0.00265947
0.00262262
0.002595
0.00256476
0.00253815
0.00251128
0.00248615
0.0024614
0.00243766
0.00241443
0.00239191
0.00236987
0.00234838
0.00232732
0.00230671
0.00228647
0.00226662
0.0022471
0.00222791
0.00220902
0.00219041
0.00217206
0.00215398
0.00213613
0.00211851
0.00210109
0.00208389
0.00206688
0.00205006
0.00203342
0.00201695
0.00200063
0.00198448
0.00196847
0.00195261
0.00193689
0.0019213
0.00190584
0.00189051
0.00187528
0.00186018
0.00184519
0.00183031
0.00181552
0.00180085
0.00178626
0.00177177
0.00175737
0.00174306
0.00172883
0.00171469
0.00170062
0.00168664
0.00167273
0.00165889
0.00164513
0.00163143
0.0016178
0.00160424
0.00159073
0.00157729
0.00156391
0.00155059
0.00153732
0.00152411
0.00151095
0.00149785
0.00148479
0.00147179
0.00145883
0.00144591
0.00143304
0.00142022
0.00140744
0.0013947
0.001382
0.00136934
0.00135672
0.00134414
0.00133159
0.00131908
0.0013066
0.00129415
0.00128174
0.00126936
0.00125701
0.00124469
0.0012324
0.00122013
0.0012079
0.00119569
0.00118351
0.00117135
0.00115922
0.00114711
0.00113503
0.00112297
0.00111093
0.00109891
0.00108691
0.00107494
0.00106298
0.00105104
0.00103912
0.00102722
0.00101534
0.00100348
0.000991629
0.000979799
0.000967982
0.000956184
0.000944398
0.00093263
0.000920873
0.000909133
0.000897404
0.00088569
0.000873987
0.000862299
0.00085062
0.000838957
0.000827301
0.00081566
0.000804027
0.000792407
0.000780795
0.000769195
0.000757603
0.000746022
0.000734448
0.000722886
0.00071133
0.000699785
0.000688246
0.000676718
0.000665194
0.000653681
0.000642173
0.000630674
0.00061918
0.000607695
0.000596214
0.000584742
0.000573273
0.000561813
0.000550356
0.000538909
0.000527463
0.000516027
0.000504593
0.000493168
0.000481744
0.00047033
0.000458917
0.000447512
0.000436108
0.000424711
0.000413316
0.000401926
0.000390537
0.000379153
0.000367769
0.000356389
0.00034501
0.000333634
0.000322261
0.00031089
0.000299523
0.00028816
0.0002768
0.000265448
0.000254098
0.000242757
0.00023142
0.000220093
0.000208768
0.000197455
0.000186144
0.000174843
0.000163543
0.000152253
0.000140964
0.00012968
0.000118399
0.00010712
9.58443e-05
8.4568e-05
7.32933e-05
6.20195e-05
5.07443e-05
3.94696e-05
2.81949e-05
1.69176e-05
5.6427e-06
0.00309433
0.00282752
0.0028547
0.00275265
0.00273837
0.00268538
0.0026594
0.00262257
0.00259496
0.00256472
0.00253812
0.00251125
0.00248612
0.00246137
0.00243764
0.00241441
0.0023919
0.00236986
0.00234837
0.00232731
0.0023067
0.00228646
0.00226662
0.00224709
0.00222791
0.00220901
0.00219041
0.00217206
0.00215398
0.00213612
0.0021185
0.00210109
0.00208389
0.00206688
0.00205006
0.00203341
0.00201694
0.00200063
0.00198448
0.00196847
0.00195261
0.00193689
0.0019213
0.00190584
0.0018905
0.00187528
0.00186018
0.00184519
0.00183031
0.00181552
0.00180084
0.00178626
0.00177177
0.00175737
0.00174306
0.00172883
0.00171469
0.00170062
0.00168664
0.00167273
0.00165889
0.00164512
0.00163143
0.0016178
0.00160423
0.00159073
0.00157729
0.00156391
0.00155059
0.00153732
0.00152411
0.00151095
0.00149785
0.00148479
0.00147178
0.00145882
0.00144591
0.00143304
0.00142022
0.00140744
0.0013947
0.001382
0.00136934
0.00135672
0.00134414
0.00133159
0.00131907
0.0013066
0.00129415
0.00128174
0.00126936
0.00125701
0.00124469
0.0012324
0.00122013
0.0012079
0.00119569
0.00118351
0.00117135
0.00115922
0.00114711
0.00113503
0.00112297
0.00111093
0.00109891
0.00108691
0.00107494
0.00106298
0.00105104
0.00103912
0.00102722
0.00101534
0.00100348
0.000991629
0.000979799
0.000967982
0.000956184
0.000944398
0.00093263
0.000920873
0.000909133
0.000897403
0.00088569
0.000873987
0.000862299
0.00085062
0.000838956
0.000827301
0.00081566
0.000804027
0.000792407
0.000780795
0.000769195
0.000757602
0.000746022
0.000734448
0.000722886
0.00071133
0.000699785
0.000688246
0.000676717
0.000665194
0.000653681
0.000642173
0.000630674
0.00061918
0.000607695
0.000596213
0.000584742
0.000573273
0.000561813
0.000550356
0.000538909
0.000527463
0.000516027
0.000504593
0.000493168
0.000481744
0.00047033
0.000458917
0.000447512
0.000436108
0.000424711
0.000413316
0.000401926
0.000390537
0.000379153
0.000367769
0.000356389
0.00034501
0.000333634
0.000322261
0.00031089
0.000299522
0.00028816
0.0002768
0.000265447
0.000254098
0.000242757
0.00023142
0.000220093
0.000208768
0.000197455
0.000186144
0.000174843
0.000163543
0.000152253
0.000140964
0.00012968
0.000118399
0.00010712
9.58443e-05
8.4568e-05
7.32933e-05
6.20195e-05
5.07443e-05
3.94696e-05
2.81949e-05
1.69177e-05
5.64285e-06
0.0030966
0.00282647
0.00285423
0.00275239
0.0027382
0.00268528
0.00265932
0.00262251
0.00259491
0.00256468
0.00253808
0.00251122
0.0024861
0.00246135
0.00243763
0.0024144
0.00239188
0.00236984
0.00234836
0.0023273
0.00230669
0.00228645
0.00226661
0.00224709
0.0022279
0.002209
0.0021904
0.00217205
0.00215397
0.00213612
0.0021185
0.00210109
0.00208389
0.00206687
0.00205006
0.00203341
0.00201694
0.00200063
0.00198447
0.00196847
0.00195261
0.00193688
0.0019213
0.00190584
0.0018905
0.00187528
0.00186018
0.00184519
0.0018303
0.00181552
0.00180084
0.00178626
0.00177177
0.00175737
0.00174306
0.00172883
0.00171469
0.00170062
0.00168664
0.00167273
0.00165889
0.00164512
0.00163143
0.0016178
0.00160423
0.00159073
0.00157729
0.00156391
0.00155059
0.00153732
0.00152411
0.00151095
0.00149785
0.00148479
0.00147178
0.00145882
0.00144591
0.00143304
0.00142022
0.00140744
0.0013947
0.001382
0.00136934
0.00135672
0.00134414
0.00133159
0.00131907
0.0013066
0.00129415
0.00128174
0.00126936
0.00125701
0.00124469
0.0012324
0.00122013
0.0012079
0.00119569
0.00118351
0.00117135
0.00115922
0.00114711
0.00113503
0.00112297
0.00111092
0.00109891
0.00108691
0.00107494
0.00106298
0.00105104
0.00103912
0.00102722
0.00101534
0.00100348
0.000991629
0.000979799
0.000967982
0.000956184
0.000944398
0.00093263
0.000920873
0.000909133
0.000897403
0.00088569
0.000873987
0.000862299
0.00085062
0.000838956
0.000827301
0.00081566
0.000804027
0.000792407
0.000780794
0.000769195
0.000757602
0.000746022
0.000734448
0.000722886
0.00071133
0.000699785
0.000688246
0.000676717
0.000665194
0.000653681
0.000642172
0.000630674
0.000619179
0.000607695
0.000596213
0.000584741
0.000573273
0.000561813
0.000550356
0.000538909
0.000527463
0.000516027
0.000504593
0.000493167
0.000481744
0.00047033
0.000458916
0.000447512
0.000436108
0.000424711
0.000413316
0.000401926
0.000390537
0.000379153
0.000367769
0.000356389
0.00034501
0.000333634
0.000322261
0.00031089
0.000299522
0.00028816
0.0002768
0.000265447
0.000254098
0.000242757
0.00023142
0.000220092
0.000208768
0.000197455
0.000186143
0.000174843
0.000163543
0.000152253
0.000140964
0.00012968
0.000118399
0.00010712
9.58443e-05
8.4568e-05
7.32933e-05
6.20195e-05
5.07443e-05
3.94696e-05
2.81949e-05
1.69178e-05
5.64298e-06
0.00309898
0.00282537
0.00285372
0.00275212
0.00273803
0.00268517
0.00265924
0.00262245
0.00259486
0.00256464
0.00253805
0.0025112
0.00248608
0.00246133
0.00243761
0.00241438
0.00239187
0.00236983
0.00234834
0.00232728
0.00230668
0.00228645
0.0022666
0.00224708
0.00222789
0.002209
0.00219039
0.00217205
0.00215397
0.00213611
0.00211849
0.00210108
0.00208388
0.00206687
0.00205005
0.00203341
0.00201694
0.00200062
0.00198447
0.00196846
0.00195261
0.00193688
0.0019213
0.00190583
0.0018905
0.00187528
0.00186018
0.00184518
0.0018303
0.00181552
0.00180084
0.00178625
0.00177177
0.00175737
0.00174306
0.00172883
0.00171469
0.00170062
0.00168664
0.00167273
0.00165889
0.00164512
0.00163143
0.0016178
0.00160423
0.00159073
0.00157729
0.00156391
0.00155059
0.00153732
0.00152411
0.00151095
0.00149785
0.00148479
0.00147178
0.00145882
0.00144591
0.00143304
0.00142022
0.00140744
0.0013947
0.001382
0.00136934
0.00135672
0.00134414
0.00133159
0.00131907
0.0013066
0.00129415
0.00128174
0.00126936
0.00125701
0.00124469
0.00123239
0.00122013
0.0012079
0.00119569
0.00118351
0.00117135
0.00115922
0.00114711
0.00113503
0.00112297
0.00111092
0.00109891
0.00108691
0.00107494
0.00106298
0.00105104
0.00103912
0.00102722
0.00101534
0.00100348
0.000991628
0.000979799
0.000967982
0.000956184
0.000944398
0.00093263
0.000920873
0.000909133
0.000897403
0.00088569
0.000873987
0.000862299
0.00085062
0.000838956
0.000827301
0.00081566
0.000804026
0.000792407
0.000780794
0.000769195
0.000757602
0.000746022
0.000734448
0.000722886
0.00071133
0.000699785
0.000688246
0.000676717
0.000665194
0.000653681
0.000642172
0.000630674
0.000619179
0.000607695
0.000596213
0.000584741
0.000573273
0.000561813
0.000550356
0.000538908
0.000527463
0.000516027
0.000504593
0.000493167
0.000481744
0.000470329
0.000458916
0.000447511
0.000436108
0.000424711
0.000413316
0.000401926
0.000390537
0.000379153
0.000367769
0.000356389
0.00034501
0.000333634
0.000322261
0.00031089
0.000299522
0.00028816
0.0002768
0.000265447
0.000254098
0.000242757
0.00023142
0.000220092
0.000208768
0.000197455
0.000186143
0.000174843
0.000163543
0.000152253
0.000140964
0.00012968
0.000118399
0.00010712
9.58443e-05
8.4568e-05
7.32933e-05
6.20195e-05
5.07443e-05
3.94696e-05
2.81949e-05
1.69179e-05
5.6431e-06
0.00310148
0.00282421
0.00285319
0.00275184
0.00273785
0.00268506
0.00265916
0.00262239
0.00259482
0.0025646
0.00253802
0.00251117
0.00248605
0.00246131
0.00243759
0.00241436
0.00239185
0.00236982
0.00234833
0.00232727
0.00230667
0.00228644
0.00226659
0.00224707
0.00222789
0.00220899
0.00219039
0.00217204
0.00215396
0.00213611
0.00211849
0.00210108
0.00208388
0.00206687
0.00205005
0.0020334
0.00201693
0.00200062
0.00198447
0.00196846
0.00195261
0.00193688
0.0019213
0.00190583
0.0018905
0.00187528
0.00186018
0.00184518
0.0018303
0.00181552
0.00180084
0.00178625
0.00177177
0.00175736
0.00174306
0.00172883
0.00171469
0.00170062
0.00168664
0.00167273
0.00165889
0.00164512
0.00163143
0.0016178
0.00160423
0.00159073
0.00157729
0.00156391
0.00155059
0.00153732
0.00152411
0.00151095
0.00149785
0.00148479
0.00147178
0.00145882
0.00144591
0.00143304
0.00142022
0.00140744
0.0013947
0.001382
0.00136934
0.00135672
0.00134413
0.00133159
0.00131907
0.00130659
0.00129415
0.00128174
0.00126936
0.00125701
0.00124469
0.00123239
0.00122013
0.0012079
0.00119569
0.00118351
0.00117135
0.00115922
0.00114711
0.00113503
0.00112297
0.00111092
0.00109891
0.00108691
0.00107494
0.00106298
0.00105104
0.00103912
0.00102722
0.00101534
0.00100348
0.000991628
0.000979799
0.000967982
0.000956184
0.000944398
0.00093263
0.000920872
0.000909133
0.000897403
0.00088569
0.000873987
0.000862299
0.00085062
0.000838956
0.000827301
0.00081566
0.000804026
0.000792406
0.000780794
0.000769195
0.000757602
0.000746022
0.000734448
0.000722886
0.00071133
0.000699785
0.000688246
0.000676717
0.000665194
0.000653681
0.000642172
0.000630674
0.000619179
0.000607695
0.000596213
0.000584741
0.000573273
0.000561813
0.000550356
0.000538908
0.000527463
0.000516027
0.000504593
0.000493167
0.000481744
0.000470329
0.000458916
0.000447511
0.000436108
0.000424711
0.000413316
0.000401926
0.000390537
0.000379152
0.000367769
0.000356389
0.00034501
0.000333634
0.000322261
0.00031089
0.000299522
0.00028816
0.0002768
0.000265447
0.000254098
0.000242757
0.00023142
0.000220092
0.000208768
0.000197455
0.000186143
0.000174843
0.000163543
0.000152253
0.000140964
0.00012968
0.000118399
0.00010712
9.58443e-05
8.4568e-05
7.32933e-05
6.20195e-05
5.07443e-05
3.94697e-05
2.81949e-05
1.6918e-05
5.6432e-06
0.00310409
0.00282298
0.00285262
0.00275155
0.00273767
0.00268495
0.00265908
0.00262232
0.00259477
0.00256456
0.00253798
0.00251114
0.00248603
0.00246129
0.00243757
0.00241435
0.00239184
0.0023698
0.00234832
0.00232726
0.00230666
0.00228643
0.00226658
0.00224706
0.00222788
0.00220898
0.00219038
0.00217204
0.00215396
0.0021361
0.00211849
0.00210107
0.00208388
0.00206686
0.00205005
0.0020334
0.00201693
0.00200062
0.00198447
0.00196846
0.0019526
0.00193688
0.00192129
0.00190583
0.0018905
0.00187528
0.00186018
0.00184518
0.0018303
0.00181552
0.00180084
0.00178625
0.00177176
0.00175736
0.00174305
0.00172883
0.00171468
0.00170062
0.00168664
0.00167272
0.00165889
0.00164512
0.00163143
0.0016178
0.00160423
0.00159073
0.00157729
0.00156391
0.00155059
0.00153732
0.00152411
0.00151095
0.00149785
0.00148479
0.00147178
0.00145882
0.00144591
0.00143304
0.00142022
0.00140744
0.0013947
0.001382
0.00136934
0.00135672
0.00134413
0.00133159
0.00131907
0.00130659
0.00129415
0.00128174
0.00126936
0.00125701
0.00124469
0.00123239
0.00122013
0.0012079
0.00119569
0.00118351
0.00117135
0.00115922
0.00114711
0.00113503
0.00112296
0.00111092
0.00109891
0.00108691
0.00107493
0.00106298
0.00105104
0.00103912
0.00102722
0.00101534
0.00100348
0.000991628
0.000979799
0.000967982
0.000956184
0.000944398
0.000932629
0.000920872
0.000909132
0.000897403
0.00088569
0.000873986
0.000862299
0.00085062
0.000838956
0.000827301
0.000815659
0.000804026
0.000792406
0.000780794
0.000769195
0.000757602
0.000746022
0.000734448
0.000722886
0.00071133
0.000699785
0.000688246
0.000676717
0.000665194
0.000653681
0.000642172
0.000630674
0.000619179
0.000607694
0.000596213
0.000584741
0.000573273
0.000561813
0.000550356
0.000538908
0.000527463
0.000516027
0.000504593
0.000493167
0.000481744
0.000470329
0.000458916
0.000447511
0.000436108
0.000424711
0.000413316
0.000401926
0.000390537
0.000379152
0.000367769
0.000356389
0.00034501
0.000333634
0.000322261
0.00031089
0.000299522
0.00028816
0.0002768
0.000265447
0.000254098
0.000242757
0.00023142
0.000220092
0.000208768
0.000197455
0.000186143
0.000174843
0.000163543
0.000152253
0.000140963
0.00012968
0.000118399
0.00010712
9.58443e-05
8.4568e-05
7.32933e-05
6.20195e-05
5.07443e-05
3.94697e-05
2.81949e-05
1.69181e-05
5.64329e-06
0.00310681
0.00282169
0.00285203
0.00275124
0.00273748
0.00268484
0.002659
0.00262226
0.00259472
0.00256452
0.00253795
0.00251111
0.002486
0.00246127
0.00243755
0.00241433
0.00239182
0.00236979
0.00234831
0.00232725
0.00230665
0.00228642
0.00226658
0.00224706
0.00222787
0.00220898
0.00219038
0.00217203
0.00215395
0.0021361
0.00211848
0.00210107
0.00208387
0.00206686
0.00205004
0.0020334
0.00201693
0.00200062
0.00198447
0.00196846
0.0019526
0.00193688
0.00192129
0.00190583
0.0018905
0.00187527
0.00186017
0.00184518
0.0018303
0.00181552
0.00180084
0.00178625
0.00177176
0.00175736
0.00174305
0.00172882
0.00171468
0.00170062
0.00168664
0.00167272
0.00165889
0.00164512
0.00163143
0.00161779
0.00160423
0.00159073
0.00157729
0.00156391
0.00155059
0.00153732
0.00152411
0.00151095
0.00149784
0.00148479
0.00147178
0.00145882
0.00144591
0.00143304
0.00142022
0.00140744
0.0013947
0.001382
0.00136934
0.00135672
0.00134413
0.00133159
0.00131907
0.00130659
0.00129415
0.00128174
0.00126936
0.00125701
0.00124469
0.00123239
0.00122013
0.0012079
0.00119569
0.00118351
0.00117135
0.00115922
0.00114711
0.00113503
0.00112296
0.00111092
0.00109891
0.00108691
0.00107493
0.00106298
0.00105104
0.00103912
0.00102722
0.00101534
0.00100348
0.000991628
0.000979798
0.000967982
0.000956184
0.000944397
0.000932629
0.000920872
0.000909132
0.000897403
0.00088569
0.000873986
0.000862298
0.00085062
0.000838956
0.000827301
0.000815659
0.000804026
0.000792406
0.000780794
0.000769194
0.000757602
0.000746022
0.000734448
0.000722886
0.00071133
0.000699785
0.000688246
0.000676717
0.000665194
0.000653681
0.000642172
0.000630674
0.000619179
0.000607694
0.000596213
0.000584741
0.000573273
0.000561813
0.000550356
0.000538908
0.000527463
0.000516027
0.000504593
0.000493167
0.000481744
0.000470329
0.000458916
0.000447511
0.000436108
0.000424711
0.000413316
0.000401926
0.000390537
0.000379152
0.000367769
0.000356389
0.00034501
0.000333634
0.00032226
0.00031089
0.000299522
0.00028816
0.0002768
0.000265447
0.000254097
0.000242757
0.00023142
0.000220092
0.000208768
0.000197455
0.000186143
0.000174843
0.000163543
0.000152253
0.000140963
0.00012968
0.000118399
0.00010712
9.58443e-05
8.4568e-05
7.32933e-05
6.20195e-05
5.07443e-05
3.94697e-05
2.81949e-05
1.69182e-05
5.64336e-06
0.00310965
0.00282033
0.0028514
0.00275093
0.00273728
0.00268472
0.00265891
0.0026222
0.00259467
0.00256448
0.00253792
0.00251108
0.00248598
0.00246125
0.00243753
0.00241432
0.00239181
0.00236978
0.0023483
0.00232725
0.00230664
0.00228641
0.00226657
0.00224705
0.00222787
0.00220897
0.00219037
0.00217203
0.00215395
0.0021361
0.00211848
0.00210107
0.00208387
0.00206686
0.00205004
0.0020334
0.00201693
0.00200061
0.00198446
0.00196846
0.0019526
0.00193688
0.00192129
0.00190583
0.00189049
0.00187527
0.00186017
0.00184518
0.0018303
0.00181551
0.00180084
0.00178625
0.00177176
0.00175736
0.00174305
0.00172882
0.00171468
0.00170062
0.00168663
0.00167272
0.00165889
0.00164512
0.00163143
0.00161779
0.00160423
0.00159073
0.00157729
0.00156391
0.00155059
0.00153732
0.00152411
0.00151095
0.00149784
0.00148479
0.00147178
0.00145882
0.00144591
0.00143304
0.00142022
0.00140744
0.0013947
0.001382
0.00136934
0.00135672
0.00134413
0.00133159
0.00131907
0.00130659
0.00129415
0.00128174
0.00126936
0.00125701
0.00124469
0.00123239
0.00122013
0.0012079
0.00119569
0.00118351
0.00117135
0.00115922
0.00114711
0.00113502
0.00112296
0.00111092
0.00109891
0.00108691
0.00107493
0.00106298
0.00105104
0.00103912
0.00102722
0.00101534
0.00100348
0.000991628
0.000979798
0.000967981
0.000956183
0.000944397
0.000932629
0.000920872
0.000909132
0.000897403
0.00088569
0.000873986
0.000862298
0.00085062
0.000838956
0.000827301
0.000815659
0.000804026
0.000792406
0.000780794
0.000769194
0.000757602
0.000746022
0.000734448
0.000722886
0.00071133
0.000699785
0.000688246
0.000676717
0.000665194
0.000653681
0.000642172
0.000630674
0.000619179
0.000607694
0.000596213
0.000584741
0.000573272
0.000561813
0.000550356
0.000538908
0.000527463
0.000516027
0.000504593
0.000493167
0.000481744
0.000470329
0.000458916
0.000447511
0.000436108
0.000424711
0.000413315
0.000401926
0.000390537
0.000379152
0.000367769
0.000356389
0.00034501
0.000333634
0.00032226
0.00031089
0.000299522
0.00028816
0.0002768
0.000265447
0.000254097
0.000242757
0.00023142
0.000220092
0.000208768
0.000197455
0.000186143
0.000174843
0.000163543
0.000152253
0.000140963
0.00012968
0.000118399
0.00010712
9.58443e-05
8.4568e-05
7.32933e-05
6.20195e-05
5.07443e-05
3.94697e-05
2.81949e-05
1.69182e-05
5.64342e-06
0.00311261
0.0028189
0.00285074
0.00275061
0.00273709
0.0026846
0.00265883
0.00262214
0.00259462
0.00256444
0.00253789
0.00251106
0.00248596
0.00246123
0.00243752
0.0024143
0.0023918
0.00236977
0.00234829
0.00232724
0.00230664
0.00228641
0.00226656
0.00224705
0.00222786
0.00220897
0.00219037
0.00217203
0.00215394
0.00213609
0.00211847
0.00210106
0.00208387
0.00206686
0.00205004
0.00203339
0.00201692
0.00200061
0.00198446
0.00196845
0.0019526
0.00193687
0.00192129
0.00190583
0.00189049
0.00187527
0.00186017
0.00184518
0.0018303
0.00181551
0.00180083
0.00178625
0.00177176
0.00175736
0.00174305
0.00172882
0.00171468
0.00170062
0.00168663
0.00167272
0.00165889
0.00164512
0.00163142
0.00161779
0.00160423
0.00159073
0.00157729
0.00156391
0.00155059
0.00153732
0.00152411
0.00151095
0.00149784
0.00148479
0.00147178
0.00145882
0.00144591
0.00143304
0.00142022
0.00140744
0.0013947
0.001382
0.00136934
0.00135672
0.00134413
0.00133158
0.00131907
0.00130659
0.00129415
0.00128174
0.00126936
0.001257
0.00124469
0.00123239
0.00122013
0.0012079
0.00119569
0.00118351
0.00117135
0.00115922
0.00114711
0.00113502
0.00112296
0.00111092
0.00109891
0.00108691
0.00107493
0.00106298
0.00105104
0.00103912
0.00102722
0.00101534
0.00100348
0.000991628
0.000979798
0.000967981
0.000956183
0.000944397
0.000932629
0.000920872
0.000909132
0.000897403
0.00088569
0.000873986
0.000862298
0.00085062
0.000838956
0.0008273
0.000815659
0.000804026
0.000792406
0.000780794
0.000769194
0.000757602
0.000746021
0.000734448
0.000722886
0.00071133
0.000699785
0.000688246
0.000676717
0.000665194
0.000653681
0.000642172
0.000630674
0.000619179
0.000607694
0.000596213
0.000584741
0.000573272
0.000561813
0.000550356
0.000538908
0.000527463
0.000516027
0.000504592
0.000493167
0.000481744
0.000470329
0.000458916
0.000447511
0.000436108
0.000424711
0.000413315
0.000401926
0.000390537
0.000379152
0.000367769
0.000356389
0.00034501
0.000333634
0.00032226
0.00031089
0.000299522
0.00028816
0.0002768
0.000265447
0.000254097
0.000242757
0.00023142
0.000220092
0.000208768
0.000197455
0.000186143
0.000174843
0.000163543
0.000152253
0.000140963
0.00012968
0.000118399
0.00010712
9.58443e-05
8.4568e-05
7.32933e-05
6.20195e-05
5.07443e-05
3.94697e-05
2.81949e-05
1.69182e-05
5.64346e-06
0.00311567
0.0028174
0.00285006
0.00275029
0.00273689
0.00268449
0.00265875
0.00262208
0.00259458
0.00256441
0.00253786
0.00251103
0.00248594
0.00246121
0.0024375
0.00241429
0.00239179
0.00236976
0.00234828
0.00232723
0.00230663
0.0022864
0.00226656
0.00224704
0.00222786
0.00220896
0.00219037
0.00217202
0.00215394
0.00213609
0.00211847
0.00210106
0.00208386
0.00206685
0.00205004
0.00203339
0.00201692
0.00200061
0.00198446
0.00196845
0.0019526
0.00193687
0.00192129
0.00190582
0.00189049
0.00187527
0.00186017
0.00184518
0.0018303
0.00181551
0.00180083
0.00178625
0.00177176
0.00175736
0.00174305
0.00172882
0.00171468
0.00170062
0.00168663
0.00167272
0.00165889
0.00164512
0.00163142
0.00161779
0.00160423
0.00159073
0.00157729
0.00156391
0.00155058
0.00153732
0.00152411
0.00151095
0.00149784
0.00148479
0.00147178
0.00145882
0.00144591
0.00143304
0.00142022
0.00140744
0.0013947
0.001382
0.00136934
0.00135672
0.00134413
0.00133158
0.00131907
0.00130659
0.00129415
0.00128174
0.00126936
0.001257
0.00124469
0.00123239
0.00122013
0.0012079
0.00119569
0.00118351
0.00117135
0.00115922
0.00114711
0.00113502
0.00112296
0.00111092
0.00109891
0.00108691
0.00107493
0.00106298
0.00105104
0.00103912
0.00102722
0.00101534
0.00100348
0.000991628
0.000979798
0.000967981
0.000956183
0.000944397
0.000932629
0.000920872
0.000909132
0.000897403
0.000885689
0.000873986
0.000862298
0.00085062
0.000838956
0.0008273
0.000815659
0.000804026
0.000792406
0.000780794
0.000769194
0.000757602
0.000746021
0.000734448
0.000722886
0.00071133
0.000699785
0.000688245
0.000676717
0.000665194
0.00065368
0.000642172
0.000630673
0.000619179
0.000607694
0.000596213
0.000584741
0.000573272
0.000561813
0.000550356
0.000538908
0.000527463
0.000516027
0.000504592
0.000493167
0.000481744
0.000470329
0.000458916
0.000447511
0.000436108
0.000424711
0.000413315
0.000401926
0.000390537
0.000379152
0.000367769
0.000356389
0.00034501
0.000333634
0.00032226
0.00031089
0.000299522
0.00028816
0.0002768
0.000265447
0.000254097
0.000242757
0.000231419
0.000220092
0.000208768
0.000197455
0.000186143
0.000174843
0.000163543
0.000152253
0.000140963
0.00012968
0.000118399
0.00010712
9.58443e-05
8.4568e-05
7.32933e-05
6.20195e-05
5.07443e-05
3.94697e-05
2.81949e-05
1.69183e-05
5.6435e-06
0.00311886
0.00281584
0.00284935
0.00274997
0.00273671
0.00268438
0.00265868
0.00262202
0.00259454
0.00256437
0.00253783
0.00251101
0.00248592
0.0024612
0.00243749
0.00241428
0.00239178
0.00236975
0.00234827
0.00232722
0.00230662
0.00228639
0.00226655
0.00224704
0.00222785
0.00220896
0.00219036
0.00217202
0.00215394
0.00213608
0.00211847
0.00210106
0.00208386
0.00206685
0.00205003
0.00203339
0.00201692
0.00200061
0.00198446
0.00196845
0.00195259
0.00193687
0.00192129
0.00190582
0.00189049
0.00187527
0.00186017
0.00184518
0.00183029
0.00181551
0.00180083
0.00178625
0.00177176
0.00175736
0.00174305
0.00172882
0.00171468
0.00170062
0.00168663
0.00167272
0.00165889
0.00164512
0.00163142
0.00161779
0.00160423
0.00159073
0.00157729
0.00156391
0.00155058
0.00153732
0.00152411
0.00151095
0.00149784
0.00148479
0.00147178
0.00145882
0.00144591
0.00143304
0.00142022
0.00140744
0.0013947
0.001382
0.00136934
0.00135672
0.00134413
0.00133158
0.00131907
0.00130659
0.00129415
0.00128174
0.00126936
0.001257
0.00124468
0.00123239
0.00122013
0.0012079
0.00119569
0.00118351
0.00117135
0.00115922
0.00114711
0.00113502
0.00112296
0.00111092
0.00109891
0.00108691
0.00107493
0.00106298
0.00105104
0.00103912
0.00102722
0.00101534
0.00100348
0.000991627
0.000979798
0.000967981
0.000956183
0.000944397
0.000932629
0.000920872
0.000909132
0.000897402
0.000885689
0.000873986
0.000862298
0.000850619
0.000838956
0.0008273
0.000815659
0.000804026
0.000792406
0.000780794
0.000769194
0.000757602
0.000746021
0.000734448
0.000722885
0.000711329
0.000699785
0.000688245
0.000676717
0.000665193
0.00065368
0.000642172
0.000630673
0.000619179
0.000607694
0.000596213
0.000584741
0.000573272
0.000561813
0.000550356
0.000538908
0.000527463
0.000516026
0.000504592
0.000493167
0.000481744
0.000470329
0.000458916
0.000447511
0.000436108
0.000424711
0.000413315
0.000401926
0.000390537
0.000379152
0.000367769
0.000356389
0.00034501
0.000333634
0.00032226
0.00031089
0.000299522
0.00028816
0.0002768
0.000265447
0.000254097
0.000242757
0.000231419
0.000220092
0.000208768
0.000197455
0.000186143
0.000174843
0.000163543
0.000152253
0.000140963
0.00012968
0.000118399
0.00010712
9.58443e-05
8.4568e-05
7.32933e-05
6.20195e-05
5.07443e-05
3.94697e-05
2.81949e-05
1.69183e-05
5.64352e-06
0.00312218
0.00281422
0.00284863
0.00274966
0.00273653
0.00268428
0.00265861
0.00262197
0.0025945
0.00256434
0.00253781
0.00251099
0.0024859
0.00246118
0.00243748
0.00241427
0.00239177
0.00236974
0.00234826
0.00232721
0.00230661
0.00228639
0.00226655
0.00224703
0.00222785
0.00220896
0.00219036
0.00217201
0.00215393
0.00213608
0.00211847
0.00210106
0.00208386
0.00206685
0.00205003
0.00203339
0.00201692
0.00200061
0.00198446
0.00196845
0.00195259
0.00193687
0.00192128
0.00190582
0.00189049
0.00187527
0.00186017
0.00184517
0.00183029
0.00181551
0.00180083
0.00178625
0.00177176
0.00175736
0.00174305
0.00172882
0.00171468
0.00170061
0.00168663
0.00167272
0.00165888
0.00164512
0.00163142
0.00161779
0.00160423
0.00159073
0.00157729
0.0015639
0.00155058
0.00153732
0.00152411
0.00151095
0.00149784
0.00148479
0.00147178
0.00145882
0.00144591
0.00143304
0.00142022
0.00140744
0.0013947
0.001382
0.00136934
0.00135672
0.00134413
0.00133158
0.00131907
0.00130659
0.00129415
0.00128174
0.00126935
0.001257
0.00124468
0.00123239
0.00122013
0.0012079
0.00119569
0.0011835
0.00117135
0.00115922
0.00114711
0.00113502
0.00112296
0.00111092
0.00109891
0.00108691
0.00107493
0.00106298
0.00105104
0.00103912
0.00102722
0.00101534
0.00100348
0.000991627
0.000979798
0.000967981
0.000956183
0.000944397
0.000932629
0.000920872
0.000909132
0.000897402
0.000885689
0.000873986
0.000862298
0.000850619
0.000838955
0.0008273
0.000815659
0.000804026
0.000792406
0.000780794
0.000769194
0.000757602
0.000746021
0.000734448
0.000722885
0.000711329
0.000699785
0.000688245
0.000676717
0.000665193
0.00065368
0.000642172
0.000630673
0.000619179
0.000607694
0.000596213
0.000584741
0.000573272
0.000561813
0.000550356
0.000538908
0.000527463
0.000516026
0.000504592
0.000493167
0.000481744
0.000470329
0.000458916
0.000447511
0.000436107
0.000424711
0.000413315
0.000401926
0.000390537
0.000379152
0.000367769
0.000356389
0.00034501
0.000333634
0.00032226
0.00031089
0.000299522
0.00028816
0.0002768
0.000265447
0.000254097
0.000242757
0.000231419
0.000220092
0.000208768
0.000197454
0.000186143
0.000174843
0.000163543
0.000152253
0.000140963
0.00012968
0.000118399
0.00010712
9.58443e-05
8.4568e-05
7.32933e-05
6.20195e-05
5.07443e-05
3.94697e-05
2.81949e-05
1.69183e-05
5.64354e-06
0.00312565
0.00281256
0.00284791
0.00274936
0.00273636
0.00268419
0.00265854
0.00262193
0.00259446
0.00256431
0.00253778
0.00251097
0.00248589
0.00246117
0.00243746
0.00241426
0.00239176
0.00236973
0.00234826
0.00232721
0.00230661
0.00228638
0.00226654
0.00224703
0.00222784
0.00220895
0.00219035
0.00217201
0.00215393
0.00213608
0.00211846
0.00210105
0.00208386
0.00206685
0.00205003
0.00203338
0.00201692
0.0020006
0.00198445
0.00196845
0.00195259
0.00193687
0.00192128
0.00190582
0.00189049
0.00187527
0.00186017
0.00184517
0.00183029
0.00181551
0.00180083
0.00178624
0.00177176
0.00175736
0.00174305
0.00172882
0.00171468
0.00170061
0.00168663
0.00167272
0.00165888
0.00164512
0.00163142
0.00161779
0.00160423
0.00159072
0.00157729
0.0015639
0.00155058
0.00153732
0.00152411
0.00151095
0.00149784
0.00148479
0.00147178
0.00145882
0.00144591
0.00143304
0.00142022
0.00140744
0.0013947
0.001382
0.00136934
0.00135672
0.00134413
0.00133158
0.00131907
0.00130659
0.00129415
0.00128173
0.00126935
0.001257
0.00124468
0.00123239
0.00122013
0.00120789
0.00119569
0.0011835
0.00117135
0.00115922
0.00114711
0.00113502
0.00112296
0.00111092
0.00109891
0.00108691
0.00107493
0.00106298
0.00105104
0.00103912
0.00102722
0.00101534
0.00100348
0.000991627
0.000979798
0.000967981
0.000956183
0.000944397
0.000932629
0.000920872
0.000909132
0.000897402
0.000885689
0.000873986
0.000862298
0.000850619
0.000838955
0.0008273
0.000815659
0.000804026
0.000792406
0.000780794
0.000769194
0.000757602
0.000746021
0.000734447
0.000722885
0.000711329
0.000699784
0.000688245
0.000676717
0.000665193
0.00065368
0.000642172
0.000630673
0.000619179
0.000607694
0.000596213
0.000584741
0.000573272
0.000561813
0.000550356
0.000538908
0.000527463
0.000516026
0.000504592
0.000493167
0.000481744
0.000470329
0.000458916
0.000447511
0.000436107
0.000424711
0.000413315
0.000401926
0.000390537
0.000379152
0.000367769
0.000356389
0.00034501
0.000333634
0.00032226
0.00031089
0.000299522
0.00028816
0.0002768
0.000265447
0.000254097
0.000242757
0.000231419
0.000220092
0.000208768
0.000197454
0.000186143
0.000174843
0.000163543
0.000152253
0.000140963
0.00012968
0.000118399
0.00010712
9.58443e-05
8.4568e-05
7.32933e-05
6.20195e-05
5.07443e-05
3.94697e-05
2.81949e-05
1.69183e-05
5.64354e-06
0.00312931
0.00281088
0.00284721
0.00274908
0.0027362
0.0026841
0.00265848
0.00262188
0.00259443
0.00256429
0.00253776
0.00251095
0.00248587
0.00246115
0.00243745
0.00241425
0.00239175
0.00236972
0.00234825
0.0023272
0.0023066
0.00228638
0.00226654
0.00224702
0.00222784
0.00220895
0.00219035
0.00217201
0.00215393
0.00213608
0.00211846
0.00210105
0.00208385
0.00206684
0.00205003
0.00203338
0.00201691
0.0020006
0.00198445
0.00196845
0.00195259
0.00193687
0.00192128
0.00190582
0.00189048
0.00187526
0.00186017
0.00184517
0.00183029
0.00181551
0.00180083
0.00178624
0.00177176
0.00175736
0.00174305
0.00172882
0.00171468
0.00170061
0.00168663
0.00167272
0.00165888
0.00164512
0.00163142
0.00161779
0.00160423
0.00159072
0.00157729
0.0015639
0.00155058
0.00153732
0.00152411
0.00151095
0.00149784
0.00148478
0.00147178
0.00145882
0.00144591
0.00143304
0.00142022
0.00140743
0.0013947
0.001382
0.00136934
0.00135672
0.00134413
0.00133158
0.00131907
0.00130659
0.00129415
0.00128173
0.00126935
0.001257
0.00124468
0.00123239
0.00122013
0.00120789
0.00119569
0.0011835
0.00117135
0.00115922
0.00114711
0.00113502
0.00112296
0.00111092
0.00109891
0.00108691
0.00107493
0.00106298
0.00105104
0.00103912
0.00102722
0.00101534
0.00100348
0.000991627
0.000979797
0.000967981
0.000956183
0.000944397
0.000932628
0.000920871
0.000909132
0.000897402
0.000885689
0.000873986
0.000862298
0.000850619
0.000838955
0.0008273
0.000815659
0.000804026
0.000792406
0.000780794
0.000769194
0.000757601
0.000746021
0.000734447
0.000722885
0.000711329
0.000699784
0.000688245
0.000676717
0.000665193
0.00065368
0.000642172
0.000630673
0.000619179
0.000607694
0.000596213
0.000584741
0.000573272
0.000561813
0.000550356
0.000538908
0.000527463
0.000516026
0.000504592
0.000493167
0.000481744
0.000470329
0.000458916
0.000447511
0.000436107
0.000424711
0.000413315
0.000401926
0.000390537
0.000379152
0.000367769
0.000356389
0.00034501
0.000333634
0.00032226
0.00031089
0.000299522
0.00028816
0.0002768
0.000265447
0.000254097
0.000242757
0.000231419
0.000220092
0.000208768
0.000197454
0.000186143
0.000174843
0.000163543
0.000152253
0.000140963
0.00012968
0.000118399
0.00010712
9.58443e-05
8.4568e-05
7.32933e-05
6.20195e-05
5.07443e-05
3.94697e-05
2.81949e-05
1.69183e-05
5.64355e-06
0.00313323
0.00280922
0.00284654
0.00274883
0.00273607
0.00268403
0.00265843
0.00262185
0.0025944
0.00256426
0.00253774
0.00251094
0.00248586
0.00246114
0.00243744
0.00241424
0.00239174
0.00236972
0.00234824
0.00232719
0.0023066
0.00228637
0.00226653
0.00224702
0.00222784
0.00220894
0.00219035
0.002172
0.00215392
0.00213607
0.00211846
0.00210105
0.00208385
0.00206684
0.00205003
0.00203338
0.00201691
0.0020006
0.00198445
0.00196844
0.00195259
0.00193686
0.00192128
0.00190582
0.00189048
0.00187526
0.00186016
0.00184517
0.00183029
0.00181551
0.00180083
0.00178624
0.00177176
0.00175735
0.00174305
0.00172882
0.00171468
0.00170061
0.00168663
0.00167272
0.00165888
0.00164512
0.00163142
0.00161779
0.00160423
0.00159072
0.00157728
0.0015639
0.00155058
0.00153731
0.0015241
0.00151095
0.00149784
0.00148478
0.00147178
0.00145882
0.00144591
0.00143304
0.00142022
0.00140743
0.0013947
0.001382
0.00136934
0.00135671
0.00134413
0.00133158
0.00131907
0.00130659
0.00129415
0.00128173
0.00126935
0.001257
0.00124468
0.00123239
0.00122013
0.00120789
0.00119569
0.0011835
0.00117135
0.00115922
0.00114711
0.00113502
0.00112296
0.00111092
0.00109891
0.00108691
0.00107493
0.00106298
0.00105104
0.00103912
0.00102722
0.00101534
0.00100348
0.000991627
0.000979797
0.00096798
0.000956183
0.000944396
0.000932628
0.000920871
0.000909131
0.000897402
0.000885689
0.000873985
0.000862298
0.000850619
0.000838955
0.0008273
0.000815659
0.000804025
0.000792406
0.000780793
0.000769194
0.000757601
0.000746021
0.000734447
0.000722885
0.000711329
0.000699784
0.000688245
0.000676717
0.000665193
0.00065368
0.000642172
0.000630673
0.000619179
0.000607694
0.000596213
0.000584741
0.000573272
0.000561813
0.000550356
0.000538908
0.000527463
0.000516026
0.000504592
0.000493167
0.000481744
0.000470329
0.000458916
0.000447511
0.000436107
0.000424711
0.000413315
0.000401926
0.000390537
0.000379152
0.000367769
0.000356389
0.00034501
0.000333634
0.00032226
0.00031089
0.000299522
0.00028816
0.0002768
0.000265447
0.000254097
0.000242757
0.000231419
0.000220092
0.000208768
0.000197454
0.000186143
0.000174843
0.000163543
0.000152253
0.000140963
0.00012968
0.000118399
0.00010712
9.58443e-05
8.4568e-05
7.32933e-05
6.20195e-05
5.07443e-05
3.94697e-05
2.81949e-05
1.69183e-05
5.64355e-06
0.00313749
0.00280761
0.00284593
0.00274862
0.00273595
0.00268396
0.00265839
0.00262181
0.00259437
0.00256424
0.00253772
0.00251092
0.00248584
0.00246113
0.00243743
0.00241423
0.00239173
0.00236971
0.00234824
0.00232719
0.00230659
0.00228637
0.00226653
0.00224701
0.00222783
0.00220894
0.00219034
0.002172
0.00215392
0.00213607
0.00211845
0.00210104
0.00208385
0.00206684
0.00205002
0.00203338
0.00201691
0.0020006
0.00198445
0.00196844
0.00195259
0.00193686
0.00192128
0.00190581
0.00189048
0.00187526
0.00186016
0.00184517
0.00183029
0.0018155
0.00180083
0.00178624
0.00177175
0.00175735
0.00174304
0.00172882
0.00171468
0.00170061
0.00168663
0.00167272
0.00165888
0.00164511
0.00163142
0.00161779
0.00160423
0.00159072
0.00157728
0.0015639
0.00155058
0.00153731
0.0015241
0.00151095
0.00149784
0.00148478
0.00147178
0.00145882
0.00144591
0.00143304
0.00142022
0.00140743
0.0013947
0.001382
0.00136934
0.00135671
0.00134413
0.00133158
0.00131907
0.00130659
0.00129415
0.00128173
0.00126935
0.001257
0.00124468
0.00123239
0.00122013
0.00120789
0.00119569
0.0011835
0.00117135
0.00115922
0.00114711
0.00113502
0.00112296
0.00111092
0.00109891
0.00108691
0.00107493
0.00106298
0.00105104
0.00103912
0.00102722
0.00101534
0.00100348
0.000991627
0.000979797
0.00096798
0.000956182
0.000944396
0.000932628
0.000920871
0.000909131
0.000897402
0.000885689
0.000873985
0.000862298
0.000850619
0.000838955
0.0008273
0.000815658
0.000804025
0.000792405
0.000780793
0.000769194
0.000757601
0.000746021
0.000734447
0.000722885
0.000711329
0.000699784
0.000688245
0.000676716
0.000665193
0.00065368
0.000642172
0.000630673
0.000619179
0.000607694
0.000596213
0.000584741
0.000573272
0.000561812
0.000550356
0.000538908
0.000527463
0.000516026
0.000504592
0.000493167
0.000481744
0.000470329
0.000458916
0.000447511
0.000436107
0.000424711
0.000413315
0.000401925
0.000390537
0.000379152
0.000367769
0.000356388
0.00034501
0.000333634
0.00032226
0.00031089
0.000299522
0.00028816
0.0002768
0.000265447
0.000254097
0.000242757
0.000231419
0.000220092
0.000208768
0.000197454
0.000186143
0.000174843
0.000163543
0.000152253
0.000140963
0.00012968
0.000118399
0.00010712
9.58443e-05
8.4568e-05
7.32933e-05
6.20195e-05
5.07443e-05
3.94697e-05
2.81949e-05
1.69183e-05
5.64354e-06
0.0031422
0.00280613
0.00284539
0.00274844
0.00273585
0.0026839
0.00265834
0.00262178
0.00259435
0.00256422
0.00253771
0.00251091
0.00248583
0.00246112
0.00243742
0.00241422
0.00239172
0.0023697
0.00234823
0.00232718
0.00230658
0.00228636
0.00226652
0.00224701
0.00222783
0.00220894
0.00219034
0.002172
0.00215392
0.00213607
0.00211845
0.00210104
0.00208385
0.00206684
0.00205002
0.00203338
0.00201691
0.0020006
0.00198445
0.00196844
0.00195258
0.00193686
0.00192128
0.00190581
0.00189048
0.00187526
0.00186016
0.00184517
0.00183029
0.0018155
0.00180083
0.00178624
0.00177175
0.00175735
0.00174304
0.00172882
0.00171467
0.00170061
0.00168663
0.00167272
0.00165888
0.00164511
0.00163142
0.00161779
0.00160422
0.00159072
0.00157728
0.0015639
0.00155058
0.00153731
0.0015241
0.00151094
0.00149784
0.00148478
0.00147178
0.00145882
0.00144591
0.00143304
0.00142021
0.00140743
0.00139469
0.00138199
0.00136934
0.00135671
0.00134413
0.00133158
0.00131907
0.00130659
0.00129415
0.00128173
0.00126935
0.001257
0.00124468
0.00123239
0.00122013
0.00120789
0.00119569
0.0011835
0.00117135
0.00115921
0.00114711
0.00113502
0.00112296
0.00111092
0.00109891
0.00108691
0.00107493
0.00106298
0.00105104
0.00103912
0.00102722
0.00101534
0.00100348
0.000991626
0.000979797
0.00096798
0.000956182
0.000944396
0.000932628
0.000920871
0.000909131
0.000897402
0.000885689
0.000873985
0.000862297
0.000850619
0.000838955
0.0008273
0.000815658
0.000804025
0.000792405
0.000780793
0.000769194
0.000757601
0.000746021
0.000734447
0.000722885
0.000711329
0.000699784
0.000688245
0.000676716
0.000665193
0.00065368
0.000642172
0.000630673
0.000619179
0.000607694
0.000596213
0.000584741
0.000573272
0.000561812
0.000550356
0.000538908
0.000527463
0.000516026
0.000504592
0.000493167
0.000481744
0.000470329
0.000458916
0.000447511
0.000436107
0.000424711
0.000413315
0.000401925
0.000390536
0.000379152
0.000367769
0.000356388
0.00034501
0.000333634
0.00032226
0.00031089
0.000299522
0.00028816
0.0002768
0.000265447
0.000254097
0.000242757
0.000231419
0.000220092
0.000208768
0.000197454
0.000186143
0.000174843
0.000163543
0.000152253
0.000140963
0.00012968
0.000118399
0.00010712
9.58443e-05
8.4568e-05
7.32933e-05
6.20195e-05
5.07443e-05
3.94697e-05
2.81949e-05
1.69183e-05
5.64354e-06
0.00314749
0.00280482
0.00284495
0.00274829
0.00273576
0.00268385
0.0026583
0.00262175
0.00259432
0.0025642
0.00253769
0.00251089
0.00248582
0.00246111
0.00243741
0.00241421
0.00239171
0.00236969
0.00234822
0.00232717
0.00230658
0.00228635
0.00226652
0.002247
0.00222782
0.00220893
0.00219033
0.00217199
0.00215391
0.00213606
0.00211845
0.00210104
0.00208384
0.00206683
0.00205002
0.00203337
0.0020169
0.00200059
0.00198444
0.00196844
0.00195258
0.00193686
0.00192127
0.00190581
0.00189048
0.00187526
0.00186016
0.00184517
0.00183029
0.0018155
0.00180082
0.00178624
0.00177175
0.00175735
0.00174304
0.00172881
0.00171467
0.00170061
0.00168663
0.00167271
0.00165888
0.00164511
0.00163142
0.00161779
0.00160422
0.00159072
0.00157728
0.0015639
0.00155058
0.00153731
0.0015241
0.00151094
0.00149784
0.00148478
0.00147178
0.00145882
0.00144591
0.00143304
0.00142021
0.00140743
0.00139469
0.00138199
0.00136934
0.00135671
0.00134413
0.00133158
0.00131907
0.00130659
0.00129415
0.00128173
0.00126935
0.001257
0.00124468
0.00123239
0.00122013
0.00120789
0.00119569
0.0011835
0.00117135
0.00115921
0.00114711
0.00113502
0.00112296
0.00111092
0.00109891
0.00108691
0.00107493
0.00106297
0.00105104
0.00103912
0.00102722
0.00101534
0.00100348
0.000991626
0.000979797
0.00096798
0.000956182
0.000944396
0.000932628
0.000920871
0.000909131
0.000897402
0.000885688
0.000873985
0.000862297
0.000850619
0.000838955
0.000827299
0.000815658
0.000804025
0.000792405
0.000780793
0.000769193
0.000757601
0.000746021
0.000734447
0.000722885
0.000711329
0.000699784
0.000688245
0.000676716
0.000665193
0.00065368
0.000642171
0.000630673
0.000619179
0.000607694
0.000596213
0.000584741
0.000573272
0.000561812
0.000550356
0.000538908
0.000527462
0.000516026
0.000504592
0.000493167
0.000481744
0.000470329
0.000458916
0.000447511
0.000436107
0.000424711
0.000413315
0.000401925
0.000390536
0.000379152
0.000367769
0.000356388
0.00034501
0.000333634
0.00032226
0.00031089
0.000299522
0.000288159
0.000276799
0.000265447
0.000254097
0.000242757
0.000231419
0.000220092
0.000208768
0.000197454
0.000186143
0.000174843
0.000163543
0.000152253
0.000140963
0.00012968
0.000118399
0.00010712
9.58443e-05
8.4568e-05
7.32933e-05
6.20195e-05
5.07443e-05
3.94697e-05
2.81949e-05
1.69183e-05
5.64354e-06
0.00315357
0.00280374
0.00284459
0.00274816
0.00273568
0.0026838
0.00265826
0.00262172
0.0025943
0.00256418
0.00253767
0.00251087
0.0024858
0.00246109
0.0024374
0.0024142
0.0023917
0.00236969
0.00234821
0.00232717
0.00230657
0.00228635
0.00226651
0.002247
0.00222782
0.00220893
0.00219033
0.00217199
0.00215391
0.00213606
0.00211844
0.00210104
0.00208384
0.00206683
0.00205002
0.00203337
0.0020169
0.00200059
0.00198444
0.00196844
0.00195258
0.00193686
0.00192127
0.00190581
0.00189048
0.00187526
0.00186016
0.00184516
0.00183028
0.0018155
0.00180082
0.00178624
0.00177175
0.00175735
0.00174304
0.00172881
0.00171467
0.00170061
0.00168662
0.00167271
0.00165888
0.00164511
0.00163142
0.00161779
0.00160422
0.00159072
0.00157728
0.0015639
0.00155058
0.00153731
0.0015241
0.00151094
0.00149784
0.00148478
0.00147178
0.00145882
0.0014459
0.00143304
0.00142021
0.00140743
0.00139469
0.00138199
0.00136933
0.00135671
0.00134413
0.00133158
0.00131907
0.00130659
0.00129415
0.00128173
0.00126935
0.001257
0.00124468
0.00123239
0.00122013
0.00120789
0.00119569
0.0011835
0.00117135
0.00115921
0.00114711
0.00113502
0.00112296
0.00111092
0.00109891
0.00108691
0.00107493
0.00106297
0.00105104
0.00103912
0.00102722
0.00101534
0.00100348
0.000991626
0.000979797
0.00096798
0.000956182
0.000944396
0.000932628
0.000920871
0.000909131
0.000897401
0.000885688
0.000873985
0.000862297
0.000850618
0.000838955
0.000827299
0.000815658
0.000804025
0.000792405
0.000780793
0.000769193
0.000757601
0.000746021
0.000734447
0.000722885
0.000711329
0.000699784
0.000688245
0.000676716
0.000665193
0.00065368
0.000642171
0.000630673
0.000619178
0.000607694
0.000596212
0.000584741
0.000573272
0.000561812
0.000550355
0.000538908
0.000527462
0.000516026
0.000504592
0.000493167
0.000481743
0.000470329
0.000458916
0.000447511
0.000436107
0.000424711
0.000413315
0.000401925
0.000390536
0.000379152
0.000367769
0.000356388
0.00034501
0.000333634
0.00032226
0.00031089
0.000299522
0.000288159
0.000276799
0.000265447
0.000254097
0.000242757
0.000231419
0.000220092
0.000208768
0.000197454
0.000186143
0.000174843
0.000163543
0.000152253
0.000140963
0.00012968
0.000118399
0.00010712
9.58443e-05
8.4568e-05
7.32933e-05
6.20195e-05
5.07443e-05
3.94697e-05
2.81949e-05
1.69183e-05
5.64354e-06
0.00316069
0.0028029
0.00284428
0.00274804
0.0027356
0.00268375
0.00265822
0.00262169
0.00259427
0.00256416
0.00253765
0.00251086
0.00248579
0.00246108
0.00243739
0.00241419
0.00239169
0.00236968
0.00234821
0.00232716
0.00230657
0.00228634
0.0022665
0.00224699
0.00222781
0.00220892
0.00219032
0.00217198
0.0021539
0.00213605
0.00211844
0.00210103
0.00208384
0.00206683
0.00205001
0.00203337
0.0020169
0.00200059
0.00198444
0.00196843
0.00195258
0.00193685
0.00192127
0.00190581
0.00189047
0.00187525
0.00186016
0.00184516
0.00183028
0.0018155
0.00180082
0.00178624
0.00177175
0.00175735
0.00174304
0.00172881
0.00171467
0.00170061
0.00168662
0.00167271
0.00165888
0.00164511
0.00163142
0.00161778
0.00160422
0.00159072
0.00157728
0.0015639
0.00155058
0.00153731
0.0015241
0.00151094
0.00149784
0.00148478
0.00147178
0.00145882
0.0014459
0.00143304
0.00142021
0.00140743
0.00139469
0.00138199
0.00136933
0.00135671
0.00134413
0.00133158
0.00131907
0.00130659
0.00129415
0.00128173
0.00126935
0.001257
0.00124468
0.00123239
0.00122013
0.00120789
0.00119569
0.0011835
0.00117135
0.00115921
0.00114711
0.00113502
0.00112296
0.00111092
0.0010989
0.00108691
0.00107493
0.00106297
0.00105104
0.00103912
0.00102722
0.00101534
0.00100347
0.000991626
0.000979796
0.000967979
0.000956182
0.000944395
0.000932627
0.00092087
0.000909131
0.000897401
0.000885688
0.000873985
0.000862297
0.000850618
0.000838954
0.000827299
0.000815658
0.000804025
0.000792405
0.000780793
0.000769193
0.000757601
0.00074602
0.000734447
0.000722885
0.000711329
0.000699784
0.000688245
0.000676716
0.000665193
0.00065368
0.000642171
0.000630673
0.000619178
0.000607694
0.000596212
0.00058474
0.000573272
0.000561812
0.000550355
0.000538908
0.000527462
0.000516026
0.000504592
0.000493167
0.000481743
0.000470329
0.000458916
0.000447511
0.000436107
0.000424711
0.000413315
0.000401925
0.000390536
0.000379152
0.000367768
0.000356388
0.00034501
0.000333634
0.00032226
0.00031089
0.000299522
0.000288159
0.000276799
0.000265447
0.000254097
0.000242757
0.000231419
0.000220092
0.000208768
0.000197454
0.000186143
0.000174843
0.000163543
0.000152253
0.000140963
0.00012968
0.000118399
0.00010712
9.58443e-05
8.4568e-05
7.32933e-05
6.20195e-05
5.07443e-05
3.94698e-05
2.8195e-05
1.69183e-05
5.64354e-06
0.0031679
0.00280234
0.00284404
0.00274793
0.00273553
0.0026837
0.00265818
0.00262166
0.00259425
0.00256414
0.00253763
0.00251084
0.00248577
0.00246107
0.00243738
0.00241418
0.00239169
0.00236967
0.0023482
0.00232715
0.00230656
0.00228634
0.0022665
0.00224699
0.00222781
0.00220892
0.00219032
0.00217198
0.0021539
0.00213605
0.00211844
0.00210103
0.00208383
0.00206682
0.00205001
0.00203336
0.0020169
0.00200059
0.00198444
0.00196843
0.00195258
0.00193685
0.00192127
0.00190581
0.00189047
0.00187525
0.00186015
0.00184516
0.00183028
0.0018155
0.00180082
0.00178623
0.00177175
0.00175735
0.00174304
0.00172881
0.00171467
0.00170061
0.00168662
0.00167271
0.00165888
0.00164511
0.00163141
0.00161778
0.00160422
0.00159072
0.00157728
0.0015639
0.00155058
0.00153731
0.0015241
0.00151094
0.00149784
0.00148478
0.00147177
0.00145881
0.0014459
0.00143304
0.00142021
0.00140743
0.00139469
0.00138199
0.00136933
0.00135671
0.00134413
0.00133158
0.00131907
0.00130659
0.00129414
0.00128173
0.00126935
0.001257
0.00124468
0.00123239
0.00122013
0.00120789
0.00119568
0.0011835
0.00117135
0.00115921
0.00114711
0.00113502
0.00112296
0.00111092
0.0010989
0.00108691
0.00107493
0.00106297
0.00105104
0.00103912
0.00102722
0.00101534
0.00100347
0.000991626
0.000979796
0.000967979
0.000956181
0.000944395
0.000932627
0.00092087
0.00090913
0.000897401
0.000885688
0.000873985
0.000862297
0.000850618
0.000838954
0.000827299
0.000815658
0.000804025
0.000792405
0.000780793
0.000769193
0.000757601
0.00074602
0.000734447
0.000722884
0.000711329
0.000699784
0.000688244
0.000676716
0.000665193
0.00065368
0.000642171
0.000630673
0.000619178
0.000607693
0.000596212
0.00058474
0.000573272
0.000561812
0.000550355
0.000538908
0.000527462
0.000516026
0.000504592
0.000493167
0.000481743
0.000470329
0.000458916
0.000447511
0.000436107
0.000424711
0.000413315
0.000401925
0.000390536
0.000379152
0.000367768
0.000356388
0.00034501
0.000333634
0.00032226
0.00031089
0.000299522
0.000288159
0.000276799
0.000265447
0.000254097
0.000242757
0.000231419
0.000220092
0.000208768
0.000197454
0.000186143
0.000174842
0.000163543
0.000152253
0.000140963
0.00012968
0.000118399
0.00010712
9.58443e-05
8.4568e-05
7.32933e-05
6.20195e-05
5.07444e-05
3.94698e-05
2.8195e-05
1.69183e-05
5.64355e-06
)
;

boundaryField
{
    inlet
    {
        type            zeroGradient;
    }
    outlet
    {
        type            fixedValue;
        value           uniform 0;
    }
    wall
    {
        type            zeroGradient;
    }
    axis
    {
        type            symmetryPlane;
    }
    frontAndBack
    {
        type            empty;
    }
}


// ************************************************************************* //
