/*--------------------------------*- C++ -*----------------------------------*\
| =========                 |                                                 |
| \\      /  F ield         | OpenFOAM: The Open Source CFD Toolbox           |
|  \\    /   O peration     | Version:  2412                                  |
|   \\  /    A nd           | Website:  www.openfoam.com                      |
|    \\/     M anipulation  |                                                 |
\*---------------------------------------------------------------------------*/
FoamFile
{
    version     2.0;
    format      ascii;
    arch        "LSB;label=32;scalar=64";
    class       volScalarField;
    location    "500";
    object      p;
}
// * * * * * * * * * * * * * * * * * * * * * * * * * * * * * * * * * * * * * //

dimensions      [0 2 -2 0 0 0 0];

internalField   nonuniform List<scalar> 
8000
(
0.00307855
0.00284392
0.00286571
0.00276174
0.00274652
0.00269292
0.00266664
0.00262969
0.00260191
0.00257167
0.00254493
0.0025181
0.00249286
0.00246816
0.00244432
0.00242115
0.00239853
0.00237656
0.00235497
0.00233399
0.00231328
0.00229313
0.00227318
0.00225374
0.00223445
0.00221564
0.00219694
0.00217868
0.0021605
0.00214273
0.00212502
0.00210769
0.0020904
0.00207347
0.00205657
0.00204
0.00202345
0.00200721
0.00199098
0.00197504
0.00195912
0.00194345
0.00192781
0.00191239
0.00189701
0.00188183
0.0018667
0.00185172
0.00183682
0.00182205
0.00180736
0.00179278
0.00177829
0.00176388
0.00174959
0.00173534
0.00172122
0.00170713
0.00169317
0.00167922
0.00166543
0.00165162
0.00163797
0.00162429
0.00161078
0.00159722
0.00158383
0.00157039
0.00155713
0.0015438
0.00153065
0.00151743
0.00150439
0.00149127
0.00147833
0.0014653
0.00145245
0.00143952
0.00142676
0.00141392
0.00140124
0.00138848
0.00137588
0.0013632
0.00135067
0.00133806
0.00132561
0.00131307
0.00130068
0.00128822
0.00127589
0.0012635
0.00125122
0.00123889
0.00122667
0.0012144
0.00120222
0.00119001
0.00117787
0.00116571
0.00115361
0.00114149
0.00112942
0.00111735
0.00110532
0.00109329
0.00108132
0.00106934
0.00105743
0.00104552
0.00103367
0.00102184
0.00101007
0.000998311
0.000986622
0.000974942
0.000963327
0.000951715
0.000940161
0.000928603
0.000917093
0.000905572
0.00089409
0.000882589
0.000871119
0.000859624
0.000848154
0.000836656
0.000825179
0.000813673
0.000802185
0.000790668
0.000779169
0.000767642
0.000756131
0.000744596
0.000733077
0.000721536
0.00071001
0.000698465
0.000686934
0.000675386
0.000663852
0.000652303
0.000640766
0.000629217
0.000617679
0.000606129
0.00059459
0.00058304
0.000571501
0.000559951
0.000548411
0.000536861
0.000525322
0.000513772
0.000502232
0.000490682
0.000479143
0.000467593
0.000456053
0.000444503
0.000432964
0.000421413
0.000409874
0.000398324
0.000386784
0.000375234
0.000363694
0.000352145
0.000340605
0.000329055
0.000317515
0.000305965
0.000294425
0.000282876
0.000271336
0.000259785
0.000248247
0.000236695
0.000225158
0.000213605
0.000202069
0.000190515
0.000178979
0.000167425
0.00015589
0.000144335
0.000132801
0.000121246
0.000109711
9.81563e-05
8.66209e-05
7.50673e-05
6.35304e-05
5.19787e-05
4.04379e-05
2.88892e-05
1.73168e-05
5.77812e-06
0.00307864
0.0028439
0.00286567
0.00276174
0.0027465
0.00269292
0.00266663
0.00262969
0.00260191
0.00257167
0.00254493
0.0025181
0.00249286
0.00246815
0.00244432
0.00242115
0.00239853
0.00237656
0.00235497
0.00233399
0.00231328
0.00229312
0.00227318
0.00225374
0.00223445
0.00221564
0.00219694
0.00217868
0.0021605
0.00214273
0.00212502
0.00210769
0.0020904
0.00207347
0.00205657
0.00204
0.00202345
0.00200721
0.00199098
0.00197504
0.00195912
0.00194345
0.00192781
0.00191239
0.00189701
0.00188183
0.0018667
0.00185172
0.00183682
0.00182205
0.00180736
0.00179278
0.00177829
0.00176388
0.00174959
0.00173534
0.00172122
0.00170713
0.00169317
0.00167922
0.00166543
0.00165162
0.00163797
0.00162429
0.00161078
0.00159722
0.00158383
0.00157039
0.00155713
0.0015438
0.00153065
0.00151743
0.00150439
0.00149127
0.00147833
0.0014653
0.00145245
0.00143952
0.00142676
0.00141392
0.00140124
0.00138848
0.00137588
0.0013632
0.00135067
0.00133806
0.00132561
0.00131307
0.00130068
0.00128822
0.00127589
0.0012635
0.00125122
0.00123889
0.00122667
0.0012144
0.00120222
0.00119001
0.00117787
0.00116571
0.00115361
0.00114149
0.00112942
0.00111735
0.00110532
0.00109329
0.00108132
0.00106934
0.00105743
0.00104552
0.00103367
0.00102184
0.00101007
0.000998311
0.000986622
0.000974942
0.000963327
0.000951715
0.000940161
0.000928603
0.000917093
0.000905572
0.00089409
0.000882589
0.000871119
0.000859624
0.000848154
0.000836656
0.000825179
0.000813673
0.000802185
0.000790668
0.000779169
0.000767642
0.000756131
0.000744596
0.000733077
0.000721536
0.00071001
0.000698465
0.000686934
0.000675386
0.000663852
0.000652303
0.000640766
0.000629217
0.000617679
0.000606129
0.00059459
0.00058304
0.000571501
0.000559951
0.000548411
0.000536861
0.000525322
0.000513772
0.000502232
0.000490682
0.000479143
0.000467593
0.000456053
0.000444503
0.000432964
0.000421413
0.000409874
0.000398324
0.000386784
0.000375234
0.000363694
0.000352145
0.000340605
0.000329055
0.000317515
0.000305965
0.000294425
0.000282876
0.000271336
0.000259785
0.000248247
0.000236695
0.000225158
0.000213605
0.000202069
0.000190515
0.000178979
0.000167425
0.00015589
0.000144335
0.000132801
0.000121246
0.000109711
9.81563e-05
8.66209e-05
7.50673e-05
6.35304e-05
5.19787e-05
4.04379e-05
2.88892e-05
1.73167e-05
5.778e-06
0.00307885
0.00284381
0.00286563
0.00276172
0.00274649
0.00269291
0.00266663
0.00262968
0.00260191
0.00257166
0.00254493
0.00251809
0.00249286
0.00246815
0.00244432
0.00242115
0.00239853
0.00237656
0.00235497
0.00233398
0.00231328
0.00229312
0.00227317
0.00225374
0.00223445
0.00221564
0.00219694
0.00217868
0.0021605
0.00214273
0.00212502
0.00210769
0.0020904
0.00207347
0.00205657
0.00204
0.00202345
0.0020072
0.00199098
0.00197504
0.00195912
0.00194345
0.00192781
0.00191239
0.00189701
0.00188183
0.0018667
0.00185172
0.00183682
0.00182205
0.00180736
0.00179278
0.00177829
0.00176388
0.00174959
0.00173534
0.00172122
0.00170713
0.00169317
0.00167922
0.00166543
0.00165162
0.00163797
0.00162429
0.00161078
0.00159722
0.00158383
0.00157039
0.00155713
0.0015438
0.00153065
0.00151743
0.00150439
0.00149127
0.00147833
0.0014653
0.00145245
0.00143952
0.00142676
0.00141392
0.00140124
0.00138848
0.00137588
0.0013632
0.00135067
0.00133806
0.00132561
0.00131307
0.00130068
0.00128822
0.00127589
0.0012635
0.00125122
0.00123889
0.00122667
0.0012144
0.00120222
0.00119001
0.00117787
0.00116571
0.00115361
0.00114149
0.00112942
0.00111735
0.00110532
0.00109329
0.00108132
0.00106934
0.00105743
0.00104552
0.00103367
0.00102184
0.00101007
0.000998311
0.000986622
0.000974942
0.000963326
0.000951715
0.000940161
0.000928603
0.000917093
0.000905572
0.00089409
0.000882589
0.000871119
0.000859624
0.000848154
0.000836656
0.000825179
0.000813673
0.000802185
0.000790668
0.000779169
0.000767642
0.000756131
0.000744596
0.000733077
0.000721536
0.00071001
0.000698465
0.000686934
0.000675386
0.000663852
0.000652303
0.000640766
0.000629217
0.000617679
0.000606129
0.00059459
0.00058304
0.000571501
0.000559951
0.000548411
0.000536861
0.000525322
0.000513772
0.000502232
0.000490682
0.000479143
0.000467593
0.000456053
0.000444503
0.000432964
0.000421413
0.000409874
0.000398324
0.000386784
0.000375234
0.000363694
0.000352145
0.000340605
0.000329055
0.000317515
0.000305965
0.000294425
0.000282876
0.000271336
0.000259785
0.000248247
0.000236695
0.000225158
0.000213605
0.000202069
0.000190515
0.000178979
0.000167425
0.00015589
0.000144335
0.000132801
0.000121246
0.000109711
9.81563e-05
8.66209e-05
7.50673e-05
6.35304e-05
5.19787e-05
4.0438e-05
2.88892e-05
1.73169e-05
5.77819e-06
0.00307917
0.00284368
0.00286556
0.00276168
0.00274646
0.0026929
0.00266661
0.00262967
0.0026019
0.00257166
0.00254492
0.00251809
0.00249285
0.00246815
0.00244432
0.00242115
0.00239853
0.00237656
0.00235497
0.00233398
0.00231328
0.00229312
0.00227317
0.00225374
0.00223445
0.00221564
0.00219694
0.00217868
0.0021605
0.00214273
0.00212502
0.00210769
0.0020904
0.00207347
0.00205657
0.00204
0.00202345
0.0020072
0.00199098
0.00197504
0.00195912
0.00194345
0.00192781
0.00191239
0.00189701
0.00188183
0.0018667
0.00185172
0.00183682
0.00182205
0.00180736
0.00179278
0.00177829
0.00176388
0.00174959
0.00173534
0.00172122
0.00170713
0.00169317
0.00167922
0.00166543
0.00165162
0.00163797
0.00162429
0.00161077
0.00159722
0.00158383
0.00157039
0.00155713
0.0015438
0.00153065
0.00151743
0.00150439
0.00149127
0.00147833
0.0014653
0.00145245
0.00143952
0.00142676
0.00141392
0.00140124
0.00138848
0.00137588
0.0013632
0.00135067
0.00133806
0.00132561
0.00131307
0.00130068
0.00128822
0.00127589
0.0012635
0.00125122
0.00123889
0.00122667
0.0012144
0.00120222
0.00119001
0.00117787
0.00116571
0.00115361
0.00114149
0.00112942
0.00111735
0.00110532
0.00109329
0.00108132
0.00106934
0.00105743
0.00104552
0.00103367
0.00102184
0.00101007
0.00099831
0.000986622
0.000974942
0.000963326
0.000951715
0.00094016
0.000928603
0.000917093
0.000905572
0.00089409
0.000882589
0.000871119
0.000859624
0.000848154
0.000836656
0.000825179
0.000813673
0.000802185
0.000790668
0.000779169
0.000767642
0.000756131
0.000744596
0.000733077
0.000721536
0.00071001
0.000698465
0.000686934
0.000675386
0.000663852
0.000652303
0.000640766
0.000629217
0.000617679
0.000606129
0.00059459
0.00058304
0.000571501
0.000559951
0.000548411
0.000536861
0.000525322
0.000513772
0.000502232
0.000490682
0.000479143
0.000467593
0.000456053
0.000444503
0.000432964
0.000421413
0.000409874
0.000398324
0.000386784
0.000375234
0.000363694
0.000352145
0.000340605
0.000329055
0.000317515
0.000305965
0.000294425
0.000282876
0.000271336
0.000259785
0.000248247
0.000236695
0.000225158
0.000213605
0.000202069
0.000190515
0.000178979
0.000167425
0.00015589
0.000144335
0.000132801
0.000121246
0.000109711
9.81563e-05
8.66209e-05
7.50673e-05
6.35304e-05
5.19787e-05
4.0438e-05
2.88893e-05
1.73174e-05
5.77868e-06
0.00307959
0.0028435
0.00286548
0.00276164
0.00274643
0.00269288
0.0026666
0.00262966
0.00260189
0.00257165
0.00254492
0.00251808
0.00249285
0.00246814
0.00244431
0.00242114
0.00239852
0.00237655
0.00235497
0.00233398
0.00231327
0.00229312
0.00227317
0.00225373
0.00223445
0.00221564
0.00219694
0.00217868
0.0021605
0.00214273
0.00212502
0.00210769
0.0020904
0.00207347
0.00205657
0.00204
0.00202345
0.0020072
0.00199098
0.00197504
0.00195912
0.00194345
0.00192781
0.00191239
0.00189701
0.00188183
0.00186669
0.00185172
0.00183682
0.00182205
0.00180736
0.00179278
0.00177829
0.00176388
0.00174959
0.00173534
0.00172122
0.00170712
0.00169317
0.00167922
0.00166543
0.00165162
0.00163797
0.00162429
0.00161077
0.00159722
0.00158383
0.00157039
0.00155713
0.0015438
0.00153065
0.00151743
0.00150439
0.00149127
0.00147833
0.0014653
0.00145245
0.00143952
0.00142676
0.00141392
0.00140124
0.00138848
0.00137588
0.0013632
0.00135067
0.00133806
0.00132561
0.00131307
0.00130068
0.00128822
0.00127589
0.00126349
0.00125122
0.00123889
0.00122667
0.0012144
0.00120222
0.00119001
0.00117787
0.00116571
0.00115361
0.00114149
0.00112942
0.00111735
0.00110532
0.00109329
0.00108132
0.00106934
0.00105743
0.00104552
0.00103367
0.00102184
0.00101007
0.00099831
0.000986621
0.000974941
0.000963326
0.000951715
0.00094016
0.000928602
0.000917093
0.000905572
0.00089409
0.000882589
0.000871119
0.000859624
0.000848154
0.000836656
0.000825179
0.000813673
0.000802185
0.000790668
0.000779169
0.000767642
0.000756131
0.000744596
0.000733077
0.000721536
0.00071001
0.000698465
0.000686934
0.000675386
0.000663852
0.000652303
0.000640766
0.000629217
0.000617679
0.000606129
0.00059459
0.00058304
0.000571501
0.000559951
0.000548411
0.000536861
0.000525322
0.000513772
0.000502232
0.000490682
0.000479143
0.000467593
0.000456053
0.000444503
0.000432964
0.000421413
0.000409874
0.000398324
0.000386784
0.000375234
0.000363694
0.000352145
0.000340605
0.000329055
0.000317515
0.000305965
0.000294425
0.000282876
0.000271336
0.000259785
0.000248247
0.000236695
0.000225158
0.000213605
0.000202069
0.000190515
0.000178979
0.000167425
0.00015589
0.000144335
0.000132801
0.000121246
0.000109711
9.81563e-05
8.66209e-05
7.50673e-05
6.35305e-05
5.19787e-05
4.0438e-05
2.88893e-05
1.73181e-05
5.77942e-06
0.00308011
0.00284327
0.00286538
0.00276158
0.00274639
0.00269286
0.00266658
0.00262965
0.00260188
0.00257164
0.00254491
0.00251808
0.00249284
0.00246814
0.00244431
0.00242114
0.00239852
0.00237655
0.00235496
0.00233398
0.00231327
0.00229312
0.00227317
0.00225373
0.00223445
0.00221563
0.00219693
0.00217868
0.00216049
0.00214273
0.00212501
0.00210769
0.0020904
0.00207347
0.00205656
0.00203999
0.00202345
0.0020072
0.00199098
0.00197503
0.00195912
0.00194344
0.00192781
0.00191239
0.00189701
0.00188182
0.00186669
0.00185172
0.00183682
0.00182205
0.00180736
0.00179278
0.00177829
0.00176388
0.00174958
0.00173534
0.00172122
0.00170712
0.00169317
0.00167922
0.00166543
0.00165162
0.00163797
0.00162429
0.00161077
0.00159722
0.00158383
0.00157039
0.00155713
0.0015438
0.00153065
0.00151743
0.00150439
0.00149127
0.00147833
0.0014653
0.00145245
0.00143952
0.00142676
0.00141392
0.00140124
0.00138848
0.00137588
0.0013632
0.00135067
0.00133806
0.00132561
0.00131307
0.00130068
0.00128822
0.00127589
0.00126349
0.00125122
0.00123889
0.00122667
0.0012144
0.00120222
0.00119001
0.00117787
0.00116571
0.00115361
0.00114149
0.00112942
0.00111735
0.00110532
0.00109329
0.00108132
0.00106934
0.00105743
0.00104552
0.00103367
0.00102183
0.00101007
0.00099831
0.000986621
0.000974941
0.000963326
0.000951714
0.00094016
0.000928602
0.000917093
0.000905572
0.00089409
0.000882588
0.000871119
0.000859624
0.000848154
0.000836656
0.000825179
0.000813673
0.000802185
0.000790668
0.000779169
0.000767642
0.000756132
0.000744596
0.000733077
0.000721536
0.00071001
0.000698465
0.000686934
0.000675386
0.000663852
0.000652303
0.000640766
0.000629217
0.000617679
0.000606129
0.00059459
0.00058304
0.000571501
0.000559951
0.000548411
0.000536861
0.000525322
0.000513772
0.000502232
0.000490682
0.000479143
0.000467593
0.000456053
0.000444503
0.000432964
0.000421413
0.000409874
0.000398324
0.000386784
0.000375234
0.000363694
0.000352145
0.000340604
0.000329055
0.000317515
0.000305965
0.000294425
0.000282876
0.000271336
0.000259785
0.000248247
0.000236695
0.000225158
0.000213605
0.000202069
0.000190515
0.000178979
0.000167425
0.00015589
0.000144335
0.000132801
0.000121246
0.000109711
9.81563e-05
8.66209e-05
7.50673e-05
6.35305e-05
5.19787e-05
4.04381e-05
2.88894e-05
1.73191e-05
5.7804e-06
0.00308074
0.002843
0.00286525
0.0027615
0.00274634
0.00269283
0.00266656
0.00262963
0.00260186
0.00257163
0.0025449
0.00251807
0.00249283
0.00246813
0.0024443
0.00242113
0.00239851
0.00237654
0.00235496
0.00233397
0.00231327
0.00229311
0.00227316
0.00225373
0.00223444
0.00221563
0.00219693
0.00217867
0.00216049
0.00214272
0.00212501
0.00210769
0.0020904
0.00207347
0.00205656
0.00203999
0.00202344
0.0020072
0.00199098
0.00197503
0.00195911
0.00194344
0.00192781
0.00191239
0.00189701
0.00188182
0.00186669
0.00185172
0.00183682
0.00182205
0.00180736
0.00179278
0.00177829
0.00176388
0.00174958
0.00173534
0.00172122
0.00170712
0.00169317
0.00167922
0.00166543
0.00165162
0.00163797
0.00162429
0.00161077
0.00159722
0.00158383
0.00157039
0.00155713
0.0015438
0.00153065
0.00151743
0.00150439
0.00149127
0.00147833
0.0014653
0.00145245
0.00143952
0.00142676
0.00141392
0.00140124
0.00138848
0.00137588
0.0013632
0.00135067
0.00133806
0.00132561
0.00131307
0.00130068
0.00128822
0.00127589
0.00126349
0.00125122
0.00123889
0.00122667
0.0012144
0.00120222
0.00119001
0.00117787
0.00116571
0.00115361
0.00114149
0.00112942
0.00111735
0.00110532
0.00109329
0.00108132
0.00106934
0.00105743
0.00104552
0.00103367
0.00102183
0.00101007
0.000998309
0.000986621
0.000974941
0.000963326
0.000951714
0.00094016
0.000928602
0.000917093
0.000905572
0.00089409
0.000882588
0.000871119
0.000859624
0.000848154
0.000836656
0.00082518
0.000813673
0.000802185
0.000790668
0.000779169
0.000767642
0.000756132
0.000744597
0.000733077
0.000721536
0.00071001
0.000698465
0.000686934
0.000675386
0.000663852
0.000652303
0.000640766
0.000629217
0.000617679
0.000606129
0.00059459
0.00058304
0.000571501
0.000559951
0.000548411
0.000536861
0.000525322
0.000513772
0.000502232
0.000490682
0.000479143
0.000467593
0.000456053
0.000444503
0.000432964
0.000421413
0.000409874
0.000398324
0.000386784
0.000375234
0.000363694
0.000352145
0.000340604
0.000329055
0.000317515
0.000305965
0.000294425
0.000282876
0.000271336
0.000259785
0.000248247
0.000236695
0.000225158
0.000213605
0.000202069
0.000190515
0.000178979
0.000167425
0.00015589
0.000144335
0.000132801
0.000121246
0.000109711
9.81563e-05
8.66209e-05
7.50673e-05
6.35305e-05
5.19786e-05
4.04381e-05
2.88894e-05
1.73203e-05
5.78159e-06
0.00308148
0.00284268
0.00286511
0.00276142
0.00274628
0.00269279
0.00266653
0.00262961
0.00260185
0.00257161
0.00254489
0.00251806
0.00249282
0.00246812
0.00244429
0.00242112
0.00239851
0.00237654
0.00235495
0.00233397
0.00231326
0.00229311
0.00227316
0.00225372
0.00223444
0.00221563
0.00219693
0.00217867
0.00216049
0.00214272
0.00212501
0.00210768
0.00209039
0.00207346
0.00205656
0.00203999
0.00202344
0.0020072
0.00199098
0.00197503
0.00195911
0.00194344
0.0019278
0.00191238
0.00189701
0.00188182
0.00186669
0.00185172
0.00183682
0.00182205
0.00180736
0.00179277
0.00177829
0.00176388
0.00174958
0.00173533
0.00172122
0.00170712
0.00169317
0.00167922
0.00166543
0.00165161
0.00163797
0.00162428
0.00161077
0.00159722
0.00158383
0.00157039
0.00155713
0.0015438
0.00153065
0.00151743
0.00150439
0.00149127
0.00147832
0.0014653
0.00145245
0.00143952
0.00142676
0.00141392
0.00140124
0.00138848
0.00137588
0.0013632
0.00135067
0.00133806
0.00132561
0.00131307
0.00130068
0.00128822
0.00127589
0.00126349
0.00125122
0.00123889
0.00122667
0.0012144
0.00120222
0.00119001
0.00117787
0.00116571
0.00115361
0.00114149
0.00112942
0.00111735
0.00110532
0.00109329
0.00108132
0.00106934
0.00105743
0.00104552
0.00103367
0.00102183
0.00101007
0.000998309
0.00098662
0.000974941
0.000963325
0.000951714
0.00094016
0.000928602
0.000917092
0.000905571
0.000894089
0.000882588
0.000871119
0.000859624
0.000848154
0.000836656
0.00082518
0.000813673
0.000802185
0.000790668
0.000779169
0.000767642
0.000756132
0.000744597
0.000733077
0.000721536
0.00071001
0.000698465
0.000686934
0.000675386
0.000663852
0.000652303
0.000640766
0.000629217
0.000617679
0.000606129
0.00059459
0.00058304
0.000571501
0.000559951
0.000548411
0.000536861
0.000525322
0.000513772
0.000502232
0.000490682
0.000479143
0.000467593
0.000456053
0.000444503
0.000432963
0.000421413
0.000409874
0.000398324
0.000386784
0.000375234
0.000363694
0.000352145
0.000340604
0.000329055
0.000317515
0.000305965
0.000294425
0.000282876
0.000271336
0.000259785
0.000248247
0.000236695
0.000225158
0.000213605
0.000202069
0.000190515
0.000178979
0.000167425
0.00015589
0.000144335
0.000132801
0.000121246
0.000109711
9.81563e-05
8.66209e-05
7.50673e-05
6.35305e-05
5.19786e-05
4.04382e-05
2.88895e-05
1.73216e-05
5.78297e-06
0.00308232
0.00284231
0.00286494
0.00276132
0.00274622
0.00269276
0.0026665
0.00262959
0.00260183
0.0025716
0.00254487
0.00251804
0.00249281
0.00246811
0.00244428
0.00242112
0.0023985
0.00237653
0.00235495
0.00233396
0.00231326
0.0022931
0.00227316
0.00225372
0.00223443
0.00221562
0.00219692
0.00217867
0.00216049
0.00214272
0.00212501
0.00210768
0.00209039
0.00207346
0.00205656
0.00203999
0.00202344
0.0020072
0.00199097
0.00197503
0.00195911
0.00194344
0.0019278
0.00191238
0.00189701
0.00188182
0.00186669
0.00185172
0.00183682
0.00182205
0.00180736
0.00179277
0.00177829
0.00176388
0.00174958
0.00173533
0.00172122
0.00170712
0.00169317
0.00167922
0.00166543
0.00165161
0.00163797
0.00162428
0.00161077
0.00159721
0.00158383
0.00157039
0.00155713
0.0015438
0.00153065
0.00151743
0.00150439
0.00149127
0.00147832
0.0014653
0.00145245
0.00143952
0.00142676
0.00141392
0.00140124
0.00138848
0.00137588
0.0013632
0.00135067
0.00133806
0.00132561
0.00131307
0.00130068
0.00128822
0.00127589
0.00126349
0.00125122
0.00123889
0.00122667
0.0012144
0.00120222
0.00119001
0.00117787
0.00116571
0.00115361
0.00114149
0.00112942
0.00111735
0.00110532
0.00109329
0.00108132
0.00106934
0.00105743
0.00104552
0.00103367
0.00102183
0.00101007
0.000998309
0.00098662
0.00097494
0.000963325
0.000951714
0.000940159
0.000928602
0.000917092
0.000905571
0.000894089
0.000882588
0.000871119
0.000859624
0.000848154
0.000836656
0.00082518
0.000813673
0.000802185
0.000790668
0.000779169
0.000767642
0.000756132
0.000744597
0.000733077
0.000721536
0.00071001
0.000698465
0.000686934
0.000675386
0.000663852
0.000652303
0.000640766
0.000629217
0.000617679
0.000606129
0.00059459
0.00058304
0.000571501
0.000559951
0.000548411
0.000536861
0.000525322
0.000513772
0.000502232
0.000490682
0.000479143
0.000467593
0.000456053
0.000444503
0.000432963
0.000421413
0.000409874
0.000398324
0.000386784
0.000375234
0.000363694
0.000352145
0.000340604
0.000329055
0.000317515
0.000305965
0.000294425
0.000282876
0.000271336
0.000259785
0.000248247
0.000236695
0.000225158
0.000213605
0.000202069
0.000190515
0.000178979
0.000167425
0.00015589
0.000144335
0.000132801
0.000121246
0.000109711
9.81563e-05
8.66209e-05
7.50673e-05
6.35305e-05
5.19786e-05
4.04383e-05
2.88896e-05
1.73232e-05
5.78452e-06
0.00308326
0.0028419
0.00286475
0.00276121
0.00274615
0.00269271
0.00266647
0.00262956
0.00260181
0.00257158
0.00254486
0.00251803
0.0024928
0.0024681
0.00244427
0.00242111
0.00239849
0.00237652
0.00235494
0.00233395
0.00231325
0.0022931
0.00227315
0.00225372
0.00223443
0.00221562
0.00219692
0.00217866
0.00216048
0.00214272
0.002125
0.00210768
0.00209039
0.00207346
0.00205656
0.00203999
0.00202344
0.00200719
0.00199097
0.00197503
0.00195911
0.00194344
0.0019278
0.00191238
0.00189701
0.00188182
0.00186669
0.00185172
0.00183682
0.00182204
0.00180736
0.00179277
0.00177829
0.00176388
0.00174958
0.00173533
0.00172122
0.00170712
0.00169317
0.00167922
0.00166543
0.00165161
0.00163796
0.00162428
0.00161077
0.00159721
0.00158383
0.00157039
0.00155713
0.0015438
0.00153065
0.00151743
0.00150439
0.00149127
0.00147832
0.0014653
0.00145245
0.00143952
0.00142676
0.00141392
0.00140124
0.00138848
0.00137588
0.00136319
0.00135067
0.00133806
0.00132561
0.00131307
0.00130068
0.00128822
0.00127589
0.00126349
0.00125122
0.00123889
0.00122667
0.0012144
0.00120222
0.00119001
0.00117787
0.00116571
0.00115361
0.00114149
0.00112942
0.00111735
0.00110532
0.00109329
0.00108132
0.00106934
0.00105743
0.00104552
0.00103367
0.00102183
0.00101007
0.000998308
0.00098662
0.00097494
0.000963325
0.000951713
0.000940159
0.000928602
0.000917092
0.000905571
0.000894089
0.000882588
0.000871119
0.000859624
0.000848154
0.000836656
0.00082518
0.000813673
0.000802185
0.000790668
0.000779169
0.000767642
0.000756132
0.000744597
0.000733077
0.000721536
0.00071001
0.000698465
0.000686934
0.000675386
0.000663852
0.000652303
0.000640766
0.000629217
0.000617679
0.000606129
0.00059459
0.00058304
0.000571501
0.000559951
0.000548411
0.000536861
0.000525322
0.000513772
0.000502232
0.000490682
0.000479143
0.000467593
0.000456053
0.000444503
0.000432963
0.000421413
0.000409874
0.000398324
0.000386784
0.000375234
0.000363694
0.000352145
0.000340604
0.000329055
0.000317515
0.000305965
0.000294425
0.000282876
0.000271336
0.000259785
0.000248247
0.000236695
0.000225158
0.000213605
0.000202069
0.000190515
0.000178979
0.000167425
0.00015589
0.000144335
0.000132801
0.000121246
0.000109711
9.81563e-05
8.66209e-05
7.50672e-05
6.35305e-05
5.19786e-05
4.04383e-05
2.88896e-05
1.73248e-05
5.7862e-06
0.00308431
0.00284144
0.00286455
0.00276109
0.00274607
0.00269266
0.00266643
0.00262954
0.00260179
0.00257156
0.00254484
0.00251802
0.00249279
0.00246809
0.00244426
0.0024211
0.00239848
0.00237652
0.00235493
0.00233395
0.00231324
0.00229309
0.00227314
0.00225371
0.00223443
0.00221562
0.00219692
0.00217866
0.00216048
0.00214271
0.002125
0.00210767
0.00209038
0.00207346
0.00205655
0.00203998
0.00202343
0.00200719
0.00199097
0.00197503
0.00195911
0.00194344
0.0019278
0.00191238
0.001897
0.00188182
0.00186669
0.00185172
0.00183681
0.00182204
0.00180736
0.00179277
0.00177829
0.00176388
0.00174958
0.00173533
0.00172121
0.00170712
0.00169317
0.00167922
0.00166542
0.00165161
0.00163796
0.00162428
0.00161077
0.00159721
0.00158383
0.00157039
0.00155713
0.0015438
0.00153065
0.00151743
0.00150439
0.00149127
0.00147832
0.0014653
0.00145245
0.00143952
0.00142676
0.00141392
0.00140124
0.00138848
0.00137588
0.00136319
0.00135067
0.00133806
0.00132561
0.00131307
0.00130068
0.00128822
0.00127589
0.00126349
0.00125122
0.00123889
0.00122667
0.0012144
0.00120222
0.00119001
0.00117787
0.00116571
0.00115361
0.00114149
0.00112942
0.00111735
0.00110532
0.00109329
0.00108132
0.00106934
0.00105743
0.00104552
0.00103367
0.00102183
0.00101007
0.000998308
0.000986619
0.000974939
0.000963324
0.000951713
0.000940159
0.000928601
0.000917092
0.000905571
0.000894089
0.000882588
0.000871119
0.000859624
0.000848154
0.000836656
0.00082518
0.000813673
0.000802185
0.000790669
0.000779169
0.000767642
0.000756132
0.000744597
0.000733077
0.000721536
0.00071001
0.000698465
0.000686934
0.000675386
0.000663852
0.000652303
0.000640766
0.000629217
0.000617679
0.000606129
0.00059459
0.00058304
0.000571501
0.000559951
0.000548411
0.000536861
0.000525322
0.000513772
0.000502232
0.000490682
0.000479143
0.000467593
0.000456053
0.000444503
0.000432963
0.000421413
0.000409874
0.000398324
0.000386784
0.000375234
0.000363694
0.000352145
0.000340604
0.000329055
0.000317515
0.000305965
0.000294425
0.000282876
0.000271336
0.000259785
0.000248247
0.000236695
0.000225158
0.000213605
0.000202069
0.000190515
0.000178979
0.000167425
0.00015589
0.000144335
0.000132801
0.000121246
0.000109711
9.81563e-05
8.66209e-05
7.50672e-05
6.35305e-05
5.19786e-05
4.04384e-05
2.88897e-05
1.73266e-05
5.78799e-06
0.00308547
0.00284093
0.00286432
0.00276095
0.00274598
0.00269261
0.00266639
0.00262951
0.00260176
0.00257154
0.00254482
0.002518
0.00249277
0.00246808
0.00244425
0.00242109
0.00239847
0.00237651
0.00235492
0.00233394
0.00231324
0.00229308
0.00227314
0.0022537
0.00223442
0.00221561
0.00219691
0.00217865
0.00216047
0.00214271
0.002125
0.00210767
0.00209038
0.00207345
0.00205655
0.00203998
0.00202343
0.00200719
0.00199097
0.00197502
0.00195911
0.00194343
0.0019278
0.00191238
0.001897
0.00188182
0.00186669
0.00185171
0.00183681
0.00182204
0.00180736
0.00179277
0.00177829
0.00176387
0.00174958
0.00173533
0.00172121
0.00170712
0.00169317
0.00167922
0.00166542
0.00165161
0.00163796
0.00162428
0.00161077
0.00159721
0.00158383
0.00157039
0.00155713
0.0015438
0.00153065
0.00151743
0.00150439
0.00149127
0.00147832
0.0014653
0.00145245
0.00143952
0.00142676
0.00141391
0.00140124
0.00138848
0.00137588
0.00136319
0.00135067
0.00133806
0.00132561
0.00131307
0.00130068
0.00128822
0.00127589
0.00126349
0.00125122
0.00123889
0.00122667
0.0012144
0.00120222
0.00119001
0.00117787
0.00116571
0.00115361
0.00114149
0.00112942
0.00111734
0.00110532
0.00109329
0.00108132
0.00106934
0.00105743
0.00104551
0.00103367
0.00102183
0.00101006
0.000998307
0.000986619
0.000974939
0.000963324
0.000951713
0.000940158
0.000928601
0.000917092
0.000905571
0.000894089
0.000882588
0.000871119
0.000859624
0.000848154
0.000836656
0.00082518
0.000813673
0.000802186
0.000790669
0.000779169
0.000767642
0.000756132
0.000744597
0.000733077
0.000721536
0.00071001
0.000698465
0.000686934
0.000675387
0.000663852
0.000652303
0.000640766
0.000629217
0.000617679
0.000606129
0.00059459
0.00058304
0.000571501
0.000559951
0.000548411
0.000536861
0.000525322
0.000513772
0.000502232
0.000490682
0.000479143
0.000467593
0.000456053
0.000444503
0.000432963
0.000421413
0.000409874
0.000398324
0.000386784
0.000375234
0.000363694
0.000352145
0.000340604
0.000329055
0.000317515
0.000305965
0.000294425
0.000282876
0.000271336
0.000259785
0.000248247
0.000236695
0.000225158
0.000213605
0.000202069
0.000190515
0.000178979
0.000167425
0.00015589
0.000144335
0.000132801
0.000121246
0.000109711
9.81563e-05
8.66209e-05
7.50672e-05
6.35305e-05
5.19786e-05
4.04385e-05
2.88898e-05
1.73284e-05
5.78986e-06
0.00308674
0.00284037
0.00286406
0.0027608
0.00274588
0.00269255
0.00266635
0.00262947
0.00260173
0.00257151
0.0025448
0.00251798
0.00249276
0.00246806
0.00244424
0.00242108
0.00239846
0.0023765
0.00235491
0.00233393
0.00231323
0.00229308
0.00227313
0.0022537
0.00223441
0.00221561
0.00219691
0.00217865
0.00216047
0.0021427
0.00212499
0.00210767
0.00209038
0.00207345
0.00205655
0.00203998
0.00202343
0.00200719
0.00199097
0.00197502
0.0019591
0.00194343
0.0019278
0.00191238
0.001897
0.00188181
0.00186668
0.00185171
0.00183681
0.00182204
0.00180735
0.00179277
0.00177828
0.00176387
0.00174958
0.00173533
0.00172121
0.00170712
0.00169317
0.00167922
0.00166542
0.00165161
0.00163796
0.00162428
0.00161077
0.00159721
0.00158383
0.00157039
0.00155713
0.0015438
0.00153065
0.00151743
0.00150439
0.00149127
0.00147832
0.0014653
0.00145245
0.00143952
0.00142676
0.00141391
0.00140124
0.00138848
0.00137588
0.00136319
0.00135067
0.00133806
0.00132561
0.00131307
0.00130068
0.00128822
0.00127589
0.00126349
0.00125122
0.00123889
0.00122667
0.0012144
0.00120222
0.00119001
0.00117787
0.00116571
0.00115361
0.00114148
0.00112942
0.00111734
0.00110532
0.00109329
0.00108132
0.00106934
0.00105743
0.00104551
0.00103367
0.00102183
0.00101006
0.000998307
0.000986618
0.000974939
0.000963323
0.000951712
0.000940158
0.000928601
0.000917092
0.000905571
0.000894089
0.000882588
0.000871119
0.000859624
0.000848154
0.000836656
0.00082518
0.000813673
0.000802186
0.000790669
0.000779169
0.000767642
0.000756132
0.000744597
0.000733077
0.000721536
0.00071001
0.000698465
0.000686934
0.000675387
0.000663852
0.000652303
0.000640766
0.000629217
0.000617679
0.000606129
0.00059459
0.00058304
0.000571501
0.000559951
0.000548411
0.000536862
0.000525322
0.000513772
0.000502232
0.000490682
0.000479143
0.000467593
0.000456053
0.000444503
0.000432963
0.000421413
0.000409874
0.000398324
0.000386784
0.000375234
0.000363694
0.000352145
0.000340604
0.000329055
0.000317515
0.000305965
0.000294425
0.000282876
0.000271336
0.000259785
0.000248247
0.000236695
0.000225158
0.000213605
0.000202069
0.000190515
0.000178979
0.000167425
0.00015589
0.000144335
0.000132801
0.000121246
0.000109711
9.81563e-05
8.66209e-05
7.50672e-05
6.35305e-05
5.19786e-05
4.04386e-05
2.88899e-05
1.73303e-05
5.79178e-06
0.00308812
0.00283976
0.00286379
0.00276064
0.00274578
0.00269249
0.0026663
0.00262943
0.0026017
0.00257149
0.00254478
0.00251796
0.00249274
0.00246805
0.00244422
0.00242106
0.00239845
0.00237649
0.0023549
0.00233392
0.00231322
0.00229307
0.00227312
0.00225369
0.00223441
0.0022156
0.0021969
0.00217864
0.00216046
0.0021427
0.00212499
0.00210766
0.00209037
0.00207345
0.00205654
0.00203997
0.00202343
0.00200718
0.00199096
0.00197502
0.0019591
0.00194343
0.00192779
0.00191237
0.001897
0.00188181
0.00186668
0.00185171
0.00183681
0.00182204
0.00180735
0.00179277
0.00177828
0.00176387
0.00174958
0.00173533
0.00172121
0.00170712
0.00169317
0.00167922
0.00166542
0.00165161
0.00163796
0.00162428
0.00161077
0.00159721
0.00158383
0.00157039
0.00155713
0.0015438
0.00153065
0.00151743
0.00150438
0.00149126
0.00147832
0.0014653
0.00145245
0.00143952
0.00142676
0.00141391
0.00140124
0.00138848
0.00137588
0.00136319
0.00135067
0.00133806
0.00132561
0.00131307
0.00130068
0.00128822
0.00127589
0.00126349
0.00125122
0.00123889
0.00122667
0.0012144
0.00120222
0.00119001
0.00117787
0.0011657
0.0011536
0.00114148
0.00112942
0.00111734
0.00110532
0.00109329
0.00108132
0.00106934
0.00105743
0.00104551
0.00103367
0.00102183
0.00101006
0.000998307
0.000986618
0.000974938
0.000963323
0.000951712
0.000940158
0.000928601
0.000917091
0.000905571
0.000894089
0.000882588
0.000871118
0.000859624
0.000848154
0.000836657
0.00082518
0.000813673
0.000802186
0.000790669
0.000779169
0.000767642
0.000756132
0.000744597
0.000733077
0.000721536
0.00071001
0.000698465
0.000686934
0.000675387
0.000663852
0.000652303
0.000640766
0.000629217
0.000617679
0.000606129
0.00059459
0.00058304
0.000571501
0.000559951
0.000548411
0.000536862
0.000525322
0.000513772
0.000502232
0.000490682
0.000479143
0.000467593
0.000456053
0.000444503
0.000432963
0.000421413
0.000409874
0.000398324
0.000386784
0.000375234
0.000363694
0.000352145
0.000340604
0.000329055
0.000317515
0.000305965
0.000294425
0.000282876
0.000271336
0.000259785
0.000248247
0.000236695
0.000225158
0.000213605
0.000202069
0.000190515
0.000178979
0.000167425
0.00015589
0.000144335
0.000132801
0.000121246
0.000109711
9.81563e-05
8.66209e-05
7.50672e-05
6.35305e-05
5.19786e-05
4.04387e-05
2.889e-05
1.73322e-05
5.79371e-06
0.0030896
0.0028391
0.00286349
0.00276047
0.00274567
0.00269242
0.00266625
0.00262939
0.00260167
0.00257146
0.00254475
0.00251794
0.00249272
0.00246803
0.00244421
0.00242105
0.00239844
0.00237648
0.00235489
0.00233391
0.00231321
0.00229306
0.00227312
0.00225368
0.0022344
0.00221559
0.00219689
0.00217864
0.00216046
0.0021427
0.00212498
0.00210766
0.00209037
0.00207344
0.00205654
0.00203997
0.00202342
0.00200718
0.00199096
0.00197502
0.0019591
0.00194343
0.00192779
0.00191237
0.001897
0.00188181
0.00186668
0.00185171
0.00183681
0.00182204
0.00180735
0.00179277
0.00177828
0.00176387
0.00174958
0.00173533
0.00172121
0.00170712
0.00169316
0.00167922
0.00166542
0.00165161
0.00163796
0.00162428
0.00161077
0.00159721
0.00158383
0.00157039
0.00155713
0.0015438
0.00153065
0.00151743
0.00150438
0.00149126
0.00147832
0.0014653
0.00145245
0.00143952
0.00142676
0.00141391
0.00140124
0.00138847
0.00137588
0.00136319
0.00135067
0.00133806
0.0013256
0.00131307
0.00130068
0.00128822
0.00127589
0.00126349
0.00125122
0.00123889
0.00122667
0.0012144
0.00120222
0.00119001
0.00117787
0.0011657
0.0011536
0.00114148
0.00112942
0.00111734
0.00110532
0.00109329
0.00108132
0.00106934
0.00105743
0.00104551
0.00103367
0.00102183
0.00101006
0.000998306
0.000986618
0.000974938
0.000963323
0.000951712
0.000940158
0.0009286
0.000917091
0.000905571
0.000894089
0.000882588
0.000871118
0.000859624
0.000848155
0.000836657
0.00082518
0.000813673
0.000802186
0.000790669
0.000779169
0.000767642
0.000756132
0.000744597
0.000733077
0.000721536
0.00071001
0.000698465
0.000686934
0.000675387
0.000663852
0.000652303
0.000640766
0.000629217
0.000617679
0.000606129
0.00059459
0.00058304
0.000571501
0.000559951
0.000548411
0.000536862
0.000525322
0.000513772
0.000502232
0.000490682
0.000479143
0.000467593
0.000456053
0.000444503
0.000432963
0.000421413
0.000409874
0.000398324
0.000386784
0.000375234
0.000363694
0.000352145
0.000340604
0.000329055
0.000317515
0.000305965
0.000294425
0.000282876
0.000271336
0.000259785
0.000248247
0.000236695
0.000225158
0.000213605
0.000202069
0.000190515
0.000178979
0.000167425
0.00015589
0.000144335
0.000132801
0.000121246
0.000109711
9.81563e-05
8.66209e-05
7.50672e-05
6.35305e-05
5.19786e-05
4.04388e-05
2.88901e-05
1.73341e-05
5.79564e-06
0.00309119
0.00283839
0.00286317
0.00276029
0.00274555
0.00269235
0.00266619
0.00262935
0.00260163
0.00257143
0.00254473
0.00251792
0.0024927
0.00246801
0.00244419
0.00242103
0.00239843
0.00237646
0.00235488
0.0023339
0.0023132
0.00229305
0.00227311
0.00225368
0.00223439
0.00221559
0.00219689
0.00217863
0.00216045
0.00214269
0.00212498
0.00210765
0.00209037
0.00207344
0.00205654
0.00203997
0.00202342
0.00200718
0.00199096
0.00197501
0.0019591
0.00194343
0.00192779
0.00191237
0.001897
0.00188181
0.00186668
0.00185171
0.00183681
0.00182204
0.00180735
0.00179276
0.00177828
0.00176387
0.00174957
0.00173533
0.00172121
0.00170711
0.00169316
0.00167921
0.00166542
0.00165161
0.00163796
0.00162428
0.00161077
0.00159721
0.00158383
0.00157039
0.00155712
0.0015438
0.00153065
0.00151743
0.00150438
0.00149126
0.00147832
0.0014653
0.00145245
0.00143952
0.00142676
0.00141391
0.00140124
0.00138847
0.00137588
0.00136319
0.00135067
0.00133806
0.0013256
0.00131307
0.00130068
0.00128822
0.00127589
0.00126349
0.00125122
0.00123889
0.00122667
0.0012144
0.00120222
0.00119001
0.00117787
0.0011657
0.0011536
0.00114148
0.00112942
0.00111734
0.00110532
0.00109329
0.00108132
0.00106934
0.00105742
0.00104551
0.00103367
0.00102183
0.00101006
0.000998306
0.000986617
0.000974937
0.000963322
0.000951711
0.000940157
0.0009286
0.000917091
0.00090557
0.000894089
0.000882588
0.000871118
0.000859624
0.000848155
0.000836657
0.00082518
0.000813673
0.000802186
0.000790669
0.000779169
0.000767642
0.000756132
0.000744597
0.000733077
0.000721536
0.00071001
0.000698465
0.000686934
0.000675387
0.000663852
0.000652303
0.000640766
0.000629217
0.000617679
0.000606129
0.00059459
0.00058304
0.000571501
0.000559951
0.000548411
0.000536862
0.000525322
0.000513772
0.000502232
0.000490682
0.000479143
0.000467593
0.000456053
0.000444503
0.000432963
0.000421413
0.000409874
0.000398324
0.000386784
0.000375234
0.000363694
0.000352145
0.000340604
0.000329055
0.000317515
0.000305965
0.000294425
0.000282876
0.000271336
0.000259785
0.000248247
0.000236695
0.000225158
0.000213605
0.000202069
0.000190515
0.000178979
0.000167425
0.00015589
0.000144335
0.000132801
0.000121246
0.000109711
9.81563e-05
8.66209e-05
7.50672e-05
6.35305e-05
5.19786e-05
4.04389e-05
2.88901e-05
1.7336e-05
5.79753e-06
0.0030929
0.00283763
0.00286282
0.00276009
0.00274542
0.00269227
0.00266614
0.00262931
0.0026016
0.0025714
0.0025447
0.0025179
0.00249268
0.00246799
0.00244418
0.00242102
0.00239841
0.00237645
0.00235487
0.00233389
0.00231319
0.00229305
0.0022731
0.00225367
0.00223439
0.00221558
0.00219688
0.00217863
0.00216045
0.00214269
0.00212497
0.00210765
0.00209036
0.00207344
0.00205653
0.00203996
0.00202342
0.00200718
0.00199096
0.00197501
0.00195909
0.00194342
0.00192779
0.00191237
0.00189699
0.00188181
0.00186668
0.00185171
0.00183681
0.00182203
0.00180735
0.00179276
0.00177828
0.00176387
0.00174957
0.00173533
0.00172121
0.00170711
0.00169316
0.00167921
0.00166542
0.00165161
0.00163796
0.00162428
0.00161077
0.00159721
0.00158383
0.00157039
0.00155712
0.0015438
0.00153065
0.00151743
0.00150438
0.00149126
0.00147832
0.0014653
0.00145245
0.00143952
0.00142676
0.00141391
0.00140124
0.00138847
0.00137588
0.00136319
0.00135067
0.00133806
0.0013256
0.00131307
0.00130068
0.00128822
0.00127589
0.00126349
0.00125122
0.00123889
0.00122667
0.0012144
0.00120222
0.00119001
0.00117787
0.0011657
0.0011536
0.00114148
0.00112942
0.00111734
0.00110532
0.00109329
0.00108132
0.00106934
0.00105742
0.00104551
0.00103367
0.00102183
0.00101006
0.000998305
0.000986617
0.000974937
0.000963322
0.000951711
0.000940157
0.0009286
0.000917091
0.00090557
0.000894089
0.000882588
0.000871118
0.000859624
0.000848155
0.000836657
0.00082518
0.000813674
0.000802186
0.000790669
0.000779169
0.000767642
0.000756132
0.000744597
0.000733078
0.000721536
0.00071001
0.000698465
0.000686934
0.000675387
0.000663852
0.000652303
0.000640766
0.000629217
0.000617679
0.000606129
0.00059459
0.00058304
0.000571501
0.000559951
0.000548411
0.000536862
0.000525322
0.000513772
0.000502232
0.000490682
0.000479143
0.000467593
0.000456053
0.000444503
0.000432963
0.000421413
0.000409874
0.000398324
0.000386784
0.000375234
0.000363694
0.000352145
0.000340604
0.000329055
0.000317515
0.000305965
0.000294425
0.000282876
0.000271336
0.000259785
0.000248247
0.000236695
0.000225158
0.000213605
0.000202069
0.000190515
0.000178979
0.000167425
0.00015589
0.000144335
0.000132801
0.000121246
0.000109711
9.81563e-05
8.66209e-05
7.50672e-05
6.35305e-05
5.19786e-05
4.0439e-05
2.88902e-05
1.73377e-05
5.79935e-06
0.00309471
0.00283681
0.00286245
0.00275988
0.00274529
0.00269219
0.00266607
0.00262926
0.00260156
0.00257137
0.00254467
0.00251787
0.00249266
0.00246798
0.00244416
0.002421
0.0023984
0.00237644
0.00235486
0.00233388
0.00231318
0.00229304
0.00227309
0.00225366
0.00223438
0.00221558
0.00219688
0.00217862
0.00216044
0.00214268
0.00212497
0.00210765
0.00209036
0.00207343
0.00205653
0.00203996
0.00202341
0.00200717
0.00199095
0.00197501
0.00195909
0.00194342
0.00192778
0.00191237
0.00189699
0.0018818
0.00186668
0.0018517
0.0018368
0.00182203
0.00180735
0.00179276
0.00177828
0.00176387
0.00174957
0.00173532
0.00172121
0.00170711
0.00169316
0.00167921
0.00166542
0.00165161
0.00163796
0.00162428
0.00161077
0.00159721
0.00158383
0.00157039
0.00155712
0.0015438
0.00153065
0.00151742
0.00150438
0.00149126
0.00147832
0.0014653
0.00145245
0.00143952
0.00142676
0.00141391
0.00140123
0.00138847
0.00137587
0.00136319
0.00135067
0.00133806
0.0013256
0.00131307
0.00130068
0.00128822
0.00127589
0.00126349
0.00125122
0.00123889
0.00122667
0.0012144
0.00120222
0.00119001
0.00117787
0.0011657
0.0011536
0.00114148
0.00112942
0.00111734
0.00110532
0.00109329
0.00108132
0.00106934
0.00105742
0.00104551
0.00103367
0.00102183
0.00101006
0.000998305
0.000986616
0.000974937
0.000963322
0.000951711
0.000940157
0.0009286
0.000917091
0.00090557
0.000894089
0.000882588
0.000871118
0.000859624
0.000848155
0.000836657
0.00082518
0.000813674
0.000802186
0.000790669
0.000779169
0.000767642
0.000756132
0.000744597
0.000733078
0.000721537
0.00071001
0.000698465
0.000686934
0.000675387
0.000663852
0.000652303
0.000640766
0.000629217
0.000617679
0.000606129
0.00059459
0.00058304
0.000571501
0.000559951
0.000548411
0.000536862
0.000525322
0.000513772
0.000502232
0.000490682
0.000479143
0.000467593
0.000456053
0.000444503
0.000432963
0.000421413
0.000409874
0.000398324
0.000386784
0.000375234
0.000363694
0.000352145
0.000340604
0.000329055
0.000317515
0.000305965
0.000294425
0.000282876
0.000271336
0.000259785
0.000248247
0.000236695
0.000225158
0.000213605
0.000202069
0.000190515
0.000178979
0.000167425
0.00015589
0.000144335
0.000132801
0.000121246
0.000109711
9.81563e-05
8.66209e-05
7.50672e-05
6.35306e-05
5.19785e-05
4.04391e-05
2.88903e-05
1.73394e-05
5.8011e-06
0.00309664
0.00283594
0.00286206
0.00275966
0.00274515
0.0026921
0.00266601
0.00262921
0.00260152
0.00257133
0.00254464
0.00251784
0.00249264
0.00246795
0.00244414
0.00242099
0.00239838
0.00237643
0.00235485
0.00233387
0.00231317
0.00229303
0.00227309
0.00225365
0.00223437
0.00221557
0.00219687
0.00217862
0.00216044
0.00214268
0.00212497
0.00210764
0.00209035
0.00207343
0.00205653
0.00203996
0.00202341
0.00200717
0.00199095
0.00197501
0.00195909
0.00194342
0.00192778
0.00191236
0.00189699
0.0018818
0.00186667
0.0018517
0.0018368
0.00182203
0.00180735
0.00179276
0.00177828
0.00176387
0.00174957
0.00173532
0.00172121
0.00170711
0.00169316
0.00167921
0.00166542
0.00165161
0.00163796
0.00162428
0.00161076
0.00159721
0.00158382
0.00157038
0.00155712
0.00154379
0.00153065
0.00151742
0.00150438
0.00149126
0.00147832
0.0014653
0.00145245
0.00143952
0.00142676
0.00141391
0.00140123
0.00138847
0.00137587
0.00136319
0.00135067
0.00133806
0.0013256
0.00131307
0.00130068
0.00128821
0.00127589
0.00126349
0.00125122
0.00123889
0.00122667
0.0012144
0.00120222
0.00119001
0.00117787
0.0011657
0.0011536
0.00114148
0.00112942
0.00111734
0.00110532
0.00109329
0.00108132
0.00106934
0.00105742
0.00104551
0.00103367
0.00102183
0.00101006
0.000998305
0.000986616
0.000974937
0.000963322
0.000951711
0.000940157
0.0009286
0.000917091
0.00090557
0.000894089
0.000882588
0.000871118
0.000859624
0.000848155
0.000836657
0.00082518
0.000813674
0.000802186
0.000790669
0.000779169
0.000767642
0.000756132
0.000744597
0.000733078
0.000721537
0.00071001
0.000698465
0.000686934
0.000675387
0.000663852
0.000652303
0.000640766
0.000629217
0.000617679
0.000606129
0.00059459
0.00058304
0.000571501
0.000559951
0.000548411
0.000536862
0.000525322
0.000513772
0.000502232
0.000490682
0.000479143
0.000467593
0.000456053
0.000444503
0.000432963
0.000421413
0.000409874
0.000398324
0.000386784
0.000375234
0.000363694
0.000352145
0.000340604
0.000329055
0.000317515
0.000305965
0.000294425
0.000282876
0.000271336
0.000259785
0.000248247
0.000236695
0.000225158
0.000213605
0.000202069
0.000190515
0.000178979
0.000167425
0.00015589
0.000144335
0.000132801
0.000121246
0.000109711
9.81563e-05
8.66209e-05
7.50672e-05
6.35306e-05
5.19785e-05
4.04392e-05
2.88903e-05
1.7341e-05
5.80274e-06
0.00309868
0.00283502
0.00286163
0.00275942
0.002745
0.00269201
0.00266594
0.00262915
0.00260147
0.00257129
0.00254461
0.00251782
0.00249261
0.00246793
0.00244412
0.00242097
0.00239837
0.00237641
0.00235484
0.00233386
0.00231316
0.00229302
0.00227308
0.00225365
0.00223437
0.00221556
0.00219687
0.00217861
0.00216043
0.00214267
0.00212496
0.00210764
0.00209035
0.00207342
0.00205652
0.00203996
0.00202341
0.00200717
0.00199095
0.001975
0.00195909
0.00194342
0.00192778
0.00191236
0.00189699
0.0018818
0.00186667
0.0018517
0.0018368
0.00182203
0.00180734
0.00179276
0.00177827
0.00176386
0.00174957
0.00173532
0.0017212
0.00170711
0.00169316
0.00167921
0.00166542
0.0016516
0.00163796
0.00162427
0.00161076
0.00159721
0.00158382
0.00157038
0.00155712
0.00154379
0.00153065
0.00151742
0.00150438
0.00149126
0.00147832
0.0014653
0.00145245
0.00143952
0.00142675
0.00141391
0.00140123
0.00138847
0.00137587
0.00136319
0.00135067
0.00133806
0.0013256
0.00131307
0.00130068
0.00128821
0.00127589
0.00126349
0.00125122
0.00123889
0.00122667
0.0012144
0.00120222
0.00119001
0.00117787
0.0011657
0.0011536
0.00114148
0.00112942
0.00111734
0.00110532
0.00109329
0.00108132
0.00106934
0.00105742
0.00104551
0.00103367
0.00102183
0.00101006
0.000998304
0.000986616
0.000974936
0.000963321
0.00095171
0.000940157
0.0009286
0.000917091
0.00090557
0.000894089
0.000882588
0.000871118
0.000859624
0.000848155
0.000836657
0.00082518
0.000813674
0.000802186
0.000790669
0.000779169
0.000767643
0.000756132
0.000744597
0.000733078
0.000721537
0.00071001
0.000698465
0.000686934
0.000675387
0.000663852
0.000652303
0.000640766
0.000629217
0.000617679
0.000606129
0.00059459
0.00058304
0.000571501
0.000559951
0.000548411
0.000536862
0.000525322
0.000513772
0.000502232
0.000490682
0.000479143
0.000467593
0.000456053
0.000444503
0.000432963
0.000421413
0.000409874
0.000398324
0.000386784
0.000375234
0.000363694
0.000352145
0.000340604
0.000329055
0.000317515
0.000305965
0.000294425
0.000282876
0.000271336
0.000259785
0.000248247
0.000236695
0.000225158
0.000213605
0.000202069
0.000190515
0.000178979
0.000167425
0.00015589
0.000144335
0.000132801
0.000121246
0.000109711
9.81563e-05
8.66209e-05
7.50672e-05
6.35306e-05
5.19785e-05
4.04393e-05
2.88904e-05
1.73425e-05
5.80426e-06
0.00310083
0.00283403
0.00286118
0.00275918
0.00274484
0.00269191
0.00266587
0.0026291
0.00260143
0.00257126
0.00254458
0.00251779
0.00249259
0.00246791
0.00244411
0.00242096
0.00239835
0.0023764
0.00235482
0.00233385
0.00231315
0.00229301
0.00227307
0.00225364
0.00223436
0.00221556
0.00219686
0.00217861
0.00216043
0.00214267
0.00212496
0.00210763
0.00209035
0.00207342
0.00205652
0.00203995
0.00202341
0.00200716
0.00199094
0.001975
0.00195908
0.00194341
0.00192778
0.00191236
0.00189699
0.0018818
0.00186667
0.0018517
0.0018368
0.00182203
0.00180734
0.00179276
0.00177827
0.00176386
0.00174957
0.00173532
0.0017212
0.00170711
0.00169316
0.00167921
0.00166542
0.0016516
0.00163796
0.00162427
0.00161076
0.00159721
0.00158382
0.00157038
0.00155712
0.00154379
0.00153064
0.00151742
0.00150438
0.00149126
0.00147832
0.00146529
0.00145245
0.00143951
0.00142675
0.00141391
0.00140123
0.00138847
0.00137587
0.00136319
0.00135067
0.00133806
0.0013256
0.00131307
0.00130068
0.00128821
0.00127589
0.00126349
0.00125122
0.00123889
0.00122666
0.0012144
0.00120222
0.00119001
0.00117787
0.0011657
0.0011536
0.00114148
0.00112942
0.00111734
0.00110532
0.00109329
0.00108131
0.00106934
0.00105742
0.00104551
0.00103367
0.00102183
0.00101006
0.000998304
0.000986616
0.000974936
0.000963321
0.00095171
0.000940156
0.000928599
0.00091709
0.00090557
0.000894088
0.000882588
0.000871118
0.000859624
0.000848155
0.000836657
0.00082518
0.000813674
0.000802186
0.000790669
0.000779169
0.000767643
0.000756132
0.000744597
0.000733078
0.000721537
0.00071001
0.000698465
0.000686934
0.000675387
0.000663852
0.000652303
0.000640766
0.000629217
0.000617679
0.000606129
0.00059459
0.00058304
0.000571501
0.000559951
0.000548411
0.000536862
0.000525322
0.000513772
0.000502232
0.000490682
0.000479143
0.000467593
0.000456053
0.000444503
0.000432963
0.000421413
0.000409874
0.000398324
0.000386784
0.000375234
0.000363694
0.000352145
0.000340604
0.000329055
0.000317515
0.000305965
0.000294425
0.000282876
0.000271336
0.000259785
0.000248247
0.000236695
0.000225158
0.000213605
0.000202069
0.000190515
0.000178979
0.000167425
0.00015589
0.000144335
0.000132801
0.000121246
0.000109711
9.81563e-05
8.66209e-05
7.50672e-05
6.35306e-05
5.19785e-05
4.04394e-05
2.88904e-05
1.73438e-05
5.80565e-06
0.00310309
0.00283299
0.00286071
0.00275892
0.00274467
0.00269181
0.00266579
0.00262904
0.00260138
0.00257122
0.00254455
0.00251776
0.00249256
0.00246789
0.00244409
0.00242094
0.00239834
0.00237639
0.00235481
0.00233384
0.00231314
0.002293
0.00227306
0.00225363
0.00223435
0.00221555
0.00219685
0.0021786
0.00216042
0.00214266
0.00212495
0.00210763
0.00209034
0.00207342
0.00205652
0.00203995
0.0020234
0.00200716
0.00199094
0.001975
0.00195908
0.00194341
0.00192778
0.00191236
0.00189698
0.0018818
0.00186667
0.0018517
0.0018368
0.00182203
0.00180734
0.00179276
0.00177827
0.00176386
0.00174957
0.00173532
0.0017212
0.00170711
0.00169316
0.00167921
0.00166541
0.0016516
0.00163795
0.00162427
0.00161076
0.0015972
0.00158382
0.00157038
0.00155712
0.00154379
0.00153064
0.00151742
0.00150438
0.00149126
0.00147832
0.00146529
0.00145245
0.00143951
0.00142675
0.00141391
0.00140123
0.00138847
0.00137587
0.00136319
0.00135067
0.00133806
0.0013256
0.00131307
0.00130068
0.00128821
0.00127588
0.00126349
0.00125122
0.00123889
0.00122666
0.0012144
0.00120222
0.00119
0.00117787
0.0011657
0.0011536
0.00114148
0.00112942
0.00111734
0.00110532
0.00109329
0.00108131
0.00106934
0.00105742
0.00104551
0.00103367
0.00102183
0.00101006
0.000998304
0.000986615
0.000974936
0.000963321
0.00095171
0.000940156
0.000928599
0.00091709
0.00090557
0.000894088
0.000882588
0.000871118
0.000859624
0.000848155
0.000836657
0.00082518
0.000813674
0.000802186
0.000790669
0.00077917
0.000767643
0.000756132
0.000744597
0.000733078
0.000721537
0.00071001
0.000698465
0.000686934
0.000675387
0.000663852
0.000652303
0.000640766
0.000629217
0.000617679
0.000606129
0.00059459
0.00058304
0.000571501
0.000559951
0.000548411
0.000536862
0.000525322
0.000513772
0.000502232
0.000490682
0.000479143
0.000467593
0.000456053
0.000444503
0.000432963
0.000421413
0.000409874
0.000398324
0.000386784
0.000375234
0.000363694
0.000352145
0.000340604
0.000329055
0.000317515
0.000305965
0.000294425
0.000282876
0.000271336
0.000259785
0.000248247
0.000236695
0.000225158
0.000213605
0.000202069
0.000190515
0.000178979
0.000167425
0.00015589
0.000144335
0.000132801
0.000121246
0.000109711
9.81563e-05
8.66209e-05
7.50672e-05
6.35306e-05
5.19785e-05
4.04395e-05
2.88905e-05
1.7345e-05
5.8069e-06
0.00310548
0.00283189
0.0028602
0.00275865
0.0027445
0.0026917
0.00266571
0.00262898
0.00260133
0.00257118
0.00254451
0.00251773
0.00249254
0.00246787
0.00244407
0.00242092
0.00239832
0.00237637
0.0023548
0.00233383
0.00231313
0.00229299
0.00227305
0.00225362
0.00223435
0.00221554
0.00219685
0.0021786
0.00216042
0.00214266
0.00212495
0.00210763
0.00209034
0.00207341
0.00205651
0.00203995
0.0020234
0.00200716
0.00199094
0.001975
0.00195908
0.00194341
0.00192777
0.00191236
0.00189698
0.0018818
0.00186667
0.0018517
0.0018368
0.00182202
0.00180734
0.00179275
0.00177827
0.00176386
0.00174957
0.00173532
0.0017212
0.00170711
0.00169316
0.00167921
0.00166541
0.0016516
0.00163795
0.00162427
0.00161076
0.0015972
0.00158382
0.00157038
0.00155712
0.00154379
0.00153064
0.00151742
0.00150438
0.00149126
0.00147832
0.00146529
0.00145244
0.00143951
0.00142675
0.00141391
0.00140123
0.00138847
0.00137587
0.00136319
0.00135066
0.00133806
0.0013256
0.00131307
0.00130068
0.00128821
0.00127588
0.00126349
0.00125122
0.00123889
0.00122666
0.0012144
0.00120222
0.00119
0.00117787
0.0011657
0.0011536
0.00114148
0.00112942
0.00111734
0.00110532
0.00109329
0.00108131
0.00106934
0.00105742
0.00104551
0.00103367
0.00102183
0.00101006
0.000998304
0.000986615
0.000974936
0.000963321
0.00095171
0.000940156
0.000928599
0.00091709
0.00090557
0.000894088
0.000882588
0.000871118
0.000859624
0.000848155
0.000836657
0.00082518
0.000813674
0.000802186
0.000790669
0.00077917
0.000767643
0.000756132
0.000744597
0.000733078
0.000721537
0.00071001
0.000698465
0.000686934
0.000675387
0.000663852
0.000652303
0.000640766
0.000629217
0.000617679
0.000606129
0.00059459
0.00058304
0.000571501
0.000559951
0.000548411
0.000536862
0.000525322
0.000513772
0.000502232
0.000490682
0.000479143
0.000467593
0.000456053
0.000444503
0.000432963
0.000421413
0.000409874
0.000398324
0.000386784
0.000375234
0.000363694
0.000352145
0.000340604
0.000329055
0.000317515
0.000305965
0.000294425
0.000282876
0.000271336
0.000259785
0.000248247
0.000236695
0.000225158
0.000213605
0.000202069
0.000190515
0.000178979
0.000167425
0.00015589
0.000144335
0.000132801
0.000121246
0.000109711
9.81563e-05
8.66209e-05
7.50672e-05
6.35306e-05
5.19785e-05
4.04396e-05
2.88905e-05
1.7346e-05
5.808e-06
0.00310797
0.00283072
0.00285967
0.00275837
0.00274432
0.00269159
0.00266563
0.00262892
0.00260128
0.00257114
0.00254448
0.0025177
0.00249251
0.00246785
0.00244405
0.00242091
0.00239831
0.00237636
0.00235479
0.00233382
0.00231312
0.00229298
0.00227304
0.00225362
0.00223434
0.00221554
0.00219684
0.00217859
0.00216041
0.00214265
0.00212494
0.00210762
0.00209034
0.00207341
0.00205651
0.00203994
0.0020234
0.00200716
0.00199094
0.00197499
0.00195908
0.00194341
0.00192777
0.00191235
0.00189698
0.00188179
0.00186667
0.00185169
0.00183679
0.00182202
0.00180734
0.00179275
0.00177827
0.00176386
0.00174956
0.00173532
0.0017212
0.00170711
0.00169316
0.00167921
0.00166541
0.0016516
0.00163795
0.00162427
0.00161076
0.0015972
0.00158382
0.00157038
0.00155712
0.00154379
0.00153064
0.00151742
0.00150438
0.00149126
0.00147832
0.00146529
0.00145244
0.00143951
0.00142675
0.00141391
0.00140123
0.00138847
0.00137587
0.00136319
0.00135066
0.00133806
0.0013256
0.00131307
0.00130068
0.00128821
0.00127588
0.00126349
0.00125122
0.00123889
0.00122666
0.0012144
0.00120222
0.00119
0.00117787
0.0011657
0.0011536
0.00114148
0.00112942
0.00111734
0.00110532
0.00109329
0.00108131
0.00106934
0.00105742
0.00104551
0.00103367
0.00102183
0.00101006
0.000998303
0.000986615
0.000974935
0.000963321
0.00095171
0.000940156
0.000928599
0.00091709
0.00090557
0.000894088
0.000882588
0.000871118
0.000859624
0.000848155
0.000836657
0.00082518
0.000813674
0.000802186
0.000790669
0.00077917
0.000767643
0.000756132
0.000744597
0.000733078
0.000721537
0.00071001
0.000698465
0.000686934
0.000675387
0.000663852
0.000652303
0.000640766
0.000629217
0.000617679
0.000606129
0.00059459
0.00058304
0.000571501
0.000559951
0.000548411
0.000536862
0.000525322
0.000513772
0.000502232
0.000490682
0.000479143
0.000467593
0.000456053
0.000444503
0.000432963
0.000421413
0.000409874
0.000398324
0.000386784
0.000375234
0.000363694
0.000352145
0.000340604
0.000329055
0.000317515
0.000305965
0.000294425
0.000282876
0.000271336
0.000259785
0.000248247
0.000236695
0.000225158
0.000213605
0.000202069
0.000190515
0.000178979
0.000167425
0.00015589
0.000144335
0.000132801
0.000121246
0.000109711
9.81563e-05
8.66209e-05
7.50672e-05
6.35306e-05
5.19785e-05
4.04396e-05
2.88905e-05
1.73469e-05
5.80896e-06
0.00311058
0.0028295
0.0028591
0.00275807
0.00274414
0.00269148
0.00266555
0.00262885
0.00260123
0.00257109
0.00254445
0.00251767
0.00249249
0.00246783
0.00244403
0.00242089
0.0023983
0.00237635
0.00235478
0.00233381
0.00231312
0.00229297
0.00227304
0.00225361
0.00223433
0.00221553
0.00219684
0.00217859
0.00216041
0.00214265
0.00212494
0.00210762
0.00209033
0.00207341
0.00205651
0.00203994
0.00202339
0.00200715
0.00199093
0.00197499
0.00195907
0.00194341
0.00192777
0.00191235
0.00189698
0.00188179
0.00186666
0.00185169
0.00183679
0.00182202
0.00180734
0.00179275
0.00177827
0.00176386
0.00174956
0.00173532
0.0017212
0.00170711
0.00169315
0.00167921
0.00166541
0.0016516
0.00163795
0.00162427
0.00161076
0.0015972
0.00158382
0.00157038
0.00155712
0.00154379
0.00153064
0.00151742
0.00150438
0.00149126
0.00147832
0.00146529
0.00145244
0.00143951
0.00142675
0.00141391
0.00140123
0.00138847
0.00137587
0.00136319
0.00135066
0.00133806
0.0013256
0.00131307
0.00130068
0.00128821
0.00127588
0.00126349
0.00125122
0.00123889
0.00122666
0.0012144
0.00120222
0.00119
0.00117787
0.0011657
0.0011536
0.00114148
0.00112942
0.00111734
0.00110532
0.00109329
0.00108131
0.00106934
0.00105742
0.00104551
0.00103367
0.00102183
0.00101006
0.000998303
0.000986615
0.000974935
0.000963321
0.00095171
0.000940156
0.000928599
0.00091709
0.00090557
0.000894088
0.000882588
0.000871118
0.000859624
0.000848155
0.000836657
0.00082518
0.000813674
0.000802186
0.000790669
0.00077917
0.000767643
0.000756132
0.000744597
0.000733078
0.000721537
0.00071001
0.000698465
0.000686934
0.000675387
0.000663852
0.000652303
0.000640766
0.000629217
0.000617679
0.000606129
0.00059459
0.00058304
0.000571501
0.000559951
0.000548411
0.000536862
0.000525322
0.000513772
0.000502232
0.000490682
0.000479143
0.000467593
0.000456053
0.000444503
0.000432963
0.000421413
0.000409874
0.000398324
0.000386784
0.000375234
0.000363694
0.000352145
0.000340604
0.000329055
0.000317515
0.000305965
0.000294425
0.000282876
0.000271336
0.000259785
0.000248247
0.000236695
0.000225158
0.000213605
0.000202069
0.000190515
0.000178979
0.000167425
0.00015589
0.000144335
0.000132801
0.000121246
0.000109711
9.81563e-05
8.66209e-05
7.50672e-05
6.35306e-05
5.19785e-05
4.04397e-05
2.88905e-05
1.73476e-05
5.80977e-06
0.00311331
0.0028282
0.00285851
0.00275777
0.00274395
0.00269137
0.00266547
0.00262879
0.00260119
0.00257105
0.00254441
0.00251765
0.00249247
0.00246781
0.00244401
0.00242087
0.00239828
0.00237633
0.00235477
0.0023338
0.00231311
0.00229297
0.00227303
0.0022536
0.00223433
0.00221553
0.00219683
0.00217858
0.00216041
0.00214264
0.00212494
0.00210761
0.00209033
0.0020734
0.0020565
0.00203994
0.00202339
0.00200715
0.00199093
0.00197499
0.00195907
0.0019434
0.00192777
0.00191235
0.00189698
0.00188179
0.00186666
0.00185169
0.00183679
0.00182202
0.00180734
0.00179275
0.00177827
0.00176386
0.00174956
0.00173532
0.0017212
0.0017071
0.00169315
0.00167921
0.00166541
0.0016516
0.00163795
0.00162427
0.00161076
0.0015972
0.00158382
0.00157038
0.00155712
0.00154379
0.00153064
0.00151742
0.00150438
0.00149126
0.00147832
0.00146529
0.00145244
0.00143951
0.00142675
0.00141391
0.00140123
0.00138847
0.00137587
0.00136319
0.00135066
0.00133806
0.0013256
0.00131307
0.00130068
0.00128821
0.00127588
0.00126349
0.00125122
0.00123889
0.00122666
0.0012144
0.00120222
0.00119
0.00117787
0.0011657
0.0011536
0.00114148
0.00112942
0.00111734
0.00110532
0.00109329
0.00108131
0.00106934
0.00105742
0.00104551
0.00103367
0.00102183
0.00101006
0.000998303
0.000986615
0.000974935
0.00096332
0.00095171
0.000940156
0.000928599
0.00091709
0.00090557
0.000894088
0.000882588
0.000871118
0.000859624
0.000848155
0.000836657
0.00082518
0.000813674
0.000802186
0.000790669
0.00077917
0.000767643
0.000756132
0.000744597
0.000733078
0.000721537
0.00071001
0.000698465
0.000686934
0.000675387
0.000663852
0.000652303
0.000640766
0.000629217
0.000617679
0.000606129
0.00059459
0.00058304
0.000571501
0.000559951
0.000548411
0.000536862
0.000525322
0.000513772
0.000502232
0.000490682
0.000479143
0.000467593
0.000456053
0.000444503
0.000432963
0.000421413
0.000409874
0.000398324
0.000386784
0.000375234
0.000363694
0.000352145
0.000340604
0.000329055
0.000317515
0.000305965
0.000294425
0.000282876
0.000271336
0.000259785
0.000248247
0.000236695
0.000225158
0.000213605
0.000202069
0.000190515
0.000178979
0.000167425
0.00015589
0.000144335
0.000132801
0.000121246
0.000109711
9.81563e-05
8.66209e-05
7.50672e-05
6.35306e-05
5.19785e-05
4.04398e-05
2.88905e-05
1.73482e-05
5.81044e-06
0.00311615
0.00282684
0.00285788
0.00275746
0.00274376
0.00269125
0.00266538
0.00262873
0.00260114
0.00257101
0.00254438
0.00251762
0.00249244
0.00246779
0.002444
0.00242086
0.00239827
0.00237632
0.00235476
0.00233379
0.0023131
0.00229296
0.00227302
0.0022536
0.00223432
0.00221552
0.00219683
0.00217858
0.0021604
0.00214264
0.00212493
0.00210761
0.00209033
0.0020734
0.0020565
0.00203994
0.00202339
0.00200715
0.00199093
0.00197499
0.00195907
0.0019434
0.00192777
0.00191235
0.00189698
0.00188179
0.00186666
0.00185169
0.00183679
0.00182202
0.00180733
0.00179275
0.00177827
0.00176386
0.00174956
0.00173531
0.0017212
0.0017071
0.00169315
0.0016792
0.00166541
0.0016516
0.00163795
0.00162427
0.00161076
0.0015972
0.00158382
0.00157038
0.00155712
0.00154379
0.00153064
0.00151742
0.00150438
0.00149126
0.00147831
0.00146529
0.00145244
0.00143951
0.00142675
0.00141391
0.00140123
0.00138847
0.00137587
0.00136319
0.00135066
0.00133806
0.0013256
0.00131307
0.00130068
0.00128821
0.00127588
0.00126349
0.00125122
0.00123889
0.00122666
0.00121439
0.00120222
0.00119
0.00117787
0.0011657
0.0011536
0.00114148
0.00112942
0.00111734
0.00110532
0.00109329
0.00108131
0.00106934
0.00105742
0.00104551
0.00103367
0.00102183
0.00101006
0.000998303
0.000986615
0.000974935
0.00096332
0.00095171
0.000940156
0.000928599
0.00091709
0.00090557
0.000894088
0.000882588
0.000871118
0.000859624
0.000848155
0.000836657
0.00082518
0.000813674
0.000802186
0.000790669
0.00077917
0.000767643
0.000756132
0.000744597
0.000733078
0.000721537
0.00071001
0.000698465
0.000686934
0.000675387
0.000663852
0.000652303
0.000640766
0.000629217
0.000617679
0.000606129
0.00059459
0.00058304
0.000571501
0.000559951
0.000548411
0.000536862
0.000525322
0.000513772
0.000502232
0.000490682
0.000479143
0.000467593
0.000456053
0.000444503
0.000432963
0.000421413
0.000409874
0.000398324
0.000386784
0.000375234
0.000363694
0.000352145
0.000340604
0.000329055
0.000317515
0.000305965
0.000294425
0.000282876
0.000271336
0.000259785
0.000248247
0.000236695
0.000225158
0.000213605
0.000202069
0.000190515
0.000178979
0.000167425
0.00015589
0.000144335
0.000132801
0.000121246
0.000109711
9.81563e-05
8.66209e-05
7.50672e-05
6.35306e-05
5.19785e-05
4.04398e-05
2.88905e-05
1.73487e-05
5.81097e-06
0.0031191
0.00282541
0.00285722
0.00275714
0.00274356
0.00269113
0.0026653
0.00262867
0.00260109
0.00257098
0.00254435
0.00251759
0.00249242
0.00246777
0.00244398
0.00242085
0.00239826
0.00237631
0.00235475
0.00233378
0.00231309
0.00229295
0.00227302
0.00225359
0.00223432
0.00221552
0.00219682
0.00217857
0.0021604
0.00214264
0.00212493
0.00210761
0.00209032
0.0020734
0.0020565
0.00203993
0.00202339
0.00200715
0.00199093
0.00197499
0.00195907
0.0019434
0.00192776
0.00191235
0.00189697
0.00188179
0.00186666
0.00185169
0.00183679
0.00182202
0.00180733
0.00179275
0.00177827
0.00176386
0.00174956
0.00173531
0.0017212
0.0017071
0.00169315
0.0016792
0.00166541
0.0016516
0.00163795
0.00162427
0.00161076
0.0015972
0.00158382
0.00157038
0.00155712
0.00154379
0.00153064
0.00151742
0.00150438
0.00149126
0.00147831
0.00146529
0.00145244
0.00143951
0.00142675
0.00141391
0.00140123
0.00138847
0.00137587
0.00136319
0.00135066
0.00133806
0.0013256
0.00131307
0.00130068
0.00128821
0.00127588
0.00126349
0.00125121
0.00123889
0.00122666
0.00121439
0.00120222
0.00119
0.00117787
0.0011657
0.0011536
0.00114148
0.00112942
0.00111734
0.00110532
0.00109329
0.00108131
0.00106934
0.00105742
0.00104551
0.00103367
0.00102183
0.00101006
0.000998303
0.000986615
0.000974935
0.00096332
0.00095171
0.000940156
0.000928599
0.00091709
0.00090557
0.000894088
0.000882588
0.000871118
0.000859624
0.000848155
0.000836657
0.00082518
0.000813674
0.000802186
0.000790669
0.00077917
0.000767643
0.000756132
0.000744597
0.000733078
0.000721537
0.00071001
0.000698465
0.000686934
0.000675387
0.000663852
0.000652303
0.000640766
0.000629217
0.000617679
0.000606129
0.00059459
0.00058304
0.000571501
0.000559951
0.000548411
0.000536862
0.000525322
0.000513772
0.000502232
0.000490682
0.000479143
0.000467593
0.000456053
0.000444503
0.000432963
0.000421413
0.000409874
0.000398324
0.000386784
0.000375234
0.000363694
0.000352145
0.000340604
0.000329055
0.000317515
0.000305965
0.000294425
0.000282876
0.000271336
0.000259785
0.000248247
0.000236695
0.000225158
0.000213605
0.000202069
0.000190515
0.000178979
0.000167425
0.00015589
0.000144335
0.000132801
0.000121246
0.000109711
9.81563e-05
8.6621e-05
7.50672e-05
6.35307e-05
5.19784e-05
4.04399e-05
2.88905e-05
1.7349e-05
5.81138e-06
0.00312217
0.00282392
0.00285654
0.00275682
0.00274337
0.00269102
0.00266522
0.00262861
0.00260105
0.00257094
0.00254432
0.00251757
0.0024924
0.00246775
0.00244397
0.00242083
0.00239825
0.0023763
0.00235474
0.00233377
0.00231308
0.00229295
0.00227301
0.00225359
0.00223431
0.00221551
0.00219682
0.00217857
0.00216039
0.00214263
0.00212493
0.00210761
0.00209032
0.0020734
0.0020565
0.00203993
0.00202339
0.00200714
0.00199093
0.00197498
0.00195907
0.0019434
0.00192776
0.00191235
0.00189697
0.00188179
0.00186666
0.00185169
0.00183679
0.00182202
0.00180733
0.00179275
0.00177826
0.00176385
0.00174956
0.00173531
0.0017212
0.0017071
0.00169315
0.0016792
0.00166541
0.0016516
0.00163795
0.00162427
0.00161076
0.0015972
0.00158382
0.00157038
0.00155712
0.00154379
0.00153064
0.00151742
0.00150438
0.00149126
0.00147831
0.00146529
0.00145244
0.00143951
0.00142675
0.00141391
0.00140123
0.00138847
0.00137587
0.00136319
0.00135066
0.00133806
0.0013256
0.00131307
0.00130068
0.00128821
0.00127588
0.00126349
0.00125121
0.00123889
0.00122666
0.00121439
0.00120222
0.00119
0.00117787
0.0011657
0.0011536
0.00114148
0.00112942
0.00111734
0.00110532
0.00109329
0.00108131
0.00106934
0.00105742
0.00104551
0.00103366
0.00102183
0.00101006
0.000998303
0.000986615
0.000974935
0.00096332
0.00095171
0.000940156
0.000928599
0.00091709
0.00090557
0.000894088
0.000882588
0.000871118
0.000859624
0.000848155
0.000836657
0.00082518
0.000813674
0.000802186
0.000790669
0.00077917
0.000767643
0.000756132
0.000744597
0.000733078
0.000721537
0.00071001
0.000698465
0.000686934
0.000675387
0.000663852
0.000652303
0.000640766
0.000629217
0.000617679
0.000606129
0.00059459
0.00058304
0.000571501
0.000559951
0.000548411
0.000536862
0.000525322
0.000513772
0.000502232
0.000490682
0.000479143
0.000467593
0.000456053
0.000444503
0.000432963
0.000421413
0.000409874
0.000398324
0.000386784
0.000375234
0.000363694
0.000352145
0.000340604
0.000329055
0.000317515
0.000305965
0.000294425
0.000282876
0.000271336
0.000259785
0.000248247
0.000236695
0.000225158
0.000213605
0.000202069
0.000190515
0.000178979
0.000167425
0.00015589
0.000144335
0.000132801
0.000121246
0.000109711
9.81563e-05
8.6621e-05
7.50672e-05
6.35307e-05
5.19784e-05
4.04399e-05
2.88905e-05
1.73493e-05
5.81169e-06
0.00312536
0.00282236
0.00285583
0.0027565
0.00274318
0.00269091
0.00266515
0.00262856
0.002601
0.00257091
0.0025443
0.00251755
0.00249238
0.00246774
0.00244395
0.00242082
0.00239823
0.00237629
0.00235473
0.00233376
0.00231308
0.00229294
0.00227301
0.00225358
0.00223431
0.00221551
0.00219681
0.00217856
0.00216039
0.00214263
0.00212492
0.0021076
0.00209032
0.00207339
0.00205649
0.00203993
0.00202338
0.00200714
0.00199092
0.00197498
0.00195907
0.0019434
0.00192776
0.00191234
0.00189697
0.00188179
0.00186666
0.00185169
0.00183679
0.00182202
0.00180733
0.00179275
0.00177826
0.00176385
0.00174956
0.00173531
0.00172119
0.0017071
0.00169315
0.0016792
0.00166541
0.0016516
0.00163795
0.00162427
0.00161076
0.0015972
0.00158382
0.00157038
0.00155712
0.00154379
0.00153064
0.00151742
0.00150438
0.00149126
0.00147831
0.00146529
0.00145244
0.00143951
0.00142675
0.00141391
0.00140123
0.00138847
0.00137587
0.00136319
0.00135066
0.00133805
0.0013256
0.00131307
0.00130068
0.00128821
0.00127588
0.00126349
0.00125121
0.00123889
0.00122666
0.00121439
0.00120222
0.00119
0.00117787
0.0011657
0.0011536
0.00114148
0.00112942
0.00111734
0.00110532
0.00109329
0.00108131
0.00106934
0.00105742
0.00104551
0.00103366
0.00102183
0.00101006
0.000998303
0.000986615
0.000974935
0.00096332
0.00095171
0.000940156
0.000928599
0.00091709
0.00090557
0.000894088
0.000882588
0.000871119
0.000859624
0.000848155
0.000836657
0.00082518
0.000813674
0.000802186
0.000790669
0.00077917
0.000767643
0.000756132
0.000744597
0.000733078
0.000721537
0.00071001
0.000698465
0.000686934
0.000675387
0.000663852
0.000652303
0.000640766
0.000629217
0.000617679
0.000606129
0.00059459
0.00058304
0.000571501
0.000559951
0.000548411
0.000536862
0.000525322
0.000513772
0.000502232
0.000490682
0.000479143
0.000467593
0.000456053
0.000444503
0.000432963
0.000421413
0.000409874
0.000398324
0.000386784
0.000375234
0.000363694
0.000352145
0.000340604
0.000329055
0.000317515
0.000305965
0.000294425
0.000282876
0.000271336
0.000259785
0.000248247
0.000236695
0.000225158
0.000213605
0.000202069
0.000190515
0.000178979
0.000167425
0.00015589
0.000144335
0.000132801
0.000121246
0.000109711
9.81563e-05
8.6621e-05
7.50672e-05
6.35307e-05
5.19784e-05
4.044e-05
2.88905e-05
1.73495e-05
5.81189e-06
0.00312868
0.00282074
0.00285511
0.00275618
0.002743
0.00269081
0.00266508
0.00262851
0.00260097
0.00257088
0.00254427
0.00251753
0.00249237
0.00246772
0.00244394
0.00242081
0.00239822
0.00237628
0.00235472
0.00233376
0.00231307
0.00229293
0.002273
0.00225358
0.0022343
0.0022155
0.00219681
0.00217856
0.00216039
0.00214263
0.00212492
0.0021076
0.00209032
0.00207339
0.00205649
0.00203993
0.00202338
0.00200714
0.00199092
0.00197498
0.00195906
0.0019434
0.00192776
0.00191234
0.00189697
0.00188178
0.00186666
0.00185169
0.00183679
0.00182202
0.00180733
0.00179275
0.00177826
0.00176385
0.00174956
0.00173531
0.00172119
0.0017071
0.00169315
0.0016792
0.00166541
0.0016516
0.00163795
0.00162427
0.00161076
0.0015972
0.00158382
0.00157038
0.00155712
0.00154379
0.00153064
0.00151742
0.00150438
0.00149126
0.00147831
0.00146529
0.00145244
0.00143951
0.00142675
0.00141391
0.00140123
0.00138847
0.00137587
0.00136319
0.00135066
0.00133805
0.0013256
0.00131306
0.00130067
0.00128821
0.00127588
0.00126349
0.00125121
0.00123888
0.00122666
0.00121439
0.00120222
0.00119
0.00117787
0.0011657
0.0011536
0.00114148
0.00112942
0.00111734
0.00110532
0.00109329
0.00108131
0.00106934
0.00105742
0.00104551
0.00103366
0.00102183
0.00101006
0.000998303
0.000986615
0.000974935
0.00096332
0.00095171
0.000940156
0.000928599
0.00091709
0.00090557
0.000894089
0.000882588
0.000871119
0.000859624
0.000848155
0.000836657
0.00082518
0.000813674
0.000802186
0.000790669
0.00077917
0.000767643
0.000756132
0.000744597
0.000733078
0.000721537
0.00071001
0.000698465
0.000686934
0.000675387
0.000663852
0.000652303
0.000640766
0.000629217
0.000617679
0.000606129
0.00059459
0.00058304
0.000571501
0.000559951
0.000548411
0.000536862
0.000525322
0.000513772
0.000502232
0.000490682
0.000479143
0.000467593
0.000456053
0.000444503
0.000432963
0.000421413
0.000409874
0.000398324
0.000386784
0.000375234
0.000363694
0.000352145
0.000340604
0.000329055
0.000317515
0.000305965
0.000294425
0.000282876
0.000271336
0.000259785
0.000248247
0.000236695
0.000225158
0.000213605
0.000202069
0.000190515
0.000178979
0.000167425
0.00015589
0.000144335
0.000132801
0.000121246
0.000109711
9.81563e-05
8.6621e-05
7.50672e-05
6.35307e-05
5.19784e-05
4.044e-05
2.88905e-05
1.73495e-05
5.81202e-06
0.00313215
0.00281908
0.00285439
0.00275588
0.00274283
0.00269072
0.00266501
0.00262846
0.00260093
0.00257085
0.00254425
0.00251751
0.00249235
0.00246771
0.00244393
0.0024208
0.00239822
0.00237627
0.00235471
0.00233375
0.00231306
0.00229293
0.00227299
0.00225357
0.0022343
0.0022155
0.00219681
0.00217856
0.00216038
0.00214262
0.00212492
0.0021076
0.00209031
0.00207339
0.00205649
0.00203992
0.00202338
0.00200714
0.00199092
0.00197498
0.00195906
0.00194339
0.00192776
0.00191234
0.00189697
0.00188178
0.00186665
0.00185168
0.00183678
0.00182201
0.00180733
0.00179274
0.00177826
0.00176385
0.00174956
0.00173531
0.00172119
0.0017071
0.00169315
0.0016792
0.00166541
0.0016516
0.00163795
0.00162427
0.00161076
0.0015972
0.00158382
0.00157038
0.00155711
0.00154379
0.00153064
0.00151742
0.00150437
0.00149126
0.00147831
0.00146529
0.00145244
0.00143951
0.00142675
0.00141391
0.00140123
0.00138847
0.00137587
0.00136319
0.00135066
0.00133805
0.0013256
0.00131306
0.00130067
0.00128821
0.00127588
0.00126349
0.00125121
0.00123888
0.00122666
0.00121439
0.00120222
0.00119
0.00117787
0.0011657
0.0011536
0.00114148
0.00112942
0.00111734
0.00110532
0.00109329
0.00108131
0.00106934
0.00105742
0.00104551
0.00103366
0.00102183
0.00101006
0.000998303
0.000986615
0.000974935
0.00096332
0.00095171
0.000940156
0.000928599
0.00091709
0.00090557
0.000894089
0.000882588
0.000871119
0.000859624
0.000848155
0.000836657
0.00082518
0.000813674
0.000802186
0.000790669
0.00077917
0.000767643
0.000756132
0.000744597
0.000733078
0.000721537
0.00071001
0.000698465
0.000686934
0.000675387
0.000663852
0.000652303
0.000640766
0.000629217
0.000617679
0.000606129
0.00059459
0.00058304
0.000571501
0.000559951
0.000548411
0.000536862
0.000525322
0.000513772
0.000502232
0.000490682
0.000479143
0.000467593
0.000456053
0.000444503
0.000432963
0.000421413
0.000409874
0.000398324
0.000386784
0.000375234
0.000363694
0.000352145
0.000340604
0.000329055
0.000317515
0.000305965
0.000294425
0.000282876
0.000271336
0.000259785
0.000248247
0.000236695
0.000225158
0.000213605
0.000202069
0.000190515
0.000178979
0.000167425
0.00015589
0.000144335
0.000132801
0.000121246
0.000109711
9.81563e-05
8.6621e-05
7.50672e-05
6.35307e-05
5.19784e-05
4.044e-05
2.88905e-05
1.73496e-05
5.81208e-06
0.00313581
0.0028174
0.00285369
0.00275561
0.00274268
0.00269063
0.00266496
0.00262842
0.0026009
0.00257082
0.00254423
0.00251749
0.00249233
0.00246769
0.00244391
0.00242079
0.00239821
0.00237627
0.00235471
0.00233374
0.00231306
0.00229292
0.00227299
0.00225357
0.00223429
0.00221549
0.0021968
0.00217855
0.00216038
0.00214262
0.00212491
0.00210759
0.00209031
0.00207339
0.00205649
0.00203992
0.00202338
0.00200714
0.00199092
0.00197498
0.00195906
0.00194339
0.00192776
0.00191234
0.00189697
0.00188178
0.00186665
0.00185168
0.00183678
0.00182201
0.00180733
0.00179274
0.00177826
0.00176385
0.00174956
0.00173531
0.00172119
0.0017071
0.00169315
0.0016792
0.00166541
0.00165159
0.00163795
0.00162427
0.00161075
0.0015972
0.00158382
0.00157038
0.00155711
0.00154379
0.00153064
0.00151742
0.00150437
0.00149125
0.00147831
0.00146529
0.00145244
0.00143951
0.00142675
0.00141391
0.00140123
0.00138847
0.00137587
0.00136319
0.00135066
0.00133805
0.0013256
0.00131306
0.00130067
0.00128821
0.00127588
0.00126349
0.00125121
0.00123888
0.00122666
0.00121439
0.00120222
0.00119
0.00117787
0.0011657
0.0011536
0.00114148
0.00112942
0.00111734
0.00110532
0.00109329
0.00108131
0.00106934
0.00105742
0.00104551
0.00103366
0.00102183
0.00101006
0.000998303
0.000986615
0.000974935
0.000963321
0.00095171
0.000940156
0.000928599
0.00091709
0.00090557
0.000894089
0.000882588
0.000871119
0.000859624
0.000848155
0.000836657
0.00082518
0.000813674
0.000802186
0.000790669
0.00077917
0.000767643
0.000756132
0.000744597
0.000733078
0.000721537
0.00071001
0.000698465
0.000686934
0.000675387
0.000663852
0.000652303
0.000640766
0.000629217
0.000617679
0.000606129
0.00059459
0.00058304
0.000571501
0.000559951
0.000548411
0.000536862
0.000525322
0.000513772
0.000502232
0.000490682
0.000479143
0.000467593
0.000456053
0.000444503
0.000432963
0.000421413
0.000409874
0.000398324
0.000386784
0.000375234
0.000363694
0.000352145
0.000340604
0.000329055
0.000317515
0.000305965
0.000294425
0.000282876
0.000271336
0.000259785
0.000248247
0.000236695
0.000225158
0.000213605
0.000202069
0.000190515
0.000178979
0.000167425
0.00015589
0.000144335
0.000132801
0.000121246
0.000109711
9.81563e-05
8.6621e-05
7.50672e-05
6.35307e-05
5.19784e-05
4.04401e-05
2.88904e-05
1.73496e-05
5.81209e-06
0.00313973
0.00281573
0.00285302
0.00275536
0.00274254
0.00269056
0.0026649
0.00262838
0.00260087
0.0025708
0.00254421
0.00251747
0.00249232
0.00246768
0.0024439
0.00242078
0.0023982
0.00237626
0.0023547
0.00233374
0.00231305
0.00229292
0.00227298
0.00225356
0.00223429
0.00221549
0.0021968
0.00217855
0.00216038
0.00214262
0.00212491
0.00210759
0.00209031
0.00207338
0.00205648
0.00203992
0.00202337
0.00200714
0.00199092
0.00197498
0.00195906
0.00194339
0.00192776
0.00191234
0.00189697
0.00188178
0.00186665
0.00185168
0.00183678
0.00182201
0.00180733
0.00179274
0.00177826
0.00176385
0.00174956
0.00173531
0.00172119
0.0017071
0.00169315
0.0016792
0.0016654
0.00165159
0.00163795
0.00162426
0.00161075
0.0015972
0.00158381
0.00157038
0.00155711
0.00154379
0.00153064
0.00151742
0.00150437
0.00149125
0.00147831
0.00146529
0.00145244
0.00143951
0.00142675
0.00141391
0.00140123
0.00138847
0.00137587
0.00136319
0.00135066
0.00133805
0.0013256
0.00131306
0.00130067
0.00128821
0.00127588
0.00126349
0.00125121
0.00123888
0.00122666
0.00121439
0.00120222
0.00119
0.00117786
0.0011657
0.0011536
0.00114148
0.00112942
0.00111734
0.00110532
0.00109329
0.00108131
0.00106934
0.00105742
0.00104551
0.00103366
0.00102183
0.00101006
0.000998303
0.000986615
0.000974935
0.000963321
0.00095171
0.000940156
0.000928599
0.00091709
0.00090557
0.000894089
0.000882588
0.000871119
0.000859624
0.000848155
0.000836657
0.00082518
0.000813674
0.000802186
0.000790669
0.00077917
0.000767643
0.000756132
0.000744597
0.000733078
0.000721537
0.00071001
0.000698465
0.000686934
0.000675387
0.000663852
0.000652303
0.000640766
0.000629217
0.000617679
0.000606129
0.00059459
0.00058304
0.000571501
0.000559951
0.000548411
0.000536862
0.000525322
0.000513772
0.000502232
0.000490682
0.000479143
0.000467593
0.000456053
0.000444503
0.000432963
0.000421413
0.000409874
0.000398324
0.000386784
0.000375234
0.000363694
0.000352145
0.000340604
0.000329055
0.000317515
0.000305965
0.000294425
0.000282876
0.000271336
0.000259785
0.000248247
0.000236695
0.000225158
0.000213605
0.000202069
0.000190515
0.000178979
0.000167425
0.00015589
0.000144335
0.000132801
0.000121246
0.000109711
9.81563e-05
8.6621e-05
7.50672e-05
6.35307e-05
5.19784e-05
4.04401e-05
2.88904e-05
1.73495e-05
5.81207e-06
0.00314398
0.00281413
0.0028524
0.00275514
0.00274242
0.00269049
0.00266486
0.00262834
0.00260084
0.00257078
0.00254419
0.00251746
0.00249231
0.00246767
0.00244389
0.00242077
0.00239819
0.00237625
0.00235469
0.00233373
0.00231305
0.00229291
0.00227298
0.00225356
0.00223428
0.00221549
0.00219679
0.00217855
0.00216037
0.00214261
0.00212491
0.00210759
0.0020903
0.00207338
0.00205648
0.00203992
0.00202337
0.00200713
0.00199091
0.00197497
0.00195906
0.00194339
0.00192775
0.00191234
0.00189696
0.00188178
0.00186665
0.00185168
0.00183678
0.00182201
0.00180733
0.00179274
0.00177826
0.00176385
0.00174955
0.00173531
0.00172119
0.0017071
0.00169315
0.0016792
0.0016654
0.00165159
0.00163795
0.00162426
0.00161075
0.0015972
0.00158381
0.00157037
0.00155711
0.00154379
0.00153064
0.00151742
0.00150437
0.00149125
0.00147831
0.00146529
0.00145244
0.00143951
0.00142675
0.0014139
0.00140123
0.00138847
0.00137587
0.00136319
0.00135066
0.00133805
0.0013256
0.00131306
0.00130067
0.00128821
0.00127588
0.00126349
0.00125121
0.00123888
0.00122666
0.00121439
0.00120222
0.00119
0.00117786
0.0011657
0.0011536
0.00114148
0.00112942
0.00111734
0.00110532
0.00109329
0.00108131
0.00106934
0.00105742
0.00104551
0.00103366
0.00102183
0.00101006
0.000998303
0.000986615
0.000974935
0.000963321
0.00095171
0.000940156
0.000928599
0.000917091
0.00090557
0.000894089
0.000882588
0.000871119
0.000859624
0.000848155
0.000836657
0.00082518
0.000813674
0.000802186
0.000790669
0.00077917
0.000767643
0.000756132
0.000744597
0.000733078
0.000721537
0.00071001
0.000698465
0.000686934
0.000675387
0.000663852
0.000652303
0.000640766
0.000629217
0.000617679
0.000606129
0.00059459
0.00058304
0.000571501
0.000559951
0.000548411
0.000536862
0.000525322
0.000513772
0.000502232
0.000490682
0.000479143
0.000467593
0.000456053
0.000444503
0.000432963
0.000421413
0.000409874
0.000398324
0.000386784
0.000375234
0.000363694
0.000352145
0.000340604
0.000329055
0.000317515
0.000305965
0.000294425
0.000282876
0.000271336
0.000259785
0.000248247
0.000236695
0.000225158
0.000213605
0.000202069
0.000190515
0.000178979
0.000167425
0.00015589
0.000144335
0.000132801
0.000121246
0.000109711
9.81563e-05
8.6621e-05
7.50672e-05
6.35307e-05
5.19784e-05
4.04401e-05
2.88904e-05
1.73495e-05
5.81203e-06
0.00314869
0.00281264
0.00285187
0.00275496
0.00274232
0.00269043
0.00266481
0.00262831
0.00260082
0.00257076
0.00254417
0.00251744
0.00249229
0.00246766
0.00244388
0.00242076
0.00239818
0.00237624
0.00235469
0.00233373
0.00231304
0.00229291
0.00227297
0.00225355
0.00223428
0.00221548
0.00219679
0.00217854
0.00216037
0.00214261
0.00212491
0.00210759
0.0020903
0.00207338
0.00205648
0.00203991
0.00202337
0.00200713
0.00199091
0.00197497
0.00195906
0.00194339
0.00192775
0.00191234
0.00189696
0.00188178
0.00186665
0.00185168
0.00183678
0.00182201
0.00180732
0.00179274
0.00177826
0.00176385
0.00174955
0.00173531
0.00172119
0.0017071
0.00169315
0.0016792
0.0016654
0.00165159
0.00163794
0.00162426
0.00161075
0.0015972
0.00158381
0.00157037
0.00155711
0.00154378
0.00153064
0.00151741
0.00150437
0.00149125
0.00147831
0.00146529
0.00145244
0.00143951
0.00142675
0.0014139
0.00140123
0.00138847
0.00137587
0.00136318
0.00135066
0.00133805
0.0013256
0.00131306
0.00130067
0.00128821
0.00127588
0.00126349
0.00125121
0.00123888
0.00122666
0.00121439
0.00120221
0.00119
0.00117786
0.0011657
0.0011536
0.00114148
0.00112942
0.00111734
0.00110532
0.00109329
0.00108131
0.00106934
0.00105742
0.00104551
0.00103366
0.00102183
0.00101006
0.000998303
0.000986615
0.000974935
0.000963321
0.00095171
0.000940156
0.000928599
0.000917091
0.00090557
0.000894089
0.000882588
0.000871119
0.000859624
0.000848155
0.000836657
0.00082518
0.000813674
0.000802186
0.000790669
0.00077917
0.000767643
0.000756132
0.000744597
0.000733078
0.000721537
0.00071001
0.000698465
0.000686934
0.000675387
0.000663852
0.000652303
0.000640766
0.000629217
0.000617679
0.000606129
0.00059459
0.00058304
0.000571501
0.000559951
0.000548411
0.000536862
0.000525322
0.000513772
0.000502232
0.000490682
0.000479143
0.000467593
0.000456053
0.000444503
0.000432963
0.000421413
0.000409874
0.000398324
0.000386784
0.000375234
0.000363694
0.000352145
0.000340604
0.000329055
0.000317515
0.000305966
0.000294425
0.000282876
0.000271336
0.000259785
0.000248247
0.000236695
0.000225158
0.000213605
0.000202069
0.000190515
0.000178979
0.000167425
0.00015589
0.000144335
0.000132801
0.000121246
0.000109711
9.81563e-05
8.6621e-05
7.50672e-05
6.35307e-05
5.19784e-05
4.04401e-05
2.88904e-05
1.73495e-05
5.81199e-06
0.00315399
0.00281134
0.00285143
0.00275481
0.00274223
0.00269038
0.00266477
0.00262828
0.00260079
0.00257073
0.00254415
0.00251743
0.00249228
0.00246765
0.00244387
0.00242075
0.00239817
0.00237624
0.00235468
0.00233372
0.00231303
0.0022929
0.00227297
0.00225355
0.00223428
0.00221548
0.00219679
0.00217854
0.00216037
0.00214261
0.0021249
0.00210758
0.0020903
0.00207338
0.00205648
0.00203991
0.00202337
0.00200713
0.00199091
0.00197497
0.00195905
0.00194339
0.00192775
0.00191233
0.00189696
0.00188178
0.00186665
0.00185168
0.00183678
0.00182201
0.00180732
0.00179274
0.00177826
0.00176385
0.00174955
0.0017353
0.00172119
0.0017071
0.00169314
0.0016792
0.0016654
0.00165159
0.00163794
0.00162426
0.00161075
0.00159719
0.00158381
0.00157037
0.00155711
0.00154378
0.00153064
0.00151741
0.00150437
0.00149125
0.00147831
0.00146529
0.00145244
0.00143951
0.00142675
0.0014139
0.00140123
0.00138847
0.00137587
0.00136318
0.00135066
0.00133805
0.0013256
0.00131306
0.00130067
0.00128821
0.00127588
0.00126349
0.00125121
0.00123888
0.00122666
0.00121439
0.00120221
0.00119
0.00117786
0.0011657
0.0011536
0.00114148
0.00112942
0.00111734
0.00110532
0.00109329
0.00108131
0.00106934
0.00105742
0.00104551
0.00103366
0.00102183
0.00101006
0.000998303
0.000986615
0.000974935
0.000963321
0.00095171
0.000940156
0.000928599
0.000917091
0.00090557
0.000894089
0.000882588
0.000871119
0.000859624
0.000848155
0.000836657
0.000825181
0.000813674
0.000802186
0.000790669
0.00077917
0.000767643
0.000756132
0.000744597
0.000733078
0.000721537
0.00071001
0.000698465
0.000686934
0.000675387
0.000663852
0.000652303
0.000640766
0.000629217
0.000617679
0.000606129
0.00059459
0.00058304
0.000571501
0.000559951
0.000548411
0.000536862
0.000525322
0.000513772
0.000502232
0.000490682
0.000479143
0.000467593
0.000456053
0.000444503
0.000432963
0.000421413
0.000409874
0.000398324
0.000386784
0.000375234
0.000363694
0.000352145
0.000340604
0.000329055
0.000317515
0.000305966
0.000294425
0.000282876
0.000271336
0.000259785
0.000248247
0.000236695
0.000225158
0.000213605
0.000202069
0.000190515
0.000178979
0.000167425
0.00015589
0.000144335
0.000132801
0.000121246
0.000109711
9.81563e-05
8.6621e-05
7.50672e-05
6.35307e-05
5.19784e-05
4.04401e-05
2.88904e-05
1.73494e-05
5.81194e-06
0.00316007
0.00281026
0.00285107
0.00275469
0.00274215
0.00269033
0.00266473
0.00262825
0.00260077
0.00257071
0.00254414
0.00251741
0.00249227
0.00246763
0.00244386
0.00242074
0.00239816
0.00237623
0.00235467
0.00233371
0.00231303
0.00229289
0.00227296
0.00225354
0.00223427
0.00221547
0.00219678
0.00217853
0.00216036
0.0021426
0.0021249
0.00210758
0.0020903
0.00207337
0.00205647
0.00203991
0.00202337
0.00200713
0.00199091
0.00197497
0.00195905
0.00194338
0.00192775
0.00191233
0.00189696
0.00188177
0.00186665
0.00185168
0.00183678
0.00182201
0.00180732
0.00179274
0.00177825
0.00176384
0.00174955
0.0017353
0.00172119
0.00170709
0.00169314
0.0016792
0.0016654
0.00165159
0.00163794
0.00162426
0.00161075
0.00159719
0.00158381
0.00157037
0.00155711
0.00154378
0.00153063
0.00151741
0.00150437
0.00149125
0.00147831
0.00146529
0.00145244
0.00143951
0.00142675
0.0014139
0.00140123
0.00138847
0.00137587
0.00136318
0.00135066
0.00133805
0.0013256
0.00131306
0.00130067
0.00128821
0.00127588
0.00126349
0.00125121
0.00123888
0.00122666
0.00121439
0.00120221
0.00119
0.00117786
0.0011657
0.0011536
0.00114148
0.00112942
0.00111734
0.00110532
0.00109329
0.00108131
0.00106934
0.00105742
0.00104551
0.00103366
0.00102183
0.00101006
0.000998303
0.000986615
0.000974935
0.000963321
0.00095171
0.000940156
0.000928599
0.000917091
0.00090557
0.000894089
0.000882588
0.000871119
0.000859624
0.000848155
0.000836657
0.000825181
0.000813674
0.000802186
0.000790669
0.00077917
0.000767643
0.000756132
0.000744597
0.000733078
0.000721537
0.00071001
0.000698465
0.000686934
0.000675387
0.000663852
0.000652303
0.000640766
0.000629217
0.000617679
0.000606129
0.00059459
0.00058304
0.000571501
0.000559951
0.000548411
0.000536862
0.000525322
0.000513772
0.000502232
0.000490682
0.000479143
0.000467593
0.000456053
0.000444503
0.000432963
0.000421413
0.000409874
0.000398324
0.000386784
0.000375234
0.000363694
0.000352145
0.000340604
0.000329055
0.000317515
0.000305966
0.000294425
0.000282876
0.000271336
0.000259785
0.000248247
0.000236695
0.000225158
0.000213605
0.000202069
0.000190515
0.000178979
0.000167425
0.00015589
0.000144335
0.000132801
0.000121246
0.000109711
9.81563e-05
8.6621e-05
7.50672e-05
6.35307e-05
5.19784e-05
4.04401e-05
2.88904e-05
1.73494e-05
5.81191e-06
0.00316718
0.00280941
0.00285076
0.00275457
0.00274207
0.00269028
0.00266469
0.00262822
0.00260074
0.00257069
0.00254412
0.00251739
0.00249225
0.00246762
0.00244385
0.00242073
0.00239815
0.00237622
0.00235466
0.0023337
0.00231302
0.00229289
0.00227296
0.00225354
0.00223427
0.00221547
0.00219678
0.00217853
0.00216036
0.0021426
0.00212489
0.00210758
0.00209029
0.00207337
0.00205647
0.00203991
0.00202336
0.00200712
0.00199091
0.00197496
0.00195905
0.00194338
0.00192775
0.00191233
0.00189696
0.00188177
0.00186664
0.00185167
0.00183677
0.001822
0.00180732
0.00179274
0.00177825
0.00176384
0.00174955
0.0017353
0.00172119
0.00170709
0.00169314
0.00167919
0.0016654
0.00165159
0.00163794
0.00162426
0.00161075
0.00159719
0.00158381
0.00157037
0.00155711
0.00154378
0.00153063
0.00151741
0.00150437
0.00149125
0.00147831
0.00146529
0.00145244
0.00143951
0.00142675
0.0014139
0.00140123
0.00138846
0.00137587
0.00136318
0.00135066
0.00133805
0.0013256
0.00131306
0.00130067
0.00128821
0.00127588
0.00126348
0.00125121
0.00123888
0.00122666
0.00121439
0.00120221
0.00119
0.00117786
0.0011657
0.0011536
0.00114148
0.00112942
0.00111734
0.00110532
0.00109329
0.00108131
0.00106934
0.00105742
0.00104551
0.00103366
0.00102183
0.00101006
0.000998303
0.000986614
0.000974935
0.00096332
0.00095171
0.000940156
0.000928599
0.000917091
0.00090557
0.000894089
0.000882588
0.000871119
0.000859624
0.000848155
0.000836657
0.000825181
0.000813674
0.000802186
0.000790669
0.00077917
0.000767643
0.000756132
0.000744597
0.000733078
0.000721537
0.00071001
0.000698465
0.000686934
0.000675387
0.000663852
0.000652303
0.000640766
0.000629217
0.000617679
0.000606129
0.00059459
0.00058304
0.000571501
0.000559951
0.000548411
0.000536862
0.000525322
0.000513772
0.000502232
0.000490682
0.000479143
0.000467593
0.000456053
0.000444503
0.000432963
0.000421413
0.000409874
0.000398324
0.000386784
0.000375234
0.000363694
0.000352145
0.000340604
0.000329055
0.000317515
0.000305966
0.000294425
0.000282876
0.000271336
0.000259785
0.000248247
0.000236695
0.000225158
0.000213605
0.000202069
0.000190515
0.000178979
0.000167425
0.00015589
0.000144335
0.000132801
0.000121246
0.000109711
9.81563e-05
8.6621e-05
7.50672e-05
6.35307e-05
5.19784e-05
4.04401e-05
2.88904e-05
1.73495e-05
5.8119e-06
0.00317439
0.00280885
0.00285052
0.00275445
0.002742
0.00269023
0.00266465
0.00262819
0.00260071
0.00257067
0.0025441
0.00251738
0.00249224
0.00246761
0.00244384
0.00242072
0.00239814
0.00237621
0.00235466
0.0023337
0.00231301
0.00229288
0.00227295
0.00225353
0.00223426
0.00221546
0.00219677
0.00217853
0.00216035
0.0021426
0.00212489
0.00210757
0.00209029
0.00207337
0.00205647
0.0020399
0.00202336
0.00200712
0.0019909
0.00197496
0.00195905
0.00194338
0.00192774
0.00191233
0.00189695
0.00188177
0.00186664
0.00185167
0.00183677
0.001822
0.00180732
0.00179273
0.00177825
0.00176384
0.00174955
0.0017353
0.00172118
0.00170709
0.00169314
0.00167919
0.0016654
0.00165159
0.00163794
0.00162426
0.00161075
0.00159719
0.00158381
0.00157037
0.00155711
0.00154378
0.00153063
0.00151741
0.00150437
0.00149125
0.00147831
0.00146528
0.00145244
0.00143951
0.00142675
0.0014139
0.00140123
0.00138846
0.00137587
0.00136318
0.00135066
0.00133805
0.0013256
0.00131306
0.00130067
0.00128821
0.00127588
0.00126348
0.00125121
0.00123888
0.00122666
0.00121439
0.00120221
0.00119
0.00117786
0.0011657
0.0011536
0.00114148
0.00112942
0.00111734
0.00110532
0.00109329
0.00108131
0.00106934
0.00105742
0.00104551
0.00103366
0.00102183
0.00101006
0.000998302
0.000986614
0.000974935
0.00096332
0.00095171
0.000940156
0.000928599
0.000917091
0.00090557
0.000894089
0.000882588
0.000871119
0.000859624
0.000848155
0.000836657
0.000825181
0.000813674
0.000802186
0.000790669
0.00077917
0.000767643
0.000756132
0.000744597
0.000733078
0.000721537
0.00071001
0.000698465
0.000686934
0.000675387
0.000663852
0.000652303
0.000640766
0.000629217
0.000617679
0.000606129
0.00059459
0.00058304
0.000571501
0.000559951
0.000548411
0.000536862
0.000525322
0.000513772
0.000502232
0.000490682
0.000479143
0.000467593
0.000456053
0.000444503
0.000432963
0.000421413
0.000409874
0.000398324
0.000386784
0.000375234
0.000363694
0.000352145
0.000340604
0.000329055
0.000317515
0.000305966
0.000294425
0.000282876
0.000271336
0.000259785
0.000248247
0.000236695
0.000225158
0.000213605
0.000202069
0.000190515
0.000178979
0.000167425
0.00015589
0.000144335
0.000132801
0.000121246
0.000109711
9.81563e-05
8.6621e-05
7.50672e-05
6.35307e-05
5.19784e-05
4.04401e-05
2.88903e-05
1.73495e-05
5.81191e-06
)
;

boundaryField
{
    inlet
    {
        type            zeroGradient;
    }
    outlet
    {
        type            fixedValue;
        value           uniform 0;
    }
    wall
    {
        type            zeroGradient;
    }
    axis
    {
        type            symmetryPlane;
    }
    frontAndBack
    {
        type            empty;
    }
}


// ************************************************************************* //
