/*--------------------------------*- C++ -*----------------------------------*\
| =========                 |                                                 |
| \\      /  F ield         | OpenFOAM: The Open Source CFD Toolbox           |
|  \\    /   O peration     | Version:  2412                                  |
|   \\  /    A nd           | Website:  www.openfoam.com                      |
|    \\/     M anipulation  |                                                 |
\*---------------------------------------------------------------------------*/
FoamFile
{
    version     2.0;
    format      ascii;
    arch        "LSB;label=32;scalar=64";
    class       volScalarField;
    location    "491";
    object      p;
}
// * * * * * * * * * * * * * * * * * * * * * * * * * * * * * * * * * * * * * //

dimensions      [0 2 -2 0 0 0 0];

internalField   nonuniform List<scalar> 
8000
(
0.00307855
0.00284392
0.00286571
0.00276175
0.00274651
0.00269294
0.00266663
0.0026297
0.0026019
0.00257168
0.00254492
0.00251811
0.00249285
0.00246817
0.00244431
0.00242116
0.00239852
0.00237657
0.00235497
0.00233399
0.00231327
0.00229313
0.00227317
0.00225374
0.00223445
0.00221564
0.00219694
0.00217868
0.0021605
0.00214273
0.00212503
0.00210769
0.00209041
0.00207346
0.00205658
0.00203999
0.00202346
0.00200719
0.001991
0.00197502
0.00195913
0.00194343
0.00192783
0.00191237
0.00189703
0.00188181
0.00186671
0.00185171
0.00183684
0.00182204
0.00180738
0.00179276
0.00177831
0.00176387
0.0017496
0.00173533
0.00172123
0.00170711
0.00169319
0.00167922
0.00166544
0.00165161
0.00163798
0.00162428
0.00161078
0.00159721
0.00158384
0.00157039
0.00155714
0.0015438
0.00153066
0.00151743
0.00150439
0.00149127
0.00147833
0.00146531
0.00145245
0.00143953
0.00142676
0.00141392
0.00140124
0.00138848
0.00137588
0.0013632
0.00135067
0.00133807
0.0013256
0.00131308
0.00130068
0.00128823
0.00127588
0.0012635
0.00125121
0.00123889
0.00122666
0.0012144
0.00120221
0.00119001
0.00117787
0.00116572
0.00115362
0.00114151
0.00112945
0.00111739
0.00110537
0.00109334
0.00108137
0.00106939
0.00105746
0.00104554
0.00103367
0.00102181
0.00101001
0.000998219
0.000986489
0.000974774
0.000963115
0.00095147
0.000939876
0.000928289
0.000916747
0.000905206
0.000893701
0.000882189
0.000870705
0.000859208
0.000847732
0.000836239
0.000824762
0.000813265
0.000801782
0.000790276
0.000778784
0.000767268
0.000755767
0.000744242
0.000732732
0.0007212
0.000709683
0.000698146
0.000686624
0.000675082
0.000663557
0.000652013
0.000640485
0.000628939
0.000617409
0.000605862
0.000594332
0.000582785
0.000571254
0.000559706
0.000548175
0.000536627
0.000525096
0.000513548
0.000502017
0.000490469
0.000478938
0.00046739
0.000455858
0.00044431
0.000432779
0.000421231
0.0004097
0.000398151
0.00038662
0.000375071
0.000363541
0.000351992
0.000340462
0.000328912
0.000317382
0.000305832
0.000294303
0.000282752
0.000271224
0.000259672
0.000248144
0.000236593
0.000225064
0.000213513
0.000201984
0.000190435
0.000178903
0.000167356
0.000155822
0.000144277
0.000132742
0.000121196
0.000109663
9.81157e-05
8.65836e-05
7.50362e-05
6.35026e-05
5.19572e-05
4.042e-05
2.88777e-05
1.73092e-05
5.77699e-06
0.00307864
0.00284391
0.00286566
0.00276175
0.0027465
0.00269293
0.00266662
0.0026297
0.0026019
0.00257168
0.00254492
0.00251811
0.00249285
0.00246817
0.00244431
0.00242116
0.00239852
0.00237657
0.00235497
0.00233399
0.00231327
0.00229313
0.00227317
0.00225374
0.00223445
0.00221564
0.00219694
0.00217868
0.0021605
0.00214273
0.00212503
0.00210769
0.00209041
0.00207346
0.00205658
0.00203999
0.00202346
0.00200719
0.001991
0.00197502
0.00195913
0.00194343
0.00192783
0.00191237
0.00189703
0.00188181
0.00186671
0.00185171
0.00183684
0.00182204
0.00180738
0.00179276
0.00177831
0.00176387
0.0017496
0.00173533
0.00172123
0.00170711
0.00169319
0.00167922
0.00166544
0.00165161
0.00163798
0.00162428
0.00161078
0.00159721
0.00158384
0.00157039
0.00155714
0.0015438
0.00153066
0.00151743
0.00150439
0.00149127
0.00147833
0.00146531
0.00145245
0.00143953
0.00142676
0.00141392
0.00140124
0.00138848
0.00137587
0.0013632
0.00135067
0.00133807
0.0013256
0.00131308
0.00130068
0.00128823
0.00127588
0.0012635
0.00125121
0.00123889
0.00122666
0.0012144
0.00120221
0.00119001
0.00117787
0.00116572
0.00115362
0.00114151
0.00112945
0.00111739
0.00110537
0.00109334
0.00108137
0.00106939
0.00105746
0.00104554
0.00103367
0.00102181
0.00101001
0.000998219
0.000986489
0.000974774
0.000963115
0.00095147
0.000939876
0.000928289
0.000916747
0.000905206
0.000893701
0.000882189
0.000870705
0.000859208
0.000847732
0.000836239
0.000824762
0.000813265
0.000801782
0.000790276
0.000778784
0.000767269
0.000755767
0.000744242
0.000732732
0.0007212
0.000709683
0.000698146
0.000686624
0.000675082
0.000663557
0.000652013
0.000640485
0.000628939
0.000617409
0.000605862
0.000594332
0.000582785
0.000571254
0.000559706
0.000548175
0.000536627
0.000525096
0.000513548
0.000502017
0.000490469
0.000478938
0.00046739
0.000455858
0.00044431
0.000432779
0.000421231
0.0004097
0.000398151
0.00038662
0.000375071
0.000363541
0.000351992
0.000340462
0.000328912
0.000317382
0.000305832
0.000294303
0.000282752
0.000271224
0.000259672
0.000248144
0.000236593
0.000225064
0.000213513
0.000201984
0.000190435
0.000178903
0.000167356
0.000155822
0.000144277
0.000132742
0.000121196
0.000109663
9.81157e-05
8.65836e-05
7.50362e-05
6.35026e-05
5.19572e-05
4.042e-05
2.88778e-05
1.73091e-05
5.77687e-06
0.00307885
0.00284382
0.00286562
0.00276173
0.00274648
0.00269293
0.00266662
0.00262969
0.0026019
0.00257167
0.00254492
0.00251811
0.00249285
0.00246816
0.00244431
0.00242116
0.00239852
0.00237657
0.00235496
0.00233399
0.00231327
0.00229313
0.00227317
0.00225374
0.00223445
0.00221564
0.00219694
0.00217868
0.0021605
0.00214273
0.00212502
0.00210768
0.00209041
0.00207346
0.00205658
0.00203999
0.00202346
0.00200719
0.001991
0.00197502
0.00195913
0.00194343
0.00192783
0.00191237
0.00189703
0.00188181
0.00186671
0.00185171
0.00183684
0.00182203
0.00180738
0.00179276
0.00177831
0.00176387
0.0017496
0.00173533
0.00172123
0.00170711
0.00169319
0.00167922
0.00166544
0.00165161
0.00163798
0.00162428
0.00161078
0.00159721
0.00158384
0.00157039
0.00155714
0.0015438
0.00153066
0.00151743
0.00150439
0.00149127
0.00147833
0.00146531
0.00145245
0.00143953
0.00142676
0.00141392
0.00140124
0.00138848
0.00137587
0.0013632
0.00135067
0.00133807
0.0013256
0.00131308
0.00130068
0.00128823
0.00127588
0.0012635
0.00125121
0.00123889
0.00122666
0.0012144
0.00120221
0.00119001
0.00117787
0.00116572
0.00115362
0.00114151
0.00112945
0.00111739
0.00110537
0.00109334
0.00108137
0.00106939
0.00105746
0.00104554
0.00103367
0.00102181
0.00101001
0.000998219
0.000986488
0.000974773
0.000963115
0.000951469
0.000939875
0.000928289
0.000916747
0.000905206
0.000893701
0.000882189
0.000870705
0.000859208
0.000847732
0.000836239
0.000824762
0.000813265
0.000801782
0.000790276
0.000778784
0.000767269
0.000755767
0.000744242
0.000732732
0.0007212
0.000709683
0.000698146
0.000686624
0.000675082
0.000663557
0.000652013
0.000640485
0.000628939
0.000617409
0.000605862
0.000594332
0.000582785
0.000571254
0.000559706
0.000548175
0.000536627
0.000525096
0.000513548
0.000502017
0.000490469
0.000478938
0.00046739
0.000455858
0.00044431
0.000432779
0.000421231
0.0004097
0.000398151
0.00038662
0.000375071
0.000363541
0.000351992
0.000340462
0.000328912
0.000317382
0.000305832
0.000294303
0.000282752
0.000271224
0.000259672
0.000248144
0.000236593
0.000225064
0.000213513
0.000201984
0.000190435
0.000178903
0.000167356
0.000155822
0.000144277
0.000132742
0.000121196
0.000109663
9.81157e-05
8.65836e-05
7.50362e-05
6.35026e-05
5.19572e-05
4.042e-05
2.88778e-05
1.73093e-05
5.77707e-06
0.00307917
0.00284368
0.00286556
0.00276169
0.00274645
0.00269291
0.0026666
0.00262969
0.00260189
0.00257167
0.00254491
0.0025181
0.00249284
0.00246816
0.00244431
0.00242116
0.00239852
0.00237656
0.00235496
0.00233399
0.00231327
0.00229313
0.00227317
0.00225374
0.00223445
0.00221564
0.00219694
0.00217868
0.0021605
0.00214273
0.00212502
0.00210768
0.00209041
0.00207346
0.00205658
0.00203999
0.00202346
0.00200719
0.001991
0.00197502
0.00195913
0.00194343
0.00192783
0.00191237
0.00189703
0.00188181
0.00186671
0.00185171
0.00183684
0.00182203
0.00180738
0.00179276
0.00177831
0.00176387
0.0017496
0.00173533
0.00172123
0.00170711
0.00169319
0.00167921
0.00166544
0.00165161
0.00163798
0.00162428
0.00161078
0.00159721
0.00158384
0.00157039
0.00155714
0.0015438
0.00153066
0.00151743
0.00150439
0.00149127
0.00147833
0.0014653
0.00145245
0.00143953
0.00142676
0.00141392
0.00140124
0.00138848
0.00137587
0.0013632
0.00135067
0.00133807
0.0013256
0.00131308
0.00130068
0.00128823
0.00127588
0.0012635
0.00125121
0.00123889
0.00122666
0.0012144
0.00120221
0.00119001
0.00117787
0.00116572
0.00115362
0.00114151
0.00112945
0.00111739
0.00110537
0.00109334
0.00108137
0.00106939
0.00105746
0.00104554
0.00103367
0.00102181
0.00101001
0.000998218
0.000986488
0.000974773
0.000963115
0.000951469
0.000939875
0.000928289
0.000916747
0.000905206
0.0008937
0.000882188
0.000870705
0.000859208
0.000847732
0.000836239
0.000824762
0.000813265
0.000801782
0.000790276
0.000778784
0.000767269
0.000755767
0.000744242
0.000732732
0.0007212
0.000709683
0.000698146
0.000686624
0.000675082
0.000663557
0.000652013
0.000640485
0.000628939
0.000617409
0.000605862
0.000594332
0.000582785
0.000571254
0.000559706
0.000548175
0.000536627
0.000525096
0.000513548
0.000502017
0.000490469
0.000478938
0.00046739
0.000455858
0.00044431
0.000432779
0.000421231
0.0004097
0.000398151
0.00038662
0.000375071
0.000363541
0.000351992
0.000340462
0.000328912
0.000317382
0.000305832
0.000294303
0.000282752
0.000271224
0.000259672
0.000248144
0.000236593
0.000225064
0.000213513
0.000201984
0.000190435
0.000178903
0.000167356
0.000155822
0.000144277
0.000132742
0.000121196
0.000109663
9.81157e-05
8.65836e-05
7.50362e-05
6.35026e-05
5.19572e-05
4.04201e-05
2.88778e-05
1.73098e-05
5.77758e-06
0.00307959
0.0028435
0.00286547
0.00276165
0.00274642
0.00269289
0.00266659
0.00262968
0.00260188
0.00257166
0.00254491
0.0025181
0.00249284
0.00246815
0.0024443
0.00242115
0.00239852
0.00237656
0.00235496
0.00233399
0.00231327
0.00229312
0.00227317
0.00225374
0.00223445
0.00221564
0.00219694
0.00217868
0.0021605
0.00214272
0.00212502
0.00210768
0.00209041
0.00207346
0.00205658
0.00203998
0.00202346
0.00200719
0.001991
0.00197502
0.00195913
0.00194343
0.00192782
0.00191237
0.00189703
0.00188181
0.00186671
0.00185171
0.00183684
0.00182203
0.00180738
0.00179276
0.00177831
0.00176387
0.0017496
0.00173532
0.00172123
0.00170711
0.00169318
0.00167921
0.00166544
0.00165161
0.00163798
0.00162428
0.00161078
0.00159721
0.00158384
0.00157039
0.00155713
0.0015438
0.00153066
0.00151743
0.00150439
0.00149127
0.00147833
0.0014653
0.00145245
0.00143953
0.00142676
0.00141392
0.00140124
0.00138848
0.00137587
0.0013632
0.00135067
0.00133807
0.0013256
0.00131308
0.00130068
0.00128823
0.00127588
0.0012635
0.00125121
0.00123889
0.00122666
0.0012144
0.00120221
0.00119001
0.00117787
0.00116572
0.00115362
0.00114151
0.00112945
0.00111739
0.00110537
0.00109334
0.00108137
0.00106939
0.00105746
0.00104554
0.00103367
0.00102181
0.00101001
0.000998218
0.000986488
0.000974773
0.000963114
0.000951469
0.000939875
0.000928289
0.000916747
0.000905206
0.0008937
0.000882188
0.000870705
0.000859208
0.000847732
0.000836239
0.000824763
0.000813265
0.000801782
0.000790276
0.000778784
0.000767269
0.000755767
0.000744243
0.000732732
0.0007212
0.000709683
0.000698146
0.000686624
0.000675082
0.000663557
0.000652013
0.000640485
0.000628939
0.000617409
0.000605862
0.000594332
0.000582785
0.000571254
0.000559706
0.000548175
0.000536627
0.000525096
0.000513548
0.000502017
0.000490469
0.000478938
0.00046739
0.000455858
0.00044431
0.000432779
0.000421231
0.0004097
0.000398151
0.00038662
0.000375071
0.000363541
0.000351992
0.000340462
0.000328912
0.000317382
0.000305832
0.000294303
0.000282752
0.000271224
0.000259672
0.000248144
0.000236593
0.000225064
0.000213513
0.000201984
0.000190435
0.000178903
0.000167356
0.000155822
0.000144277
0.000132742
0.000121196
0.000109663
9.81157e-05
8.65836e-05
7.50362e-05
6.35026e-05
5.19572e-05
4.04201e-05
2.88778e-05
1.73105e-05
5.77834e-06
0.00308011
0.00284327
0.00286537
0.00276158
0.00274638
0.00269287
0.00266657
0.00262966
0.00260187
0.00257165
0.0025449
0.00251809
0.00249283
0.00246815
0.0024443
0.00242115
0.00239851
0.00237656
0.00235496
0.00233398
0.00231326
0.00229312
0.00227316
0.00225373
0.00223444
0.00221564
0.00219693
0.00217867
0.0021605
0.00214272
0.00212502
0.00210768
0.00209041
0.00207346
0.00205658
0.00203998
0.00202346
0.00200719
0.00199099
0.00197502
0.00195913
0.00194343
0.00192782
0.00191237
0.00189703
0.00188181
0.00186671
0.00185171
0.00183684
0.00182203
0.00180738
0.00179276
0.00177831
0.00176387
0.0017496
0.00173532
0.00172123
0.00170711
0.00169318
0.00167921
0.00166544
0.00165161
0.00163798
0.00162428
0.00161078
0.00159721
0.00158384
0.00157039
0.00155713
0.0015438
0.00153066
0.00151743
0.00150439
0.00149127
0.00147833
0.0014653
0.00145245
0.00143952
0.00142676
0.00141392
0.00140124
0.00138848
0.00137587
0.0013632
0.00135067
0.00133807
0.0013256
0.00131308
0.00130067
0.00128823
0.00127588
0.0012635
0.00125121
0.00123889
0.00122666
0.0012144
0.00120221
0.00119001
0.00117787
0.00116572
0.00115362
0.00114151
0.00112945
0.00111739
0.00110537
0.00109334
0.00108137
0.00106939
0.00105746
0.00104554
0.00103367
0.00102181
0.00101001
0.000998218
0.000986488
0.000974773
0.000963114
0.000951469
0.000939875
0.000928289
0.000916747
0.000905205
0.0008937
0.000882188
0.000870705
0.000859208
0.000847732
0.000836239
0.000824763
0.000813265
0.000801782
0.000790276
0.000778784
0.000767269
0.000755767
0.000744243
0.000732732
0.000721201
0.000709683
0.000698146
0.000686624
0.000675082
0.000663557
0.000652013
0.000640485
0.000628939
0.000617409
0.000605862
0.000594332
0.000582785
0.000571254
0.000559706
0.000548175
0.000536627
0.000525096
0.000513548
0.000502017
0.000490469
0.000478938
0.00046739
0.000455858
0.00044431
0.000432779
0.000421231
0.0004097
0.000398151
0.00038662
0.000375071
0.000363541
0.000351992
0.000340462
0.000328912
0.000317382
0.000305832
0.000294303
0.000282752
0.000271224
0.000259672
0.000248144
0.000236593
0.000225064
0.000213513
0.000201984
0.000190435
0.000178903
0.000167356
0.000155822
0.000144277
0.000132742
0.000121196
0.000109663
9.81157e-05
8.65836e-05
7.50362e-05
6.35026e-05
5.19572e-05
4.04202e-05
2.88778e-05
1.73114e-05
5.77933e-06
0.00308074
0.002843
0.00286525
0.00276151
0.00274633
0.00269284
0.00266655
0.00262964
0.00260185
0.00257164
0.00254489
0.00251808
0.00249282
0.00246814
0.00244429
0.00242114
0.00239851
0.00237655
0.00235495
0.00233398
0.00231326
0.00229312
0.00227316
0.00225373
0.00223444
0.00221563
0.00219693
0.00217867
0.0021605
0.00214272
0.00212502
0.00210768
0.0020904
0.00207346
0.00205657
0.00203998
0.00202346
0.00200719
0.00199099
0.00197502
0.00195913
0.00194343
0.00192782
0.00191237
0.00189703
0.00188181
0.00186671
0.00185171
0.00183684
0.00182203
0.00180738
0.00179276
0.00177831
0.00176387
0.0017496
0.00173532
0.00172123
0.00170711
0.00169318
0.00167921
0.00166544
0.00165161
0.00163798
0.00162428
0.00161078
0.00159721
0.00158384
0.00157039
0.00155713
0.0015438
0.00153066
0.00151743
0.00150439
0.00149127
0.00147832
0.0014653
0.00145245
0.00143952
0.00142676
0.00141392
0.00140124
0.00138848
0.00137587
0.0013632
0.00135067
0.00133807
0.0013256
0.00131308
0.00130067
0.00128823
0.00127588
0.0012635
0.00125121
0.00123889
0.00122665
0.0012144
0.00120221
0.00119001
0.00117787
0.00116572
0.00115362
0.00114151
0.00112945
0.00111739
0.00110537
0.00109334
0.00108137
0.00106939
0.00105746
0.00104554
0.00103367
0.00102181
0.00101001
0.000998218
0.000986487
0.000974772
0.000963114
0.000951468
0.000939875
0.000928288
0.000916746
0.000905205
0.0008937
0.000882188
0.000870705
0.000859208
0.000847732
0.000836239
0.000824763
0.000813265
0.000801782
0.000790276
0.000778784
0.000767269
0.000755767
0.000744243
0.000732732
0.000721201
0.000709683
0.000698146
0.000686624
0.000675082
0.000663557
0.000652013
0.000640485
0.000628939
0.000617409
0.000605862
0.000594332
0.000582785
0.000571254
0.000559706
0.000548175
0.000536627
0.000525096
0.000513548
0.000502017
0.000490469
0.000478938
0.00046739
0.000455858
0.00044431
0.000432779
0.000421231
0.0004097
0.000398151
0.00038662
0.000375071
0.000363541
0.000351992
0.000340462
0.000328912
0.000317382
0.000305832
0.000294303
0.000282752
0.000271224
0.000259672
0.000248144
0.000236593
0.000225064
0.000213513
0.000201984
0.000190435
0.000178903
0.000167356
0.000155822
0.000144277
0.000132742
0.000121196
0.000109663
9.81157e-05
8.65836e-05
7.50362e-05
6.35026e-05
5.19572e-05
4.04202e-05
2.88779e-05
1.73126e-05
5.78054e-06
0.00308148
0.00284268
0.0028651
0.00276143
0.00274627
0.00269281
0.00266652
0.00262962
0.00260184
0.00257162
0.00254488
0.00251807
0.00249281
0.00246813
0.00244428
0.00242113
0.0023985
0.00237655
0.00235495
0.00233397
0.00231326
0.00229311
0.00227316
0.00225373
0.00223444
0.00221563
0.00219693
0.00217867
0.00216049
0.00214272
0.00212502
0.00210768
0.0020904
0.00207346
0.00205657
0.00203998
0.00202345
0.00200719
0.00199099
0.00197502
0.00195913
0.00194343
0.00192782
0.00191237
0.00189703
0.00188181
0.00186671
0.0018517
0.00183684
0.00182203
0.00180738
0.00179276
0.00177831
0.00176386
0.0017496
0.00173532
0.00172123
0.00170711
0.00169318
0.00167921
0.00166544
0.00165161
0.00163797
0.00162428
0.00161078
0.00159721
0.00158384
0.00157039
0.00155713
0.0015438
0.00153065
0.00151743
0.00150439
0.00149127
0.00147832
0.0014653
0.00145245
0.00143952
0.00142676
0.00141392
0.00140123
0.00138848
0.00137587
0.0013632
0.00135067
0.00133807
0.0013256
0.00131308
0.00130067
0.00128823
0.00127588
0.0012635
0.00125121
0.00123889
0.00122665
0.0012144
0.00120221
0.00119001
0.00117787
0.00116572
0.00115362
0.00114151
0.00112945
0.00111739
0.00110537
0.00109334
0.00108137
0.00106939
0.00105746
0.00104554
0.00103367
0.00102181
0.00101001
0.000998217
0.000986487
0.000974772
0.000963114
0.000951468
0.000939874
0.000928288
0.000916746
0.000905205
0.0008937
0.000882188
0.000870705
0.000859208
0.000847732
0.000836239
0.000824763
0.000813265
0.000801782
0.000790276
0.000778784
0.000767269
0.000755767
0.000744243
0.000732732
0.000721201
0.000709683
0.000698146
0.000686624
0.000675082
0.000663557
0.000652013
0.000640485
0.000628939
0.000617409
0.000605862
0.000594332
0.000582785
0.000571254
0.000559706
0.000548175
0.000536627
0.000525096
0.000513548
0.000502017
0.000490469
0.000478938
0.00046739
0.000455858
0.00044431
0.000432779
0.000421231
0.0004097
0.000398151
0.00038662
0.000375071
0.000363541
0.000351992
0.000340462
0.000328912
0.000317382
0.000305832
0.000294303
0.000282752
0.000271224
0.000259672
0.000248144
0.000236593
0.000225064
0.000213513
0.000201984
0.000190435
0.000178903
0.000167356
0.000155822
0.000144277
0.000132742
0.000121196
0.000109663
9.81157e-05
8.65836e-05
7.50362e-05
6.35026e-05
5.19572e-05
4.04203e-05
2.88779e-05
1.7314e-05
5.78193e-06
0.00308232
0.00284232
0.00286494
0.00276133
0.00274621
0.00269277
0.00266649
0.0026296
0.00260182
0.00257161
0.00254486
0.00251806
0.0024928
0.00246812
0.00244427
0.00242113
0.00239849
0.00237654
0.00235494
0.00233397
0.00231325
0.00229311
0.00227315
0.00225372
0.00223443
0.00221563
0.00219693
0.00217866
0.00216049
0.00214271
0.00212501
0.00210767
0.0020904
0.00207345
0.00205657
0.00203998
0.00202345
0.00200718
0.00199099
0.00197502
0.00195913
0.00194343
0.00192782
0.00191237
0.00189702
0.0018818
0.00186671
0.0018517
0.00183683
0.00182203
0.00180738
0.00179276
0.0017783
0.00176386
0.0017496
0.00173532
0.00172123
0.00170711
0.00169318
0.00167921
0.00166544
0.00165161
0.00163797
0.00162428
0.00161078
0.00159721
0.00158384
0.00157039
0.00155713
0.0015438
0.00153065
0.00151743
0.00150439
0.00149127
0.00147832
0.0014653
0.00145245
0.00143952
0.00142676
0.00141392
0.00140123
0.00138848
0.00137587
0.0013632
0.00135066
0.00133807
0.0013256
0.00131308
0.00130067
0.00128823
0.00127588
0.0012635
0.00125121
0.00123889
0.00122665
0.0012144
0.00120221
0.00119001
0.00117787
0.00116572
0.00115362
0.00114151
0.00112945
0.00111739
0.00110537
0.00109334
0.00108137
0.00106939
0.00105746
0.00104554
0.00103367
0.00102181
0.00101001
0.000998217
0.000986487
0.000974772
0.000963113
0.000951468
0.000939874
0.000928288
0.000916746
0.000905205
0.0008937
0.000882188
0.000870704
0.000859207
0.000847732
0.000836239
0.000824763
0.000813265
0.000801782
0.000790276
0.000778784
0.000767269
0.000755767
0.000744243
0.000732732
0.000721201
0.000709683
0.000698146
0.000686624
0.000675082
0.000663557
0.000652013
0.000640485
0.000628939
0.000617409
0.000605862
0.000594332
0.000582785
0.000571254
0.000559706
0.000548175
0.000536627
0.000525096
0.000513548
0.000502017
0.000490469
0.000478938
0.00046739
0.000455858
0.00044431
0.000432779
0.000421231
0.0004097
0.000398151
0.00038662
0.000375071
0.000363541
0.000351992
0.000340462
0.000328912
0.000317382
0.000305832
0.000294303
0.000282752
0.000271224
0.000259672
0.000248144
0.000236593
0.000225064
0.000213513
0.000201984
0.000190435
0.000178903
0.000167356
0.000155822
0.000144277
0.000132742
0.000121196
0.000109663
9.81157e-05
8.65836e-05
7.50362e-05
6.35026e-05
5.19572e-05
4.04204e-05
2.88779e-05
1.73155e-05
5.78349e-06
0.00308326
0.0028419
0.00286475
0.00276122
0.00274614
0.00269272
0.00266646
0.00262958
0.0026018
0.00257159
0.00254485
0.00251804
0.00249279
0.00246811
0.00244426
0.00242112
0.00239848
0.00237653
0.00235493
0.00233396
0.00231324
0.0022931
0.00227315
0.00225372
0.00223443
0.00221562
0.00219692
0.00217866
0.00216049
0.00214271
0.00212501
0.00210767
0.0020904
0.00207345
0.00205657
0.00203998
0.00202345
0.00200718
0.00199099
0.00197501
0.00195913
0.00194342
0.00192782
0.00191237
0.00189702
0.0018818
0.00186671
0.0018517
0.00183683
0.00182203
0.00180737
0.00179276
0.0017783
0.00176386
0.0017496
0.00173532
0.00172123
0.00170711
0.00169318
0.00167921
0.00166544
0.00165161
0.00163797
0.00162428
0.00161078
0.00159721
0.00158384
0.00157039
0.00155713
0.0015438
0.00153065
0.00151743
0.00150439
0.00149127
0.00147832
0.0014653
0.00145245
0.00143952
0.00142676
0.00141392
0.00140123
0.00138848
0.00137587
0.0013632
0.00135066
0.00133807
0.0013256
0.00131308
0.00130067
0.00128823
0.00127588
0.0012635
0.00125121
0.00123889
0.00122665
0.0012144
0.00120221
0.00119001
0.00117787
0.00116572
0.00115362
0.00114151
0.00112945
0.00111739
0.00110537
0.00109334
0.00108137
0.00106939
0.00105746
0.00104554
0.00103367
0.00102181
0.00101
0.000998216
0.000986486
0.000974771
0.000963113
0.000951467
0.000939874
0.000928288
0.000916746
0.000905205
0.0008937
0.000882188
0.000870704
0.000859207
0.000847732
0.000836239
0.000824763
0.000813265
0.000801782
0.000790276
0.000778784
0.000767269
0.000755767
0.000744243
0.000732732
0.000721201
0.000709683
0.000698146
0.000686624
0.000675082
0.000663557
0.000652013
0.000640485
0.000628939
0.000617409
0.000605862
0.000594332
0.000582785
0.000571254
0.000559706
0.000548175
0.000536627
0.000525096
0.000513548
0.000502017
0.000490469
0.000478938
0.00046739
0.000455858
0.00044431
0.000432779
0.000421231
0.0004097
0.000398151
0.00038662
0.000375071
0.000363541
0.000351992
0.000340462
0.000328912
0.000317382
0.000305832
0.000294303
0.000282752
0.000271224
0.000259672
0.000248144
0.000236593
0.000225064
0.000213513
0.000201984
0.000190435
0.000178903
0.000167356
0.000155822
0.000144277
0.000132742
0.000121197
0.000109663
9.81157e-05
8.65836e-05
7.50362e-05
6.35026e-05
5.19572e-05
4.04204e-05
2.8878e-05
1.73171e-05
5.78518e-06
0.00308431
0.00284144
0.00286454
0.0027611
0.00274606
0.00269267
0.00266642
0.00262955
0.00260178
0.00257157
0.00254483
0.00251803
0.00249278
0.0024681
0.00244425
0.00242111
0.00239847
0.00237652
0.00235492
0.00233395
0.00231324
0.0022931
0.00227314
0.00225371
0.00223442
0.00221562
0.00219692
0.00217866
0.00216048
0.00214271
0.00212501
0.00210767
0.00209039
0.00207345
0.00205656
0.00203997
0.00202345
0.00200718
0.00199099
0.00197501
0.00195912
0.00194342
0.00192782
0.00191236
0.00189702
0.0018818
0.0018667
0.0018517
0.00183683
0.00182203
0.00180737
0.00179276
0.0017783
0.00176386
0.00174959
0.00173532
0.00172123
0.00170711
0.00169318
0.00167921
0.00166543
0.0016516
0.00163797
0.00162428
0.00161078
0.00159721
0.00158384
0.00157039
0.00155713
0.0015438
0.00153065
0.00151743
0.00150439
0.00149127
0.00147832
0.0014653
0.00145245
0.00143952
0.00142676
0.00141392
0.00140123
0.00138848
0.00137587
0.0013632
0.00135066
0.00133807
0.0013256
0.00131308
0.00130067
0.00128823
0.00127588
0.0012635
0.00125121
0.00123889
0.00122665
0.0012144
0.00120221
0.00119001
0.00117787
0.00116572
0.00115362
0.00114151
0.00112945
0.00111739
0.00110537
0.00109334
0.00108137
0.00106939
0.00105746
0.00104554
0.00103367
0.00102181
0.00101
0.000998216
0.000986486
0.000974771
0.000963112
0.000951467
0.000939873
0.000928287
0.000916746
0.000905205
0.0008937
0.000882188
0.000870704
0.000859207
0.000847732
0.000836239
0.000824763
0.000813265
0.000801782
0.000790276
0.000778784
0.000767269
0.000755767
0.000744243
0.000732732
0.000721201
0.000709683
0.000698146
0.000686624
0.000675082
0.000663557
0.000652013
0.000640485
0.000628939
0.000617409
0.000605862
0.000594332
0.000582785
0.000571254
0.000559706
0.000548175
0.000536627
0.000525096
0.000513548
0.000502017
0.000490469
0.000478938
0.00046739
0.000455858
0.00044431
0.000432779
0.000421231
0.0004097
0.000398151
0.00038662
0.000375071
0.000363541
0.000351992
0.000340462
0.000328912
0.000317382
0.000305832
0.000294303
0.000282752
0.000271224
0.000259672
0.000248144
0.000236593
0.000225064
0.000213513
0.000201984
0.000190435
0.000178903
0.000167356
0.000155822
0.000144277
0.000132742
0.000121197
0.000109663
9.81156e-05
8.65836e-05
7.50362e-05
6.35026e-05
5.19572e-05
4.04205e-05
2.8878e-05
1.73188e-05
5.78698e-06
0.00308547
0.00284093
0.00286431
0.00276096
0.00274597
0.00269262
0.00266638
0.00262952
0.00260175
0.00257155
0.00254481
0.00251801
0.00249276
0.00246809
0.00244424
0.0024211
0.00239847
0.00237652
0.00235492
0.00233395
0.00231323
0.00229309
0.00227314
0.00225371
0.00223442
0.00221561
0.00219691
0.00217865
0.00216048
0.0021427
0.002125
0.00210766
0.00209039
0.00207344
0.00205656
0.00203997
0.00202345
0.00200718
0.00199098
0.00197501
0.00195912
0.00194342
0.00192781
0.00191236
0.00189702
0.0018818
0.0018667
0.0018517
0.00183683
0.00182203
0.00180737
0.00179276
0.0017783
0.00176386
0.00174959
0.00173532
0.00172123
0.00170711
0.00169318
0.00167921
0.00166543
0.0016516
0.00163797
0.00162428
0.00161078
0.00159721
0.00158383
0.00157039
0.00155713
0.0015438
0.00153065
0.00151743
0.00150439
0.00149127
0.00147832
0.0014653
0.00145245
0.00143952
0.00142676
0.00141392
0.00140123
0.00138848
0.00137587
0.0013632
0.00135066
0.00133807
0.0013256
0.00131308
0.00130067
0.00128823
0.00127588
0.0012635
0.00125121
0.00123889
0.00122665
0.0012144
0.00120221
0.00119001
0.00117787
0.00116572
0.00115362
0.00114151
0.00112945
0.00111739
0.00110537
0.00109334
0.00108136
0.00106939
0.00105746
0.00104554
0.00103367
0.00102181
0.00101
0.000998216
0.000986485
0.00097477
0.000963112
0.000951467
0.000939873
0.000928287
0.000916745
0.000905204
0.000893699
0.000882188
0.000870704
0.000859207
0.000847732
0.000836239
0.000824763
0.000813265
0.000801782
0.000790276
0.000778784
0.000767269
0.000755767
0.000744243
0.000732732
0.000721201
0.000709683
0.000698146
0.000686624
0.000675082
0.000663557
0.000652013
0.000640485
0.000628939
0.000617409
0.000605862
0.000594332
0.000582785
0.000571254
0.000559706
0.000548175
0.000536627
0.000525096
0.000513548
0.000502017
0.000490469
0.000478938
0.00046739
0.000455858
0.00044431
0.000432779
0.000421231
0.0004097
0.000398151
0.00038662
0.000375071
0.000363541
0.000351992
0.000340462
0.000328912
0.000317382
0.000305832
0.000294303
0.000282752
0.000271224
0.000259672
0.000248144
0.000236593
0.000225064
0.000213513
0.000201984
0.000190435
0.000178903
0.000167356
0.000155822
0.000144277
0.000132742
0.000121197
0.000109663
9.81156e-05
8.65836e-05
7.50362e-05
6.35026e-05
5.19572e-05
4.04206e-05
2.88781e-05
1.73206e-05
5.78886e-06
0.00308674
0.00284038
0.00286406
0.00276081
0.00274587
0.00269256
0.00266634
0.00262948
0.00260172
0.00257152
0.00254479
0.00251799
0.00249275
0.00246807
0.00244423
0.00242108
0.00239845
0.00237651
0.00235491
0.00233394
0.00231322
0.00229308
0.00227313
0.0022537
0.00223441
0.00221561
0.00219691
0.00217865
0.00216047
0.0021427
0.002125
0.00210766
0.00209039
0.00207344
0.00205656
0.00203997
0.00202344
0.00200717
0.00199098
0.00197501
0.00195912
0.00194342
0.00192781
0.00191236
0.00189702
0.0018818
0.0018667
0.0018517
0.00183683
0.00182202
0.00180737
0.00179275
0.0017783
0.00176386
0.00174959
0.00173532
0.00172123
0.00170711
0.00169318
0.00167921
0.00166543
0.0016516
0.00163797
0.00162427
0.00161078
0.00159721
0.00158383
0.00157039
0.00155713
0.0015438
0.00153065
0.00151743
0.00150439
0.00149127
0.00147832
0.0014653
0.00145245
0.00143952
0.00142676
0.00141392
0.00140123
0.00138848
0.00137587
0.0013632
0.00135066
0.00133807
0.0013256
0.00131308
0.00130067
0.00128823
0.00127588
0.0012635
0.00125121
0.00123889
0.00122665
0.0012144
0.00120221
0.00119001
0.00117787
0.00116572
0.00115362
0.00114151
0.00112945
0.00111739
0.00110537
0.00109334
0.00108136
0.00106939
0.00105746
0.00104554
0.00103367
0.00102181
0.00101
0.000998215
0.000986485
0.00097477
0.000963112
0.000951466
0.000939873
0.000928287
0.000916745
0.000905204
0.000893699
0.000882188
0.000870704
0.000859207
0.000847732
0.000836239
0.000824763
0.000813265
0.000801782
0.000790277
0.000778784
0.000767269
0.000755767
0.000744243
0.000732732
0.000721201
0.000709684
0.000698146
0.000686624
0.000675082
0.000663557
0.000652013
0.000640485
0.000628939
0.000617409
0.000605862
0.000594332
0.000582785
0.000571254
0.000559706
0.000548175
0.000536627
0.000525096
0.000513548
0.000502017
0.000490469
0.000478938
0.00046739
0.000455858
0.00044431
0.000432779
0.000421231
0.0004097
0.000398151
0.00038662
0.000375071
0.000363541
0.000351992
0.000340462
0.000328912
0.000317382
0.000305832
0.000294303
0.000282752
0.000271224
0.000259672
0.000248144
0.000236593
0.000225064
0.000213513
0.000201984
0.000190435
0.000178903
0.000167356
0.000155822
0.000144277
0.000132742
0.000121197
0.000109663
9.81156e-05
8.65836e-05
7.50362e-05
6.35026e-05
5.19572e-05
4.04207e-05
2.88781e-05
1.73225e-05
5.79078e-06
0.00308812
0.00283977
0.00286378
0.00276065
0.00274577
0.0026925
0.00266629
0.00262945
0.00260169
0.0025715
0.00254477
0.00251797
0.00249273
0.00246806
0.00244422
0.00242107
0.00239844
0.00237649
0.0023549
0.00233393
0.00231322
0.00229308
0.00227312
0.00225369
0.00223441
0.0022156
0.0021969
0.00217864
0.00216047
0.0021427
0.00212499
0.00210766
0.00209038
0.00207344
0.00205655
0.00203996
0.00202344
0.00200717
0.00199098
0.00197501
0.00195912
0.00194342
0.00192781
0.00191236
0.00189702
0.0018818
0.0018667
0.0018517
0.00183683
0.00182202
0.00180737
0.00179275
0.0017783
0.00176386
0.00174959
0.00173532
0.00172122
0.00170711
0.00169318
0.00167921
0.00166543
0.0016516
0.00163797
0.00162427
0.00161078
0.00159721
0.00158383
0.00157038
0.00155713
0.0015438
0.00153065
0.00151743
0.00150439
0.00149127
0.00147832
0.0014653
0.00145245
0.00143952
0.00142675
0.00141392
0.00140123
0.00138848
0.00137587
0.0013632
0.00135066
0.00133807
0.0013256
0.00131308
0.00130067
0.00128823
0.00127588
0.0012635
0.00125121
0.00123889
0.00122665
0.0012144
0.00120221
0.00119001
0.00117787
0.00116572
0.00115362
0.00114151
0.00112945
0.00111739
0.00110537
0.00109334
0.00108136
0.00106939
0.00105746
0.00104554
0.00103367
0.00102181
0.00101
0.000998215
0.000986485
0.00097477
0.000963111
0.000951466
0.000939872
0.000928286
0.000916745
0.000905204
0.000893699
0.000882188
0.000870704
0.000859207
0.000847732
0.000836239
0.000824763
0.000813265
0.000801782
0.000790277
0.000778784
0.000767269
0.000755767
0.000744243
0.000732732
0.000721201
0.000709684
0.000698146
0.000686624
0.000675082
0.000663557
0.000652013
0.000640485
0.000628939
0.000617409
0.000605862
0.000594332
0.000582785
0.000571254
0.000559706
0.000548175
0.000536627
0.000525096
0.000513548
0.000502017
0.000490469
0.000478938
0.00046739
0.000455858
0.00044431
0.000432779
0.000421231
0.0004097
0.000398151
0.00038662
0.000375071
0.000363541
0.000351992
0.000340462
0.000328912
0.000317382
0.000305832
0.000294303
0.000282752
0.000271224
0.000259672
0.000248144
0.000236593
0.000225064
0.000213513
0.000201984
0.000190435
0.000178903
0.000167356
0.000155822
0.000144277
0.000132742
0.000121197
0.000109663
9.81156e-05
8.65836e-05
7.50362e-05
6.35026e-05
5.19572e-05
4.04208e-05
2.88782e-05
1.73243e-05
5.79271e-06
0.0030896
0.00283911
0.00286348
0.00276048
0.00274566
0.00269243
0.00266624
0.00262941
0.00260166
0.00257147
0.00254474
0.00251795
0.00249271
0.00246804
0.0024442
0.00242106
0.00239843
0.00237648
0.00235489
0.00233392
0.00231321
0.00229307
0.00227311
0.00225369
0.0022344
0.00221559
0.0021969
0.00217864
0.00216046
0.00214269
0.00212499
0.00210765
0.00209038
0.00207343
0.00205655
0.00203996
0.00202344
0.00200717
0.00199098
0.001975
0.00195911
0.00194341
0.00192781
0.00191236
0.00189701
0.00188179
0.0018667
0.00185169
0.00183683
0.00182202
0.00180737
0.00179275
0.0017783
0.00176386
0.00174959
0.00173532
0.00172122
0.0017071
0.00169318
0.00167921
0.00166543
0.0016516
0.00163797
0.00162427
0.00161077
0.00159721
0.00158383
0.00157038
0.00155713
0.0015438
0.00153065
0.00151743
0.00150438
0.00149127
0.00147832
0.0014653
0.00145245
0.00143952
0.00142675
0.00141392
0.00140123
0.00138848
0.00137587
0.0013632
0.00135066
0.00133807
0.0013256
0.00131308
0.00130067
0.00128823
0.00127588
0.0012635
0.00125121
0.00123889
0.00122665
0.0012144
0.00120221
0.00119001
0.00117787
0.00116572
0.00115362
0.00114151
0.00112945
0.00111739
0.00110537
0.00109334
0.00108136
0.00106939
0.00105746
0.00104554
0.00103367
0.00102181
0.00101
0.000998214
0.000986484
0.000974769
0.000963111
0.000951466
0.000939872
0.000928286
0.000916745
0.000905204
0.000893699
0.000882187
0.000870704
0.000859207
0.000847732
0.000836239
0.000824763
0.000813265
0.000801782
0.000790277
0.000778784
0.000767269
0.000755767
0.000744243
0.000732732
0.000721201
0.000709684
0.000698146
0.000686624
0.000675082
0.000663557
0.000652013
0.000640485
0.000628939
0.000617409
0.000605862
0.000594332
0.000582785
0.000571254
0.000559706
0.000548175
0.000536627
0.000525096
0.000513548
0.000502017
0.000490469
0.000478938
0.00046739
0.000455858
0.00044431
0.000432779
0.000421231
0.0004097
0.000398151
0.00038662
0.000375071
0.000363541
0.000351992
0.000340462
0.000328912
0.000317382
0.000305832
0.000294303
0.000282752
0.000271224
0.000259672
0.000248144
0.000236593
0.000225064
0.000213513
0.000201984
0.000190435
0.000178903
0.000167356
0.000155822
0.000144277
0.000132742
0.000121197
0.000109663
9.81156e-05
8.65836e-05
7.50362e-05
6.35026e-05
5.19571e-05
4.04209e-05
2.88782e-05
1.73262e-05
5.79463e-06
0.00309119
0.0028384
0.00286316
0.0027603
0.00274554
0.00269236
0.00266618
0.00262936
0.00260162
0.00257144
0.00254472
0.00251793
0.00249269
0.00246802
0.00244418
0.00242104
0.00239842
0.00237647
0.00235488
0.00233391
0.0023132
0.00229306
0.00227311
0.00225368
0.00223439
0.00221559
0.00219689
0.00217863
0.00216046
0.00214269
0.00212499
0.00210765
0.00209038
0.00207343
0.00205655
0.00203996
0.00202343
0.00200717
0.00199097
0.001975
0.00195911
0.00194341
0.00192781
0.00191235
0.00189701
0.00188179
0.0018667
0.00185169
0.00183682
0.00182202
0.00180737
0.00179275
0.0017783
0.00176386
0.00174959
0.00173531
0.00172122
0.0017071
0.00169318
0.00167921
0.00166543
0.0016516
0.00163797
0.00162427
0.00161077
0.0015972
0.00158383
0.00157038
0.00155713
0.00154379
0.00153065
0.00151743
0.00150438
0.00149126
0.00147832
0.0014653
0.00145245
0.00143952
0.00142675
0.00141392
0.00140123
0.00138848
0.00137587
0.0013632
0.00135066
0.00133807
0.0013256
0.00131308
0.00130067
0.00128823
0.00127588
0.0012635
0.00125121
0.00123889
0.00122665
0.0012144
0.00120221
0.00119001
0.00117787
0.00116572
0.00115362
0.00114151
0.00112945
0.00111739
0.00110537
0.00109334
0.00108136
0.00106939
0.00105746
0.00104553
0.00103366
0.00102181
0.00101
0.000998214
0.000986484
0.000974769
0.000963111
0.000951465
0.000939872
0.000928286
0.000916744
0.000905204
0.000893699
0.000882187
0.000870704
0.000859207
0.000847732
0.000836239
0.000824763
0.000813265
0.000801782
0.000790277
0.000778784
0.000767269
0.000755767
0.000744243
0.000732733
0.000721201
0.000709684
0.000698146
0.000686624
0.000675083
0.000663557
0.000652013
0.000640485
0.000628939
0.000617409
0.000605862
0.000594332
0.000582785
0.000571254
0.000559706
0.000548175
0.000536627
0.000525096
0.000513548
0.000502017
0.000490469
0.000478938
0.00046739
0.000455858
0.00044431
0.000432779
0.000421231
0.0004097
0.000398151
0.00038662
0.000375071
0.000363541
0.000351992
0.000340462
0.000328912
0.000317382
0.000305832
0.000294303
0.000282752
0.000271224
0.000259672
0.000248144
0.000236593
0.000225064
0.000213513
0.000201984
0.000190435
0.000178903
0.000167356
0.000155822
0.000144277
0.000132742
0.000121197
0.000109663
9.81156e-05
8.65836e-05
7.50361e-05
6.35026e-05
5.19571e-05
4.0421e-05
2.88783e-05
1.73279e-05
5.79651e-06
0.0030929
0.00283764
0.00286282
0.0027601
0.00274541
0.00269228
0.00266613
0.00262932
0.00260159
0.00257141
0.00254469
0.00251791
0.00249267
0.00246801
0.00244417
0.00242103
0.0023984
0.00237646
0.00235487
0.0023339
0.00231319
0.00229305
0.0022731
0.00225367
0.00223439
0.00221558
0.00219689
0.00217863
0.00216045
0.00214268
0.00212498
0.00210764
0.00209037
0.00207343
0.00205654
0.00203995
0.00202343
0.00200716
0.00199097
0.001975
0.00195911
0.00194341
0.0019278
0.00191235
0.00189701
0.00188179
0.00186669
0.00185169
0.00183682
0.00182202
0.00180736
0.00179275
0.00177829
0.00176385
0.00174959
0.00173531
0.00172122
0.0017071
0.00169317
0.0016792
0.00166543
0.0016516
0.00163797
0.00162427
0.00161077
0.0015972
0.00158383
0.00157038
0.00155713
0.00154379
0.00153065
0.00151743
0.00150438
0.00149126
0.00147832
0.0014653
0.00145245
0.00143952
0.00142675
0.00141392
0.00140123
0.00138848
0.00137587
0.0013632
0.00135066
0.00133807
0.0013256
0.00131308
0.00130067
0.00128822
0.00127588
0.0012635
0.00125121
0.00123889
0.00122665
0.0012144
0.00120221
0.00119001
0.00117787
0.00116572
0.00115362
0.00114151
0.00112945
0.00111739
0.00110537
0.00109334
0.00108136
0.00106939
0.00105746
0.00104553
0.00103366
0.0010218
0.00101
0.000998214
0.000986483
0.000974769
0.00096311
0.000951465
0.000939871
0.000928286
0.000916744
0.000905203
0.000893699
0.000882187
0.000870704
0.000859207
0.000847732
0.000836239
0.000824763
0.000813265
0.000801782
0.000790277
0.000778784
0.000767269
0.000755767
0.000744243
0.000732733
0.000721201
0.000709684
0.000698146
0.000686624
0.000675083
0.000663557
0.000652013
0.000640485
0.000628939
0.000617409
0.000605862
0.000594332
0.000582785
0.000571254
0.000559706
0.000548175
0.000536627
0.000525096
0.000513548
0.000502017
0.000490469
0.000478938
0.00046739
0.000455858
0.00044431
0.000432779
0.000421231
0.0004097
0.000398151
0.00038662
0.000375071
0.000363541
0.000351992
0.000340462
0.000328912
0.000317382
0.000305832
0.000294303
0.000282752
0.000271224
0.000259672
0.000248144
0.000236593
0.000225064
0.000213513
0.000201984
0.000190435
0.000178903
0.000167356
0.000155822
0.000144277
0.000132742
0.000121197
0.000109663
9.81156e-05
8.65836e-05
7.50361e-05
6.35026e-05
5.19571e-05
4.04211e-05
2.88783e-05
1.73297e-05
5.79833e-06
0.00309471
0.00283682
0.00286244
0.00275989
0.00274528
0.0026922
0.00266606
0.00262927
0.00260155
0.00257138
0.00254466
0.00251788
0.00249265
0.00246799
0.00244415
0.00242101
0.00239839
0.00237645
0.00235485
0.00233389
0.00231318
0.00229304
0.00227309
0.00225367
0.00223438
0.00221558
0.00219688
0.00217862
0.00216045
0.00214268
0.00212498
0.00210764
0.00209037
0.00207342
0.00205654
0.00203995
0.00202343
0.00200716
0.00199097
0.001975
0.00195911
0.00194341
0.0019278
0.00191235
0.00189701
0.00188179
0.00186669
0.00185169
0.00183682
0.00182202
0.00180736
0.00179275
0.00177829
0.00176385
0.00174959
0.00173531
0.00172122
0.0017071
0.00169317
0.0016792
0.00166543
0.0016516
0.00163797
0.00162427
0.00161077
0.0015972
0.00158383
0.00157038
0.00155713
0.00154379
0.00153065
0.00151742
0.00150438
0.00149126
0.00147832
0.0014653
0.00145245
0.00143952
0.00142675
0.00141392
0.00140123
0.00138848
0.00137587
0.0013632
0.00135066
0.00133807
0.0013256
0.00131308
0.00130067
0.00128822
0.00127588
0.0012635
0.0012512
0.00123889
0.00122665
0.0012144
0.00120221
0.00119001
0.00117787
0.00116572
0.00115362
0.00114151
0.00112945
0.00111738
0.00110536
0.00109334
0.00108136
0.00106939
0.00105746
0.00104553
0.00103366
0.0010218
0.00101
0.000998213
0.000986483
0.000974768
0.00096311
0.000951465
0.000939871
0.000928285
0.000916744
0.000905203
0.000893699
0.000882187
0.000870704
0.000859207
0.000847732
0.000836239
0.000824763
0.000813265
0.000801782
0.000790277
0.000778784
0.000767269
0.000755767
0.000744243
0.000732733
0.000721201
0.000709684
0.000698146
0.000686624
0.000675083
0.000663557
0.000652013
0.000640485
0.000628939
0.000617409
0.000605862
0.000594332
0.000582785
0.000571254
0.000559706
0.000548175
0.000536627
0.000525096
0.000513548
0.000502017
0.000490469
0.000478938
0.00046739
0.000455858
0.00044431
0.000432779
0.000421231
0.0004097
0.000398151
0.00038662
0.000375071
0.000363541
0.000351992
0.000340462
0.000328912
0.000317382
0.000305832
0.000294303
0.000282752
0.000271224
0.000259672
0.000248144
0.000236593
0.000225064
0.000213513
0.000201984
0.000190435
0.000178903
0.000167356
0.000155822
0.000144277
0.000132742
0.000121197
0.000109663
9.81156e-05
8.65836e-05
7.50361e-05
6.35027e-05
5.19571e-05
4.04212e-05
2.88783e-05
1.73313e-05
5.80006e-06
0.00309664
0.00283595
0.00286205
0.00275967
0.00274514
0.00269211
0.002666
0.00262922
0.00260151
0.00257134
0.00254463
0.00251786
0.00249263
0.00246797
0.00244413
0.002421
0.00239838
0.00237643
0.00235484
0.00233388
0.00231317
0.00229303
0.00227308
0.00225366
0.00223437
0.00221557
0.00219687
0.00217862
0.00216044
0.00214267
0.00212497
0.00210764
0.00209036
0.00207342
0.00205654
0.00203995
0.00202342
0.00200716
0.00199096
0.00197499
0.0019591
0.0019434
0.0019278
0.00191235
0.00189701
0.00188179
0.00186669
0.00185169
0.00183682
0.00182202
0.00180736
0.00179275
0.00177829
0.00176385
0.00174958
0.00173531
0.00172122
0.0017071
0.00169317
0.0016792
0.00166543
0.0016516
0.00163797
0.00162427
0.00161077
0.0015972
0.00158383
0.00157038
0.00155713
0.00154379
0.00153065
0.00151742
0.00150438
0.00149126
0.00147832
0.0014653
0.00145245
0.00143952
0.00142675
0.00141392
0.00140123
0.00138848
0.00137587
0.0013632
0.00135066
0.00133807
0.0013256
0.00131308
0.00130067
0.00128822
0.00127588
0.0012635
0.0012512
0.00123889
0.00122665
0.0012144
0.00120221
0.00119001
0.00117787
0.00116572
0.00115362
0.00114151
0.00112945
0.00111738
0.00110536
0.00109334
0.00108136
0.00106939
0.00105746
0.00104553
0.00103366
0.0010218
0.00101
0.000998213
0.000986483
0.000974768
0.00096311
0.000951465
0.000939871
0.000928285
0.000916744
0.000905203
0.000893699
0.000882187
0.000870704
0.000859207
0.000847732
0.000836239
0.000824763
0.000813265
0.000801782
0.000790277
0.000778784
0.000767269
0.000755767
0.000744243
0.000732733
0.000721201
0.000709684
0.000698146
0.000686624
0.000675083
0.000663557
0.000652013
0.000640485
0.000628939
0.000617409
0.000605863
0.000594332
0.000582785
0.000571254
0.000559706
0.000548175
0.000536627
0.000525096
0.000513548
0.000502017
0.000490469
0.000478938
0.00046739
0.000455858
0.00044431
0.000432779
0.000421231
0.0004097
0.000398151
0.00038662
0.000375071
0.000363541
0.000351992
0.000340462
0.000328912
0.000317382
0.000305832
0.000294303
0.000282752
0.000271224
0.000259672
0.000248144
0.000236593
0.000225064
0.000213513
0.000201984
0.000190435
0.000178903
0.000167356
0.000155822
0.000144277
0.000132742
0.000121197
0.000109663
9.81156e-05
8.65836e-05
7.50361e-05
6.35027e-05
5.19571e-05
4.04213e-05
2.88784e-05
1.73328e-05
5.80169e-06
0.00309867
0.00283502
0.00286163
0.00275943
0.00274499
0.00269202
0.00266593
0.00262917
0.00260146
0.0025713
0.0025446
0.00251783
0.0024926
0.00246794
0.00244411
0.00242098
0.00239836
0.00237642
0.00235483
0.00233387
0.00231316
0.00229302
0.00227307
0.00225365
0.00223437
0.00221556
0.00219687
0.00217861
0.00216044
0.00214267
0.00212497
0.00210763
0.00209036
0.00207342
0.00205653
0.00203994
0.00202342
0.00200715
0.00199096
0.00197499
0.0019591
0.0019434
0.0019278
0.00191235
0.001897
0.00188179
0.00186669
0.00185168
0.00183682
0.00182201
0.00180736
0.00179274
0.00177829
0.00176385
0.00174958
0.00173531
0.00172122
0.0017071
0.00169317
0.0016792
0.00166543
0.0016516
0.00163796
0.00162427
0.00161077
0.0015972
0.00158383
0.00157038
0.00155713
0.00154379
0.00153065
0.00151742
0.00150438
0.00149126
0.00147832
0.0014653
0.00145244
0.00143952
0.00142675
0.00141392
0.00140123
0.00138848
0.00137587
0.0013632
0.00135066
0.00133807
0.0013256
0.00131308
0.00130067
0.00128822
0.00127587
0.0012635
0.0012512
0.00123889
0.00122665
0.0012144
0.00120221
0.00119001
0.00117787
0.00116572
0.00115362
0.00114151
0.00112945
0.00111738
0.00110536
0.00109334
0.00108136
0.00106939
0.00105746
0.00104553
0.00103366
0.0010218
0.00101
0.000998213
0.000986483
0.000974768
0.000963109
0.000951464
0.000939871
0.000928285
0.000916744
0.000905203
0.000893698
0.000882187
0.000870704
0.000859207
0.000847732
0.000836239
0.000824763
0.000813265
0.000801783
0.000790277
0.000778784
0.000767269
0.000755767
0.000744243
0.000732733
0.000721201
0.000709684
0.000698146
0.000686624
0.000675083
0.000663557
0.000652013
0.000640485
0.000628939
0.000617409
0.000605863
0.000594332
0.000582785
0.000571254
0.000559706
0.000548175
0.000536627
0.000525096
0.000513548
0.000502017
0.000490469
0.000478938
0.00046739
0.000455858
0.00044431
0.000432779
0.000421231
0.0004097
0.000398151
0.00038662
0.000375071
0.000363541
0.000351992
0.000340462
0.000328912
0.000317382
0.000305832
0.000294303
0.000282752
0.000271224
0.000259672
0.000248144
0.000236593
0.000225064
0.000213513
0.000201984
0.000190435
0.000178903
0.000167356
0.000155822
0.000144277
0.000132742
0.000121197
0.000109663
9.81156e-05
8.65836e-05
7.50361e-05
6.35027e-05
5.19571e-05
4.04214e-05
2.88784e-05
1.73342e-05
5.80319e-06
0.00310083
0.00283404
0.00286118
0.00275919
0.00274483
0.00269192
0.00266586
0.00262911
0.00260142
0.00257127
0.00254457
0.0025178
0.00249258
0.00246792
0.0024441
0.00242097
0.00239835
0.00237641
0.00235482
0.00233386
0.00231315
0.00229301
0.00227307
0.00225364
0.00223436
0.00221556
0.00219686
0.0021786
0.00216043
0.00214266
0.00212496
0.00210763
0.00209036
0.00207341
0.00205653
0.00203994
0.00202342
0.00200715
0.00199096
0.00197499
0.0019591
0.0019434
0.00192779
0.00191234
0.001897
0.00188178
0.00186669
0.00185168
0.00183682
0.00182201
0.00180736
0.00179274
0.00177829
0.00176385
0.00174958
0.00173531
0.00172122
0.0017071
0.00169317
0.0016792
0.00166543
0.0016516
0.00163796
0.00162427
0.00161077
0.0015972
0.00158383
0.00157038
0.00155712
0.00154379
0.00153065
0.00151742
0.00150438
0.00149126
0.00147832
0.0014653
0.00145244
0.00143952
0.00142675
0.00141391
0.00140123
0.00138848
0.00137587
0.0013632
0.00135066
0.00133807
0.0013256
0.00131308
0.00130067
0.00128822
0.00127587
0.0012635
0.0012512
0.00123889
0.00122665
0.0012144
0.00120221
0.00119001
0.00117787
0.00116572
0.00115362
0.00114151
0.00112945
0.00111738
0.00110536
0.00109334
0.00108136
0.00106939
0.00105746
0.00104553
0.00103366
0.0010218
0.00101
0.000998212
0.000986482
0.000974767
0.000963109
0.000951464
0.000939871
0.000928285
0.000916744
0.000905203
0.000893698
0.000882187
0.000870704
0.000859207
0.000847732
0.000836239
0.000824763
0.000813265
0.000801783
0.000790277
0.000778785
0.000767269
0.000755767
0.000744243
0.000732733
0.000721201
0.000709684
0.000698146
0.000686624
0.000675083
0.000663557
0.000652013
0.000640485
0.000628939
0.000617409
0.000605863
0.000594332
0.000582785
0.000571254
0.000559706
0.000548175
0.000536627
0.000525096
0.000513548
0.000502017
0.000490469
0.000478938
0.00046739
0.000455858
0.00044431
0.000432779
0.000421231
0.0004097
0.000398151
0.00038662
0.000375071
0.000363541
0.000351992
0.000340462
0.000328912
0.000317382
0.000305832
0.000294303
0.000282752
0.000271224
0.000259672
0.000248144
0.000236593
0.000225064
0.000213513
0.000201984
0.000190435
0.000178903
0.000167356
0.000155822
0.000144277
0.000132742
0.000121197
0.000109663
9.81156e-05
8.65836e-05
7.50361e-05
6.35027e-05
5.19571e-05
4.04215e-05
2.88784e-05
1.73355e-05
5.80456e-06
0.00310309
0.002833
0.0028607
0.00275893
0.00274467
0.00269182
0.00266578
0.00262905
0.00260137
0.00257123
0.00254454
0.00251777
0.00249255
0.0024679
0.00244408
0.00242095
0.00239833
0.00237639
0.00235481
0.00233385
0.00231314
0.00229301
0.00227306
0.00225364
0.00223435
0.00221555
0.00219686
0.0021786
0.00216043
0.00214266
0.00212496
0.00210762
0.00209035
0.00207341
0.00205653
0.00203994
0.00202342
0.00200715
0.00199096
0.00197499
0.0019591
0.0019434
0.00192779
0.00191234
0.001897
0.00188178
0.00186669
0.00185168
0.00183681
0.00182201
0.00180736
0.00179274
0.00177829
0.00176385
0.00174958
0.00173531
0.00172122
0.0017071
0.00169317
0.0016792
0.00166542
0.0016516
0.00163796
0.00162427
0.00161077
0.0015972
0.00158383
0.00157038
0.00155712
0.00154379
0.00153065
0.00151742
0.00150438
0.00149126
0.00147832
0.0014653
0.00145244
0.00143952
0.00142675
0.00141391
0.00140123
0.00138848
0.00137587
0.0013632
0.00135066
0.00133807
0.0013256
0.00131308
0.00130067
0.00128822
0.00127587
0.0012635
0.0012512
0.00123889
0.00122665
0.0012144
0.00120221
0.00119001
0.00117787
0.00116572
0.00115362
0.00114151
0.00112945
0.00111738
0.00110536
0.00109334
0.00108136
0.00106938
0.00105746
0.00104553
0.00103366
0.0010218
0.00101
0.000998212
0.000986482
0.000974767
0.000963109
0.000951464
0.00093987
0.000928285
0.000916743
0.000905203
0.000893698
0.000882187
0.000870704
0.000859207
0.000847732
0.000836239
0.000824763
0.000813266
0.000801783
0.000790277
0.000778785
0.000767269
0.000755767
0.000744243
0.000732733
0.000721201
0.000709684
0.000698146
0.000686624
0.000675083
0.000663557
0.000652013
0.000640485
0.000628939
0.000617409
0.000605863
0.000594332
0.000582785
0.000571254
0.000559706
0.000548175
0.000536627
0.000525096
0.000513548
0.000502017
0.000490469
0.000478938
0.00046739
0.000455858
0.00044431
0.000432779
0.000421231
0.0004097
0.000398151
0.00038662
0.000375071
0.000363541
0.000351992
0.000340462
0.000328912
0.000317382
0.000305832
0.000294303
0.000282752
0.000271224
0.000259672
0.000248144
0.000236593
0.000225064
0.000213513
0.000201984
0.000190435
0.000178903
0.000167356
0.000155822
0.000144277
0.000132742
0.000121197
0.000109663
9.81156e-05
8.65837e-05
7.50361e-05
6.35027e-05
5.19571e-05
4.04216e-05
2.88784e-05
1.73366e-05
5.80579e-06
0.00310548
0.0028319
0.00286019
0.00275866
0.00274449
0.00269171
0.0026657
0.00262899
0.00260132
0.00257119
0.0025445
0.00251774
0.00249253
0.00246788
0.00244406
0.00242093
0.00239832
0.00237638
0.00235479
0.00233384
0.00231313
0.002293
0.00227305
0.00225363
0.00223435
0.00221554
0.00219685
0.00217859
0.00216042
0.00214265
0.00212495
0.00210762
0.00209035
0.0020734
0.00205652
0.00203994
0.00202341
0.00200715
0.00199095
0.00197498
0.0019591
0.0019434
0.00192779
0.00191234
0.001897
0.00188178
0.00186668
0.00185168
0.00183681
0.00182201
0.00180736
0.00179274
0.00177829
0.00176385
0.00174958
0.00173531
0.00172121
0.0017071
0.00169317
0.0016792
0.00166542
0.00165159
0.00163796
0.00162427
0.00161077
0.0015972
0.00158383
0.00157038
0.00155712
0.00154379
0.00153065
0.00151742
0.00150438
0.00149126
0.00147832
0.0014653
0.00145244
0.00143952
0.00142675
0.00141391
0.00140123
0.00138848
0.00137587
0.0013632
0.00135066
0.00133807
0.0013256
0.00131308
0.00130067
0.00128822
0.00127587
0.0012635
0.0012512
0.00123889
0.00122665
0.0012144
0.00120221
0.00119001
0.00117787
0.00116571
0.00115362
0.00114151
0.00112945
0.00111738
0.00110536
0.00109334
0.00108136
0.00106938
0.00105746
0.00104553
0.00103366
0.0010218
0.00101
0.000998212
0.000986482
0.000974767
0.000963109
0.000951464
0.00093987
0.000928285
0.000916743
0.000905203
0.000893698
0.000882187
0.000870704
0.000859207
0.000847732
0.000836239
0.000824763
0.000813266
0.000801783
0.000790277
0.000778785
0.000767269
0.000755767
0.000744243
0.000732733
0.000721201
0.000709684
0.000698146
0.000686624
0.000675083
0.000663557
0.000652013
0.000640485
0.000628939
0.000617409
0.000605863
0.000594332
0.000582785
0.000571254
0.000559706
0.000548175
0.000536627
0.000525096
0.000513548
0.000502017
0.000490469
0.000478938
0.00046739
0.000455858
0.00044431
0.000432779
0.000421231
0.0004097
0.000398151
0.00038662
0.000375071
0.000363541
0.000351992
0.000340462
0.000328912
0.000317382
0.000305832
0.000294303
0.000282752
0.000271224
0.000259672
0.000248144
0.000236593
0.000225064
0.000213513
0.000201984
0.000190435
0.000178903
0.000167356
0.000155822
0.000144277
0.000132742
0.000121197
0.000109663
9.81156e-05
8.65837e-05
7.50361e-05
6.35027e-05
5.1957e-05
4.04217e-05
2.88784e-05
1.73376e-05
5.80688e-06
0.00310797
0.00283073
0.00285966
0.00275838
0.00274431
0.0026916
0.00266562
0.00262893
0.00260127
0.00257115
0.00254447
0.00251771
0.0024925
0.00246786
0.00244404
0.00242092
0.0023983
0.00237637
0.00235478
0.00233383
0.00231312
0.00229299
0.00227304
0.00225362
0.00223434
0.00221554
0.00219684
0.00217859
0.00216042
0.00214265
0.00212495
0.00210762
0.00209035
0.0020734
0.00205652
0.00203993
0.00202341
0.00200714
0.00199095
0.00197498
0.00195909
0.00194339
0.00192779
0.00191234
0.001897
0.00188178
0.00186668
0.00185168
0.00183681
0.00182201
0.00180735
0.00179274
0.00177829
0.00176385
0.00174958
0.00173531
0.00172121
0.0017071
0.00169317
0.0016792
0.00166542
0.00165159
0.00163796
0.00162427
0.00161077
0.0015972
0.00158383
0.00157038
0.00155712
0.00154379
0.00153064
0.00151742
0.00150438
0.00149126
0.00147832
0.0014653
0.00145244
0.00143952
0.00142675
0.00141391
0.00140123
0.00138848
0.00137587
0.0013632
0.00135066
0.00133807
0.0013256
0.00131308
0.00130067
0.00128822
0.00127587
0.0012635
0.0012512
0.00123889
0.00122665
0.0012144
0.00120221
0.00119001
0.00117787
0.00116571
0.00115362
0.00114151
0.00112945
0.00111738
0.00110536
0.00109334
0.00108136
0.00106938
0.00105746
0.00104553
0.00103366
0.0010218
0.00101
0.000998212
0.000986482
0.000974767
0.000963109
0.000951464
0.00093987
0.000928285
0.000916743
0.000905203
0.000893698
0.000882187
0.000870704
0.000859207
0.000847732
0.000836239
0.000824763
0.000813266
0.000801783
0.000790277
0.000778785
0.000767269
0.000755767
0.000744243
0.000732733
0.000721201
0.000709684
0.000698146
0.000686624
0.000675083
0.000663557
0.000652013
0.000640485
0.000628939
0.000617409
0.000605863
0.000594332
0.000582785
0.000571254
0.000559706
0.000548175
0.000536627
0.000525096
0.000513548
0.000502017
0.000490469
0.000478938
0.00046739
0.000455858
0.00044431
0.000432779
0.000421231
0.0004097
0.000398151
0.00038662
0.000375071
0.000363541
0.000351992
0.000340462
0.000328912
0.000317382
0.000305832
0.000294303
0.000282752
0.000271224
0.000259672
0.000248144
0.000236593
0.000225064
0.000213513
0.000201984
0.000190435
0.000178903
0.000167356
0.000155822
0.000144277
0.000132742
0.000121197
0.000109663
9.81156e-05
8.65837e-05
7.50361e-05
6.35027e-05
5.1957e-05
4.04218e-05
2.88784e-05
1.73384e-05
5.80781e-06
0.00311058
0.0028295
0.00285909
0.00275808
0.00274413
0.00269149
0.00266554
0.00262887
0.00260122
0.00257111
0.00254444
0.00251769
0.00249248
0.00246784
0.00244402
0.0024209
0.00239829
0.00237636
0.00235477
0.00233382
0.00231311
0.00229298
0.00227303
0.00225361
0.00223433
0.00221553
0.00219684
0.00217858
0.00216041
0.00214264
0.00212495
0.00210761
0.00209034
0.0020734
0.00205652
0.00203993
0.00202341
0.00200714
0.00199095
0.00197498
0.00195909
0.00194339
0.00192779
0.00191234
0.001897
0.00188178
0.00186668
0.00185168
0.00183681
0.00182201
0.00180735
0.00179274
0.00177828
0.00176384
0.00174958
0.0017353
0.00172121
0.00170709
0.00169317
0.0016792
0.00166542
0.00165159
0.00163796
0.00162426
0.00161077
0.0015972
0.00158383
0.00157038
0.00155712
0.00154379
0.00153064
0.00151742
0.00150438
0.00149126
0.00147832
0.00146529
0.00145244
0.00143952
0.00142675
0.00141391
0.00140123
0.00138848
0.00137587
0.0013632
0.00135066
0.00133807
0.00132559
0.00131308
0.00130067
0.00128822
0.00127587
0.00126349
0.0012512
0.00123889
0.00122665
0.0012144
0.00120221
0.00119001
0.00117787
0.00116571
0.00115362
0.00114151
0.00112945
0.00111738
0.00110536
0.00109334
0.00108136
0.00106938
0.00105746
0.00104553
0.00103366
0.0010218
0.00101
0.000998212
0.000986482
0.000974767
0.000963109
0.000951464
0.00093987
0.000928284
0.000916743
0.000905203
0.000893698
0.000882187
0.000870704
0.000859207
0.000847732
0.000836239
0.000824763
0.000813266
0.000801783
0.000790277
0.000778785
0.000767269
0.000755767
0.000744243
0.000732733
0.000721201
0.000709684
0.000698146
0.000686624
0.000675083
0.000663557
0.000652013
0.000640485
0.000628939
0.000617409
0.000605863
0.000594332
0.000582785
0.000571254
0.000559706
0.000548175
0.000536627
0.000525096
0.000513548
0.000502017
0.000490469
0.000478938
0.00046739
0.000455858
0.00044431
0.000432779
0.000421231
0.0004097
0.000398151
0.00038662
0.000375071
0.000363541
0.000351992
0.000340462
0.000328912
0.000317382
0.000305832
0.000294303
0.000282752
0.000271224
0.000259672
0.000248144
0.000236593
0.000225064
0.000213513
0.000201984
0.000190435
0.000178903
0.000167356
0.000155822
0.000144277
0.000132742
0.000121197
0.000109663
9.81156e-05
8.65837e-05
7.50361e-05
6.35027e-05
5.1957e-05
4.04219e-05
2.88784e-05
1.73391e-05
5.8086e-06
0.00311331
0.00282821
0.0028585
0.00275778
0.00274394
0.00269138
0.00266546
0.0026288
0.00260117
0.00257107
0.0025444
0.00251766
0.00249246
0.00246782
0.002444
0.00242088
0.00239827
0.00237634
0.00235476
0.00233381
0.0023131
0.00229297
0.00227303
0.00225361
0.00223433
0.00221553
0.00219683
0.00217858
0.00216041
0.00214264
0.00212494
0.00210761
0.00209034
0.0020734
0.00205652
0.00203993
0.0020234
0.00200714
0.00199095
0.00197498
0.00195909
0.00194339
0.00192778
0.00191234
0.00189699
0.00188178
0.00186668
0.00185168
0.00183681
0.00182201
0.00180735
0.00179274
0.00177828
0.00176384
0.00174958
0.0017353
0.00172121
0.00170709
0.00169317
0.0016792
0.00166542
0.00165159
0.00163796
0.00162426
0.00161077
0.0015972
0.00158382
0.00157038
0.00155712
0.00154379
0.00153064
0.00151742
0.00150438
0.00149126
0.00147831
0.00146529
0.00145244
0.00143952
0.00142675
0.00141391
0.00140123
0.00138848
0.00137587
0.0013632
0.00135066
0.00133807
0.00132559
0.00131308
0.00130067
0.00128822
0.00127587
0.00126349
0.0012512
0.00123889
0.00122665
0.0012144
0.00120221
0.00119001
0.00117786
0.00116571
0.00115361
0.00114151
0.00112945
0.00111738
0.00110536
0.00109334
0.00108136
0.00106938
0.00105746
0.00104553
0.00103366
0.0010218
0.00101
0.000998212
0.000986481
0.000974767
0.000963109
0.000951463
0.00093987
0.000928284
0.000916743
0.000905203
0.000893698
0.000882187
0.000870704
0.000859207
0.000847732
0.000836239
0.000824763
0.000813266
0.000801783
0.000790277
0.000778785
0.000767269
0.000755767
0.000744243
0.000732733
0.000721201
0.000709684
0.000698146
0.000686624
0.000675083
0.000663557
0.000652013
0.000640485
0.000628939
0.000617409
0.000605863
0.000594332
0.000582785
0.000571254
0.000559706
0.000548175
0.000536627
0.000525096
0.000513548
0.000502017
0.000490469
0.000478938
0.00046739
0.000455858
0.00044431
0.000432779
0.000421231
0.0004097
0.000398151
0.00038662
0.000375072
0.000363541
0.000351992
0.000340462
0.000328912
0.000317382
0.000305832
0.000294303
0.000282752
0.000271224
0.000259672
0.000248144
0.000236593
0.000225064
0.000213513
0.000201984
0.000190435
0.000178903
0.000167356
0.000155822
0.000144277
0.000132742
0.000121197
0.000109663
9.81156e-05
8.65837e-05
7.50361e-05
6.35027e-05
5.1957e-05
4.04219e-05
2.88784e-05
1.73397e-05
5.80924e-06
0.00311615
0.00282685
0.00285787
0.00275747
0.00274375
0.00269126
0.00266537
0.00262874
0.00260113
0.00257103
0.00254437
0.00251763
0.00249243
0.0024678
0.00244399
0.00242087
0.00239826
0.00237633
0.00235475
0.0023338
0.00231309
0.00229296
0.00227302
0.0022536
0.00223432
0.00221552
0.00219683
0.00217857
0.00216041
0.00214264
0.00212494
0.00210761
0.00209034
0.00207339
0.00205651
0.00203992
0.0020234
0.00200714
0.00199094
0.00197497
0.00195909
0.00194339
0.00192778
0.00191233
0.00189699
0.00188177
0.00186668
0.00185167
0.00183681
0.001822
0.00180735
0.00179274
0.00177828
0.00176384
0.00174958
0.0017353
0.00172121
0.00170709
0.00169316
0.0016792
0.00166542
0.00165159
0.00163796
0.00162426
0.00161077
0.0015972
0.00158382
0.00157038
0.00155712
0.00154379
0.00153064
0.00151742
0.00150438
0.00149126
0.00147831
0.00146529
0.00145244
0.00143952
0.00142675
0.00141391
0.00140123
0.00138848
0.00137587
0.0013632
0.00135066
0.00133807
0.00132559
0.00131308
0.00130067
0.00128822
0.00127587
0.00126349
0.0012512
0.00123889
0.00122665
0.0012144
0.00120221
0.00119001
0.00117786
0.00116571
0.00115361
0.00114151
0.00112945
0.00111738
0.00110536
0.00109334
0.00108136
0.00106938
0.00105746
0.00104553
0.00103366
0.0010218
0.00101
0.000998212
0.000986481
0.000974767
0.000963108
0.000951463
0.00093987
0.000928284
0.000916743
0.000905203
0.000893698
0.000882187
0.000870704
0.000859207
0.000847732
0.000836239
0.000824763
0.000813266
0.000801783
0.000790277
0.000778785
0.000767269
0.000755767
0.000744243
0.000732733
0.000721201
0.000709684
0.000698146
0.000686624
0.000675083
0.000663557
0.000652013
0.000640485
0.000628939
0.000617409
0.000605863
0.000594332
0.000582785
0.000571254
0.000559706
0.000548175
0.000536627
0.000525096
0.000513548
0.000502017
0.000490469
0.000478938
0.00046739
0.000455858
0.00044431
0.000432779
0.000421231
0.0004097
0.000398151
0.00038662
0.000375072
0.000363541
0.000351992
0.000340462
0.000328912
0.000317382
0.000305832
0.000294303
0.000282752
0.000271224
0.000259672
0.000248144
0.000236593
0.000225064
0.000213513
0.000201984
0.000190435
0.000178903
0.000167356
0.000155822
0.000144277
0.000132742
0.000121197
0.000109663
9.81156e-05
8.65837e-05
7.50361e-05
6.35027e-05
5.1957e-05
4.0422e-05
2.88784e-05
1.73401e-05
5.80976e-06
0.0031191
0.00282542
0.00285721
0.00275715
0.00274355
0.00269115
0.00266529
0.00262868
0.00260108
0.00257099
0.00254434
0.00251761
0.00249241
0.00246778
0.00244397
0.00242085
0.00239825
0.00237632
0.00235474
0.00233379
0.00231309
0.00229296
0.00227301
0.0022536
0.00223432
0.00221552
0.00219682
0.00217857
0.0021604
0.00214263
0.00212494
0.0021076
0.00209033
0.00207339
0.00205651
0.00203992
0.0020234
0.00200713
0.00199094
0.00197497
0.00195909
0.00194339
0.00192778
0.00191233
0.00189699
0.00188177
0.00186668
0.00185167
0.00183681
0.001822
0.00180735
0.00179273
0.00177828
0.00176384
0.00174958
0.0017353
0.00172121
0.00170709
0.00169316
0.00167919
0.00166542
0.00165159
0.00163796
0.00162426
0.00161076
0.0015972
0.00158382
0.00157038
0.00155712
0.00154379
0.00153064
0.00151742
0.00150438
0.00149126
0.00147831
0.00146529
0.00145244
0.00143951
0.00142675
0.00141391
0.00140123
0.00138848
0.00137587
0.0013632
0.00135066
0.00133807
0.00132559
0.00131308
0.00130067
0.00128822
0.00127587
0.00126349
0.0012512
0.00123889
0.00122665
0.00121439
0.00120221
0.00119001
0.00117786
0.00116571
0.00115361
0.00114151
0.00112945
0.00111738
0.00110536
0.00109334
0.00108136
0.00106938
0.00105746
0.00104553
0.00103366
0.0010218
0.00101
0.000998212
0.000986481
0.000974767
0.000963108
0.000951463
0.00093987
0.000928284
0.000916743
0.000905203
0.000893698
0.000882187
0.000870704
0.000859207
0.000847732
0.000836239
0.000824763
0.000813266
0.000801783
0.000790277
0.000778785
0.000767269
0.000755767
0.000744243
0.000732733
0.000721201
0.000709684
0.000698146
0.000686624
0.000675083
0.000663557
0.000652013
0.000640485
0.000628939
0.000617409
0.000605863
0.000594332
0.000582785
0.000571254
0.000559706
0.000548175
0.000536627
0.000525096
0.000513548
0.000502017
0.000490469
0.000478938
0.00046739
0.000455858
0.00044431
0.000432779
0.000421231
0.0004097
0.000398151
0.00038662
0.000375072
0.000363541
0.000351992
0.000340462
0.000328912
0.000317382
0.000305832
0.000294303
0.000282752
0.000271224
0.000259672
0.000248144
0.000236593
0.000225064
0.000213513
0.000201984
0.000190435
0.000178903
0.000167356
0.000155822
0.000144277
0.000132742
0.000121197
0.000109663
9.81156e-05
8.65837e-05
7.50361e-05
6.35027e-05
5.1957e-05
4.04221e-05
2.88784e-05
1.73404e-05
5.81015e-06
0.00312217
0.00282392
0.00285653
0.00275683
0.00274336
0.00269103
0.00266521
0.00262862
0.00260104
0.00257095
0.00254431
0.00251758
0.00249239
0.00246776
0.00244396
0.00242084
0.00239824
0.00237631
0.00235473
0.00233378
0.00231308
0.00229295
0.00227301
0.00225359
0.00223431
0.00221551
0.00219682
0.00217857
0.0021604
0.00214263
0.00212493
0.0021076
0.00209033
0.00207339
0.00205651
0.00203992
0.0020234
0.00200713
0.00199094
0.00197497
0.00195908
0.00194338
0.00192778
0.00191233
0.00189699
0.00188177
0.00186668
0.00185167
0.00183681
0.001822
0.00180735
0.00179273
0.00177828
0.00176384
0.00174957
0.0017353
0.00172121
0.00170709
0.00169316
0.00167919
0.00166542
0.00165159
0.00163796
0.00162426
0.00161076
0.0015972
0.00158382
0.00157038
0.00155712
0.00154379
0.00153064
0.00151742
0.00150438
0.00149126
0.00147831
0.00146529
0.00145244
0.00143951
0.00142675
0.00141391
0.00140123
0.00138847
0.00137587
0.0013632
0.00135066
0.00133807
0.00132559
0.00131308
0.00130067
0.00128822
0.00127587
0.00126349
0.0012512
0.00123889
0.00122665
0.00121439
0.00120221
0.00119001
0.00117786
0.00116571
0.00115361
0.00114151
0.00112945
0.00111738
0.00110536
0.00109334
0.00108136
0.00106938
0.00105746
0.00104553
0.00103366
0.0010218
0.00101
0.000998211
0.000986481
0.000974767
0.000963108
0.000951463
0.00093987
0.000928284
0.000916743
0.000905203
0.000893698
0.000882187
0.000870704
0.000859207
0.000847732
0.000836239
0.000824763
0.000813266
0.000801783
0.000790277
0.000778785
0.000767269
0.000755767
0.000744243
0.000732733
0.000721201
0.000709684
0.000698146
0.000686624
0.000675083
0.000663557
0.000652013
0.000640485
0.000628939
0.000617409
0.000605863
0.000594332
0.000582785
0.000571254
0.000559706
0.000548175
0.000536627
0.000525096
0.000513548
0.000502017
0.000490469
0.000478938
0.00046739
0.000455858
0.00044431
0.000432779
0.000421231
0.0004097
0.000398151
0.00038662
0.000375072
0.000363541
0.000351992
0.000340462
0.000328912
0.000317382
0.000305832
0.000294303
0.000282752
0.000271224
0.000259672
0.000248144
0.000236593
0.000225064
0.000213513
0.000201984
0.000190435
0.000178903
0.000167356
0.000155822
0.000144277
0.000132742
0.000121197
0.000109663
9.81156e-05
8.65837e-05
7.50361e-05
6.35028e-05
5.1957e-05
4.04221e-05
2.88784e-05
1.73407e-05
5.81044e-06
0.00312536
0.00282236
0.00285582
0.00275651
0.00274317
0.00269092
0.00266514
0.00262857
0.00260099
0.00257092
0.00254429
0.00251756
0.00249237
0.00246775
0.00244394
0.00242083
0.00239823
0.0023763
0.00235472
0.00233377
0.00231307
0.00229294
0.002273
0.00225358
0.00223431
0.00221551
0.00219682
0.00217856
0.00216039
0.00214263
0.00212493
0.0021076
0.00209033
0.00207338
0.00205651
0.00203992
0.0020234
0.00200713
0.00199094
0.00197497
0.00195908
0.00194338
0.00192778
0.00191233
0.00189699
0.00188177
0.00186667
0.00185167
0.0018368
0.001822
0.00180735
0.00179273
0.00177828
0.00176384
0.00174957
0.0017353
0.00172121
0.00170709
0.00169316
0.00167919
0.00166542
0.00165159
0.00163796
0.00162426
0.00161076
0.00159719
0.00158382
0.00157037
0.00155712
0.00154379
0.00153064
0.00151742
0.00150438
0.00149126
0.00147831
0.00146529
0.00145244
0.00143951
0.00142675
0.00141391
0.00140123
0.00138847
0.00137586
0.0013632
0.00135066
0.00133806
0.00132559
0.00131308
0.00130067
0.00128822
0.00127587
0.00126349
0.0012512
0.00123889
0.00122665
0.00121439
0.00120221
0.00119001
0.00117786
0.00116571
0.00115361
0.00114151
0.00112945
0.00111738
0.00110536
0.00109334
0.00108136
0.00106938
0.00105746
0.00104553
0.00103366
0.0010218
0.00101
0.000998211
0.000986481
0.000974767
0.000963108
0.000951463
0.00093987
0.000928284
0.000916743
0.000905203
0.000893698
0.000882187
0.000870704
0.000859207
0.000847732
0.000836239
0.000824763
0.000813266
0.000801783
0.000790277
0.000778785
0.000767269
0.000755767
0.000744243
0.000732733
0.000721201
0.000709684
0.000698146
0.000686624
0.000675083
0.000663557
0.000652013
0.000640485
0.000628939
0.000617409
0.000605863
0.000594332
0.000582785
0.000571254
0.000559706
0.000548175
0.000536627
0.000525096
0.000513548
0.000502017
0.000490469
0.000478938
0.00046739
0.000455858
0.00044431
0.000432779
0.000421231
0.0004097
0.000398151
0.00038662
0.000375072
0.000363541
0.000351992
0.000340462
0.000328912
0.000317382
0.000305832
0.000294303
0.000282752
0.000271224
0.000259672
0.000248144
0.000236593
0.000225064
0.000213513
0.000201984
0.000190435
0.000178903
0.000167356
0.000155822
0.000144277
0.000132742
0.000121197
0.000109663
9.81156e-05
8.65837e-05
7.50361e-05
6.35028e-05
5.1957e-05
4.04221e-05
2.88784e-05
1.73408e-05
5.81063e-06
0.00312868
0.00282075
0.00285511
0.00275619
0.00274299
0.00269082
0.00266507
0.00262852
0.00260096
0.00257089
0.00254426
0.00251754
0.00249236
0.00246773
0.00244393
0.00242082
0.00239822
0.00237629
0.00235472
0.00233376
0.00231307
0.00229294
0.002273
0.00225358
0.0022343
0.0022155
0.00219681
0.00217856
0.00216039
0.00214262
0.00212493
0.00210759
0.00209032
0.00207338
0.0020565
0.00203992
0.00202339
0.00200713
0.00199094
0.00197497
0.00195908
0.00194338
0.00192778
0.00191233
0.00189699
0.00188177
0.00186667
0.00185167
0.0018368
0.001822
0.00180735
0.00179273
0.00177828
0.00176384
0.00174957
0.0017353
0.00172121
0.00170709
0.00169316
0.00167919
0.00166542
0.00165159
0.00163796
0.00162426
0.00161076
0.00159719
0.00158382
0.00157037
0.00155712
0.00154379
0.00153064
0.00151742
0.00150438
0.00149126
0.00147831
0.00146529
0.00145244
0.00143951
0.00142675
0.00141391
0.00140123
0.00138847
0.00137586
0.00136319
0.00135066
0.00133806
0.00132559
0.00131308
0.00130067
0.00128822
0.00127587
0.00126349
0.0012512
0.00123889
0.00122665
0.00121439
0.00120221
0.00119001
0.00117786
0.00116571
0.00115361
0.00114151
0.00112945
0.00111738
0.00110536
0.00109334
0.00108136
0.00106938
0.00105746
0.00104553
0.00103366
0.0010218
0.00101
0.000998211
0.000986481
0.000974767
0.000963108
0.000951463
0.00093987
0.000928284
0.000916743
0.000905203
0.000893698
0.000882187
0.000870704
0.000859207
0.000847732
0.000836239
0.000824763
0.000813266
0.000801783
0.000790277
0.000778785
0.000767269
0.000755767
0.000744243
0.000732733
0.000721201
0.000709684
0.000698146
0.000686624
0.000675083
0.000663557
0.000652013
0.000640485
0.000628939
0.000617409
0.000605863
0.000594332
0.000582785
0.000571254
0.000559706
0.000548175
0.000536627
0.000525096
0.000513548
0.000502017
0.000490469
0.000478938
0.00046739
0.000455858
0.00044431
0.000432779
0.000421231
0.0004097
0.000398151
0.00038662
0.000375072
0.000363541
0.000351992
0.000340462
0.000328912
0.000317382
0.000305832
0.000294303
0.000282752
0.000271224
0.000259672
0.000248144
0.000236593
0.000225064
0.000213513
0.000201984
0.000190435
0.000178903
0.000167356
0.000155822
0.000144277
0.000132742
0.000121197
0.000109663
9.81156e-05
8.65837e-05
7.50361e-05
6.35028e-05
5.1957e-05
4.04222e-05
2.88783e-05
1.73409e-05
5.81074e-06
0.00313215
0.00281909
0.00285438
0.00275589
0.00274282
0.00269073
0.002665
0.00262847
0.00260092
0.00257086
0.00254424
0.00251752
0.00249234
0.00246772
0.00244392
0.00242081
0.00239821
0.00237628
0.00235471
0.00233376
0.00231306
0.00229293
0.00227299
0.00225357
0.0022343
0.0022155
0.00219681
0.00217856
0.00216039
0.00214262
0.00212492
0.00210759
0.00209032
0.00207338
0.0020565
0.00203991
0.00202339
0.00200713
0.00199094
0.00197497
0.00195908
0.00194338
0.00192778
0.00191233
0.00189699
0.00188177
0.00186667
0.00185167
0.0018368
0.001822
0.00180735
0.00179273
0.00177828
0.00176384
0.00174957
0.0017353
0.00172121
0.00170709
0.00169316
0.00167919
0.00166542
0.00165159
0.00163796
0.00162426
0.00161076
0.00159719
0.00158382
0.00157037
0.00155712
0.00154379
0.00153064
0.00151742
0.00150438
0.00149126
0.00147831
0.00146529
0.00145244
0.00143951
0.00142675
0.00141391
0.00140122
0.00138847
0.00137586
0.00136319
0.00135066
0.00133806
0.00132559
0.00131307
0.00130067
0.00128822
0.00127587
0.00126349
0.0012512
0.00123889
0.00122665
0.00121439
0.00120221
0.00119001
0.00117786
0.00116571
0.00115361
0.00114151
0.00112945
0.00111738
0.00110536
0.00109334
0.00108136
0.00106938
0.00105746
0.00104553
0.00103366
0.0010218
0.00101
0.000998211
0.000986481
0.000974767
0.000963108
0.000951463
0.00093987
0.000928285
0.000916743
0.000905203
0.000893698
0.000882187
0.000870704
0.000859207
0.000847732
0.000836239
0.000824763
0.000813266
0.000801783
0.000790277
0.000778785
0.000767269
0.000755767
0.000744243
0.000732733
0.000721201
0.000709684
0.000698146
0.000686624
0.000675083
0.000663557
0.000652013
0.000640485
0.000628939
0.000617409
0.000605863
0.000594332
0.000582785
0.000571254
0.000559706
0.000548175
0.000536627
0.000525096
0.000513548
0.000502017
0.000490469
0.000478938
0.00046739
0.000455858
0.00044431
0.000432779
0.000421231
0.0004097
0.000398151
0.00038662
0.000375072
0.000363541
0.000351992
0.000340462
0.000328912
0.000317382
0.000305832
0.000294303
0.000282752
0.000271224
0.000259672
0.000248144
0.000236593
0.000225064
0.000213513
0.000201984
0.000190435
0.000178903
0.000167356
0.000155822
0.000144277
0.000132742
0.000121197
0.000109663
9.81156e-05
8.65837e-05
7.50361e-05
6.35028e-05
5.1957e-05
4.04222e-05
2.88783e-05
1.73409e-05
5.81079e-06
0.00313581
0.00281741
0.00285368
0.00275562
0.00274267
0.00269064
0.00266495
0.00262843
0.00260089
0.00257083
0.00254422
0.0025175
0.00249232
0.0024677
0.00244391
0.0024208
0.0023982
0.00237628
0.0023547
0.00233375
0.00231305
0.00229293
0.00227299
0.00225357
0.00223429
0.00221549
0.0021968
0.00217855
0.00216038
0.00214262
0.00212492
0.00210759
0.00209032
0.00207338
0.0020565
0.00203991
0.00202339
0.00200712
0.00199093
0.00197496
0.00195908
0.00194338
0.00192777
0.00191232
0.00189698
0.00188177
0.00186667
0.00185167
0.0018368
0.001822
0.00180734
0.00179273
0.00177828
0.00176384
0.00174957
0.0017353
0.00172121
0.00170709
0.00169316
0.00167919
0.00166542
0.00165159
0.00163796
0.00162426
0.00161076
0.00159719
0.00158382
0.00157037
0.00155712
0.00154378
0.00153064
0.00151742
0.00150438
0.00149126
0.00147831
0.00146529
0.00145244
0.00143951
0.00142675
0.00141391
0.00140122
0.00138847
0.00137586
0.00136319
0.00135066
0.00133806
0.00132559
0.00131307
0.00130067
0.00128822
0.00127587
0.00126349
0.0012512
0.00123889
0.00122665
0.00121439
0.00120221
0.00119001
0.00117786
0.00116571
0.00115361
0.00114151
0.00112945
0.00111738
0.00110536
0.00109334
0.00108136
0.00106938
0.00105746
0.00104553
0.00103366
0.0010218
0.00101
0.000998211
0.000986481
0.000974767
0.000963108
0.000951463
0.00093987
0.000928285
0.000916743
0.000905203
0.000893698
0.000882187
0.000870704
0.000859207
0.000847732
0.000836239
0.000824763
0.000813266
0.000801783
0.000790277
0.000778785
0.000767269
0.000755767
0.000744243
0.000732733
0.000721201
0.000709684
0.000698146
0.000686624
0.000675083
0.000663557
0.000652013
0.000640485
0.000628939
0.000617409
0.000605863
0.000594332
0.000582785
0.000571254
0.000559706
0.000548175
0.000536627
0.000525096
0.000513548
0.000502017
0.000490469
0.000478938
0.00046739
0.000455858
0.00044431
0.000432779
0.000421231
0.0004097
0.000398151
0.00038662
0.000375072
0.000363541
0.000351992
0.000340462
0.000328912
0.000317382
0.000305832
0.000294303
0.000282752
0.000271224
0.000259672
0.000248144
0.000236593
0.000225064
0.000213513
0.000201984
0.000190435
0.000178903
0.000167356
0.000155822
0.000144277
0.000132742
0.000121197
0.000109663
9.81156e-05
8.65837e-05
7.50361e-05
6.35028e-05
5.19569e-05
4.04222e-05
2.88783e-05
1.73409e-05
5.81079e-06
0.00313972
0.00281574
0.00285301
0.00275537
0.00274253
0.00269057
0.00266489
0.00262839
0.00260086
0.00257081
0.0025442
0.00251748
0.00249231
0.00246769
0.00244389
0.00242079
0.00239819
0.00237627
0.00235469
0.00233374
0.00231305
0.00229292
0.00227298
0.00225357
0.00223429
0.00221549
0.0021968
0.00217855
0.00216038
0.00214261
0.00212492
0.00210759
0.00209032
0.00207337
0.0020565
0.00203991
0.00202339
0.00200712
0.00199093
0.00197496
0.00195907
0.00194338
0.00192777
0.00191232
0.00189698
0.00188176
0.00186667
0.00185167
0.0018368
0.001822
0.00180734
0.00179273
0.00177828
0.00176384
0.00174957
0.0017353
0.0017212
0.00170709
0.00169316
0.00167919
0.00166541
0.00165159
0.00163795
0.00162426
0.00161076
0.00159719
0.00158382
0.00157037
0.00155712
0.00154378
0.00153064
0.00151742
0.00150437
0.00149126
0.00147831
0.00146529
0.00145244
0.00143951
0.00142675
0.00141391
0.00140122
0.00138847
0.00137586
0.00136319
0.00135066
0.00133806
0.00132559
0.00131307
0.00130067
0.00128822
0.00127587
0.00126349
0.0012512
0.00123889
0.00122665
0.00121439
0.0012022
0.00119001
0.00117786
0.00116571
0.00115361
0.00114151
0.00112945
0.00111738
0.00110536
0.00109334
0.00108136
0.00106938
0.00105745
0.00104553
0.00103366
0.0010218
0.00101
0.000998211
0.000986481
0.000974767
0.000963108
0.000951463
0.00093987
0.000928285
0.000916743
0.000905203
0.000893698
0.000882187
0.000870704
0.000859207
0.000847732
0.000836239
0.000824763
0.000813266
0.000801783
0.000790277
0.000778785
0.000767269
0.000755767
0.000744243
0.000732733
0.000721201
0.000709684
0.000698146
0.000686624
0.000675083
0.000663557
0.000652013
0.000640485
0.000628939
0.000617409
0.000605863
0.000594332
0.000582785
0.000571254
0.000559706
0.000548175
0.000536627
0.000525096
0.000513548
0.000502017
0.000490469
0.000478938
0.00046739
0.000455858
0.00044431
0.000432779
0.000421231
0.0004097
0.000398151
0.00038662
0.000375072
0.000363541
0.000351992
0.000340462
0.000328912
0.000317382
0.000305832
0.000294303
0.000282752
0.000271224
0.000259672
0.000248144
0.000236593
0.000225064
0.000213513
0.000201984
0.000190435
0.000178903
0.000167356
0.000155822
0.000144277
0.000132742
0.000121197
0.000109663
9.81156e-05
8.65837e-05
7.50361e-05
6.35028e-05
5.19569e-05
4.04223e-05
2.88783e-05
1.73408e-05
5.81077e-06
0.00314398
0.00281414
0.0028524
0.00275515
0.00274241
0.0026905
0.00266485
0.00262836
0.00260083
0.00257079
0.00254418
0.00251747
0.0024923
0.00246768
0.00244388
0.00242078
0.00239818
0.00237626
0.00235469
0.00233374
0.00231304
0.00229292
0.00227298
0.00225356
0.00223428
0.00221549
0.0021968
0.00217854
0.00216038
0.00214261
0.00212492
0.00210758
0.00209031
0.00207337
0.00205649
0.00203991
0.00202339
0.00200712
0.00199093
0.00197496
0.00195907
0.00194337
0.00192777
0.00191232
0.00189698
0.00188176
0.00186667
0.00185166
0.0018368
0.001822
0.00180734
0.00179273
0.00177827
0.00176383
0.00174957
0.00173529
0.0017212
0.00170709
0.00169316
0.00167919
0.00166541
0.00165159
0.00163795
0.00162426
0.00161076
0.00159719
0.00158382
0.00157037
0.00155712
0.00154378
0.00153064
0.00151742
0.00150437
0.00149125
0.00147831
0.00146529
0.00145244
0.00143951
0.00142675
0.00141391
0.00140122
0.00138847
0.00137586
0.00136319
0.00135066
0.00133806
0.00132559
0.00131307
0.00130067
0.00128822
0.00127587
0.00126349
0.0012512
0.00123889
0.00122665
0.00121439
0.0012022
0.00119
0.00117786
0.00116571
0.00115361
0.00114151
0.00112945
0.00111738
0.00110536
0.00109334
0.00108136
0.00106938
0.00105745
0.00104553
0.00103366
0.0010218
0.00101
0.000998211
0.000986481
0.000974767
0.000963108
0.000951464
0.00093987
0.000928285
0.000916743
0.000905203
0.000893698
0.000882187
0.000870704
0.000859207
0.000847732
0.000836239
0.000824763
0.000813266
0.000801783
0.000790277
0.000778785
0.000767269
0.000755767
0.000744243
0.000732733
0.000721201
0.000709684
0.000698146
0.000686624
0.000675083
0.000663557
0.000652013
0.000640485
0.000628939
0.000617409
0.000605863
0.000594332
0.000582785
0.000571254
0.000559706
0.000548175
0.000536627
0.000525096
0.000513548
0.000502017
0.000490469
0.000478938
0.00046739
0.000455858
0.00044431
0.000432779
0.000421231
0.0004097
0.000398151
0.00038662
0.000375072
0.000363541
0.000351992
0.000340462
0.000328912
0.000317382
0.000305832
0.000294303
0.000282752
0.000271224
0.000259672
0.000248144
0.000236593
0.000225064
0.000213513
0.000201984
0.000190435
0.000178903
0.000167356
0.000155822
0.000144277
0.000132742
0.000121197
0.000109663
9.81156e-05
8.65837e-05
7.50361e-05
6.35028e-05
5.19569e-05
4.04223e-05
2.88783e-05
1.73408e-05
5.81072e-06
0.00314869
0.00281265
0.00285187
0.00275497
0.00274231
0.00269045
0.0026648
0.00262832
0.00260081
0.00257077
0.00254416
0.00251745
0.00249228
0.00246767
0.00244387
0.00242077
0.00239817
0.00237625
0.00235468
0.00233373
0.00231304
0.00229291
0.00227297
0.00225356
0.00223428
0.00221548
0.00219679
0.00217854
0.00216037
0.00214261
0.00212491
0.00210758
0.00209031
0.00207337
0.00205649
0.0020399
0.00202338
0.00200712
0.00199093
0.00197496
0.00195907
0.00194337
0.00192777
0.00191232
0.00189698
0.00188176
0.00186667
0.00185166
0.0018368
0.00182199
0.00180734
0.00179273
0.00177827
0.00176383
0.00174957
0.00173529
0.0017212
0.00170709
0.00169316
0.00167919
0.00166541
0.00165158
0.00163795
0.00162426
0.00161076
0.00159719
0.00158382
0.00157037
0.00155712
0.00154378
0.00153064
0.00151741
0.00150437
0.00149125
0.00147831
0.00146529
0.00145244
0.00143951
0.00142674
0.00141391
0.00140122
0.00138847
0.00137586
0.00136319
0.00135065
0.00133806
0.00132559
0.00131307
0.00130067
0.00128822
0.00127587
0.00126349
0.0012512
0.00123889
0.00122665
0.00121439
0.0012022
0.00119
0.00117786
0.00116571
0.00115361
0.00114151
0.00112945
0.00111738
0.00110536
0.00109334
0.00108136
0.00106938
0.00105745
0.00104553
0.00103366
0.0010218
0.00101
0.000998211
0.000986481
0.000974766
0.000963108
0.000951463
0.00093987
0.000928285
0.000916743
0.000905203
0.000893698
0.000882187
0.000870704
0.000859207
0.000847732
0.000836239
0.000824763
0.000813266
0.000801783
0.000790277
0.000778785
0.00076727
0.000755767
0.000744243
0.000732733
0.000721201
0.000709684
0.000698146
0.000686624
0.000675083
0.000663557
0.000652013
0.000640485
0.000628939
0.000617409
0.000605863
0.000594332
0.000582785
0.000571254
0.000559706
0.000548175
0.000536627
0.000525096
0.000513548
0.000502017
0.000490469
0.000478938
0.00046739
0.000455858
0.00044431
0.000432779
0.000421231
0.0004097
0.000398151
0.00038662
0.000375072
0.000363541
0.000351992
0.000340462
0.000328912
0.000317382
0.000305832
0.000294303
0.000282752
0.000271224
0.000259672
0.000248144
0.000236593
0.000225064
0.000213513
0.000201984
0.000190435
0.000178903
0.000167356
0.000155822
0.000144277
0.000132742
0.000121197
0.000109663
9.81156e-05
8.65837e-05
7.50361e-05
6.35028e-05
5.19569e-05
4.04223e-05
2.88782e-05
1.73407e-05
5.81067e-06
0.00315398
0.00281134
0.00285143
0.00275482
0.00274223
0.00269039
0.00266476
0.00262829
0.00260078
0.00257075
0.00254414
0.00251744
0.00249227
0.00246766
0.00244386
0.00242076
0.00239816
0.00237624
0.00235467
0.00233373
0.00231303
0.00229291
0.00227297
0.00225355
0.00223428
0.00221548
0.00219679
0.00217854
0.00216037
0.0021426
0.00212491
0.00210758
0.00209031
0.00207337
0.00205649
0.0020399
0.00202338
0.00200712
0.00199093
0.00197496
0.00195907
0.00194337
0.00192777
0.00191232
0.00189698
0.00188176
0.00186666
0.00185166
0.0018368
0.00182199
0.00180734
0.00179272
0.00177827
0.00176383
0.00174957
0.00173529
0.0017212
0.00170708
0.00169316
0.00167919
0.00166541
0.00165158
0.00163795
0.00162426
0.00161076
0.00159719
0.00158382
0.00157037
0.00155711
0.00154378
0.00153064
0.00151741
0.00150437
0.00149125
0.00147831
0.00146529
0.00145244
0.00143951
0.00142674
0.00141391
0.00140122
0.00138847
0.00137586
0.00136319
0.00135065
0.00133806
0.00132559
0.00131307
0.00130066
0.00128822
0.00127587
0.00126349
0.0012512
0.00123889
0.00122665
0.00121439
0.0012022
0.00119
0.00117786
0.00116571
0.00115361
0.00114151
0.00112945
0.00111738
0.00110536
0.00109334
0.00108136
0.00106938
0.00105745
0.00104553
0.00103366
0.0010218
0.00101
0.000998211
0.000986481
0.000974766
0.000963108
0.000951463
0.00093987
0.000928285
0.000916743
0.000905203
0.000893698
0.000882187
0.000870704
0.000859207
0.000847733
0.000836239
0.000824763
0.000813266
0.000801783
0.000790277
0.000778785
0.00076727
0.000755767
0.000744243
0.000732733
0.000721201
0.000709684
0.000698146
0.000686624
0.000675083
0.000663557
0.000652013
0.000640485
0.000628939
0.000617409
0.000605863
0.000594332
0.000582785
0.000571254
0.000559706
0.000548175
0.000536627
0.000525096
0.000513548
0.000502017
0.000490469
0.000478938
0.00046739
0.000455858
0.00044431
0.000432779
0.000421231
0.0004097
0.000398151
0.00038662
0.000375072
0.000363541
0.000351992
0.000340462
0.000328912
0.000317382
0.000305832
0.000294303
0.000282752
0.000271224
0.000259673
0.000248144
0.000236593
0.000225064
0.000213513
0.000201984
0.000190435
0.000178903
0.000167356
0.000155822
0.000144277
0.000132742
0.000121197
0.000109663
9.81156e-05
8.65837e-05
7.50361e-05
6.35028e-05
5.19569e-05
4.04223e-05
2.88782e-05
1.73407e-05
5.81063e-06
0.00316007
0.00281026
0.00285106
0.0027547
0.00274214
0.00269034
0.00266472
0.00262826
0.00260076
0.00257073
0.00254413
0.00251742
0.00249226
0.00246764
0.00244385
0.00242075
0.00239816
0.00237624
0.00235466
0.00233372
0.00231302
0.0022929
0.00227296
0.00225355
0.00223427
0.00221547
0.00219678
0.00217853
0.00216037
0.0021426
0.00212491
0.00210757
0.00209031
0.00207336
0.00205649
0.0020399
0.00202338
0.00200711
0.00199092
0.00197495
0.00195907
0.00194337
0.00192776
0.00191232
0.00189698
0.00188176
0.00186666
0.00185166
0.00183679
0.00182199
0.00180734
0.00179272
0.00177827
0.00176383
0.00174956
0.00173529
0.0017212
0.00170708
0.00169316
0.00167919
0.00166541
0.00165158
0.00163795
0.00162426
0.00161076
0.00159719
0.00158382
0.00157037
0.00155711
0.00154378
0.00153064
0.00151741
0.00150437
0.00149125
0.00147831
0.00146529
0.00145244
0.00143951
0.00142674
0.00141391
0.00140122
0.00138847
0.00137586
0.00136319
0.00135065
0.00133806
0.00132559
0.00131307
0.00130066
0.00128822
0.00127587
0.00126349
0.0012512
0.00123888
0.00122665
0.00121439
0.0012022
0.00119
0.00117786
0.00116571
0.00115361
0.00114151
0.00112945
0.00111738
0.00110536
0.00109334
0.00108136
0.00106938
0.00105745
0.00104553
0.00103366
0.0010218
0.00101
0.000998211
0.000986481
0.000974766
0.000963108
0.000951463
0.00093987
0.000928285
0.000916743
0.000905203
0.000893698
0.000882187
0.000870704
0.000859207
0.000847733
0.000836239
0.000824763
0.000813266
0.000801783
0.000790277
0.000778785
0.00076727
0.000755768
0.000744243
0.000732733
0.000721201
0.000709684
0.000698146
0.000686624
0.000675083
0.000663557
0.000652013
0.000640485
0.000628939
0.000617409
0.000605863
0.000594332
0.000582785
0.000571254
0.000559706
0.000548175
0.000536627
0.000525096
0.000513548
0.000502017
0.000490469
0.000478938
0.00046739
0.000455858
0.00044431
0.000432779
0.000421231
0.0004097
0.000398151
0.00038662
0.000375072
0.000363541
0.000351992
0.000340462
0.000328912
0.000317382
0.000305832
0.000294303
0.000282752
0.000271224
0.000259673
0.000248144
0.000236593
0.000225064
0.000213513
0.000201984
0.000190435
0.000178903
0.000167356
0.000155822
0.000144277
0.000132742
0.000121197
0.000109663
9.81156e-05
8.65837e-05
7.50361e-05
6.35028e-05
5.19569e-05
4.04223e-05
2.88782e-05
1.73407e-05
5.8106e-06
0.00316718
0.00280942
0.00285075
0.00275458
0.00274206
0.00269029
0.00266468
0.00262823
0.00260073
0.0025707
0.00254411
0.00251741
0.00249224
0.00246763
0.00244384
0.00242074
0.00239815
0.00237623
0.00235466
0.00233371
0.00231302
0.00229289
0.00227295
0.00225354
0.00223427
0.00221547
0.00219678
0.00217853
0.00216036
0.0021426
0.0021249
0.00210757
0.0020903
0.00207336
0.00205648
0.0020399
0.00202338
0.00200711
0.00199092
0.00197495
0.00195906
0.00194337
0.00192776
0.00191231
0.00189697
0.00188176
0.00186666
0.00185166
0.00183679
0.00182199
0.00180734
0.00179272
0.00177827
0.00176383
0.00174956
0.00173529
0.0017212
0.00170708
0.00169315
0.00167918
0.00166541
0.00165158
0.00163795
0.00162425
0.00161076
0.00159719
0.00158382
0.00157037
0.00155711
0.00154378
0.00153064
0.00151741
0.00150437
0.00149125
0.00147831
0.00146529
0.00145244
0.00143951
0.00142674
0.00141391
0.00140122
0.00138847
0.00137586
0.00136319
0.00135065
0.00133806
0.00132559
0.00131307
0.00130066
0.00128822
0.00127587
0.00126349
0.0012512
0.00123888
0.00122665
0.00121439
0.0012022
0.00119
0.00117786
0.00116571
0.00115361
0.0011415
0.00112945
0.00111738
0.00110536
0.00109334
0.00108136
0.00106938
0.00105745
0.00104553
0.00103366
0.0010218
0.00101
0.000998211
0.000986481
0.000974766
0.000963108
0.000951463
0.00093987
0.000928285
0.000916743
0.000905203
0.000893698
0.000882187
0.000870704
0.000859207
0.000847733
0.000836239
0.000824763
0.000813266
0.000801783
0.000790277
0.000778785
0.00076727
0.000755768
0.000744243
0.000732733
0.000721201
0.000709684
0.000698146
0.000686624
0.000675083
0.000663557
0.000652013
0.000640485
0.000628939
0.000617409
0.000605863
0.000594332
0.000582785
0.000571254
0.000559706
0.000548175
0.000536627
0.000525096
0.000513548
0.000502017
0.000490469
0.000478938
0.00046739
0.000455858
0.00044431
0.000432779
0.000421231
0.0004097
0.000398151
0.00038662
0.000375072
0.000363541
0.000351992
0.000340462
0.000328912
0.000317382
0.000305832
0.000294303
0.000282752
0.000271224
0.000259673
0.000248144
0.000236593
0.000225064
0.000213513
0.000201984
0.000190435
0.000178903
0.000167356
0.000155822
0.000144277
0.000132742
0.000121197
0.000109663
9.81156e-05
8.65837e-05
7.50361e-05
6.35028e-05
5.19569e-05
4.04223e-05
2.88782e-05
1.73407e-05
5.81059e-06
0.00317439
0.00280886
0.00285051
0.00275446
0.00274199
0.00269024
0.00266464
0.0026282
0.0026007
0.00257068
0.00254409
0.00251739
0.00249223
0.00246762
0.00244383
0.00242073
0.00239814
0.00237622
0.00235465
0.0023337
0.00231301
0.00229289
0.00227295
0.00225353
0.00223426
0.00221546
0.00219678
0.00217852
0.00216036
0.00214259
0.0021249
0.00210757
0.0020903
0.00207336
0.00205648
0.00203989
0.00202337
0.00200711
0.00199092
0.00197495
0.00195906
0.00194336
0.00192776
0.00191231
0.00189697
0.00188175
0.00186666
0.00185166
0.00183679
0.00182199
0.00180733
0.00179272
0.00177827
0.00176383
0.00174956
0.00173529
0.0017212
0.00170708
0.00169315
0.00167918
0.00166541
0.00165158
0.00163795
0.00162425
0.00161076
0.00159719
0.00158381
0.00157037
0.00155711
0.00154378
0.00153064
0.00151741
0.00150437
0.00149125
0.00147831
0.00146529
0.00145243
0.00143951
0.00142674
0.00141391
0.00140122
0.00138847
0.00137586
0.00136319
0.00135065
0.00133806
0.00132559
0.00131307
0.00130066
0.00128822
0.00127587
0.00126349
0.0012512
0.00123888
0.00122665
0.00121439
0.0012022
0.00119
0.00117786
0.00116571
0.00115361
0.0011415
0.00112945
0.00111738
0.00110536
0.00109334
0.00108136
0.00106938
0.00105745
0.00104553
0.00103366
0.0010218
0.00101
0.00099821
0.000986481
0.000974766
0.000963108
0.000951463
0.00093987
0.000928285
0.000916743
0.000905203
0.000893699
0.000882187
0.000870704
0.000859207
0.000847733
0.000836239
0.000824763
0.000813266
0.000801783
0.000790277
0.000778785
0.00076727
0.000755768
0.000744243
0.000732733
0.000721201
0.000709684
0.000698146
0.000686624
0.000675083
0.000663557
0.000652013
0.000640485
0.000628939
0.000617409
0.000605863
0.000594332
0.000582785
0.000571254
0.000559706
0.000548175
0.000536627
0.000525096
0.000513548
0.000502017
0.000490469
0.000478938
0.00046739
0.000455858
0.00044431
0.000432779
0.000421231
0.0004097
0.000398151
0.00038662
0.000375072
0.000363541
0.000351992
0.000340462
0.000328912
0.000317382
0.000305832
0.000294303
0.000282752
0.000271224
0.000259673
0.000248144
0.000236593
0.000225064
0.000213513
0.000201984
0.000190435
0.000178903
0.000167356
0.000155822
0.000144277
0.000132742
0.000121197
0.000109663
9.81156e-05
8.65837e-05
7.50361e-05
6.35028e-05
5.19569e-05
4.04223e-05
2.88782e-05
1.73407e-05
5.81061e-06
)
;

boundaryField
{
    inlet
    {
        type            zeroGradient;
    }
    outlet
    {
        type            fixedValue;
        value           uniform 0;
    }
    wall
    {
        type            zeroGradient;
    }
    axis
    {
        type            symmetryPlane;
    }
    frontAndBack
    {
        type            empty;
    }
}


// ************************************************************************* //
