/*--------------------------------*- C++ -*----------------------------------*\
| =========                 |                                                 |
| \\      /  F ield         | OpenFOAM: The Open Source CFD Toolbox           |
|  \\    /   O peration     | Version:  2412                                  |
|   \\  /    A nd           | Website:  www.openfoam.com                      |
|    \\/     M anipulation  |                                                 |
\*---------------------------------------------------------------------------*/
FoamFile
{
    version     2.0;
    format      ascii;
    arch        "LSB;label=32;scalar=64";
    class       volScalarField;
    location    "800";
    object      p;
}
// * * * * * * * * * * * * * * * * * * * * * * * * * * * * * * * * * * * * * //

dimensions      [0 2 -2 0 0 0 0];

internalField   nonuniform List<scalar> 
8000
(
0.0513803
0.0513614
0.0513362
0.0512618
0.0510927
0.0509162
0.0507034
0.0504751
0.0502009
0.0499147
0.0495906
0.0492586
0.048892
0.0485201
0.0481183
0.0477122
0.0472822
0.0468459
0.0463941
0.0459303
0.0454626
0.0449731
0.0444947
0.0439811
0.0434964
0.0429603
0.0424731
0.0419162
0.0414297
0.0408545
0.040371
0.0397808
0.0393022
0.0387009
0.0382287
0.037621
0.0371559
0.0365469
0.0360896
0.0354847
0.0350355
0.0344402
0.0339995
0.0334188
0.0329874
0.0324259
0.0320047
0.0314661
0.0310567
0.0305435
0.0301473
0.0296611
0.0292795
0.0288207
0.0284546
0.0280229
0.0276727
0.0272671
0.0269327
0.0265519
0.026233
0.0258756
0.0255713
0.0252359
0.0249454
0.0246301
0.0243522
0.024055
0.0237883
0.023507
0.0232501
0.0229825
0.0227341
0.0224782
0.0222373
0.0219913
0.021757
0.0215196
0.021291
0.0210608
0.0208372
0.0206129
0.0203935
0.0201741
0.0199582
0.0197427
0.0195299
0.0193177
0.0191075
0.0188982
0.0186905
0.0184837
0.0182782
0.0180737
0.0178703
0.0176679
0.0174663
0.0172657
0.0170659
0.0168671
0.016669
0.0164718
0.0162753
0.0160799
0.015885
0.0156911
0.0154979
0.0153055
0.0151138
0.014923
0.0147327
0.0145434
0.0143546
0.0141667
0.0139794
0.0137929
0.013607
0.0134219
0.0132373
0.0130535
0.0128702
0.0126878
0.0125058
0.0123246
0.0121438
0.011964
0.0117844
0.0116058
0.0114274
0.01125
0.0110728
0.0108966
0.0107205
0.0105455
0.0103705
0.0101966
0.0100228
0.00985001
0.00967733
0.00950562
0.00933405
0.00916343
0.00899296
0.00882342
0.00865403
0.00848558
0.00831725
0.00814987
0.00798259
0.00781628
0.00765004
0.00748481
0.00731961
0.00715546
0.00699131
0.00682824
0.00666514
0.00650315
0.0063411
0.00618017
0.00601917
0.00585928
0.0056993
0.00554043
0.00538144
0.00522357
0.00506555
0.00490867
0.00475159
0.00459568
0.00443952
0.00428455
0.00412931
0.00397527
0.00382094
0.0036678
0.0035144
0.00336211
0.00320963
0.00305816
0.00290654
0.00275585
0.002605
0.00245501
0.00230483
0.00215544
0.00200578
0.00185689
0.00170757
0.00155906
0.00140992
0.00126169
0.00111257
0.00096452
0.000815371
0.000667402
0.000518247
0.000370325
0.00022136
7.37384e-05
0.0514074
0.0513696
0.0513403
0.0512686
0.0511018
0.0509243
0.0507111
0.0504818
0.0502075
0.0499204
0.0495961
0.0492633
0.0488964
0.048524
0.0481218
0.0477155
0.0472851
0.0468487
0.0463965
0.0459327
0.0454645
0.0449752
0.0444963
0.0439828
0.0434977
0.0429617
0.0424741
0.0419173
0.0414303
0.0408552
0.0403714
0.0397811
0.0393023
0.0387009
0.0382285
0.0376205
0.0371553
0.036546
0.0360887
0.0354835
0.0350343
0.0344386
0.0339979
0.0334169
0.0329854
0.0324237
0.0320025
0.0314637
0.0310541
0.030541
0.0301446
0.0296585
0.0292767
0.0288181
0.0284518
0.0280202
0.02767
0.0272645
0.0269302
0.0265494
0.0262306
0.0258733
0.0255691
0.0252337
0.0249433
0.0246281
0.0243503
0.0240532
0.0237866
0.0235055
0.0232487
0.0229811
0.0227329
0.022477
0.0222363
0.0219904
0.0217561
0.0215187
0.0212903
0.0210601
0.0208366
0.0206123
0.020393
0.0201736
0.0199578
0.0197423
0.0195295
0.0193173
0.0191072
0.0188978
0.0186902
0.0184834
0.0182779
0.0180734
0.01787
0.0176676
0.0174661
0.0172655
0.0170657
0.0168669
0.0166687
0.0164716
0.0162751
0.0160796
0.0158848
0.0156909
0.0154976
0.0153053
0.0151136
0.0149228
0.0147325
0.0145432
0.0143544
0.0141665
0.0139792
0.0137927
0.0136068
0.0134217
0.0132371
0.0130533
0.01287
0.0126876
0.0125056
0.0123245
0.0121437
0.0119638
0.0117842
0.0116056
0.0114273
0.0112499
0.0110726
0.0108964
0.0107204
0.0105453
0.0103704
0.0101965
0.0100227
0.00984985
0.00967717
0.00950547
0.00933389
0.00916328
0.00899281
0.00882327
0.00865388
0.00848543
0.0083171
0.00814972
0.00798244
0.00781613
0.00764989
0.00748466
0.00731946
0.00715531
0.00699116
0.00682809
0.00666499
0.006503
0.00634096
0.00618003
0.00601902
0.00585913
0.00569916
0.00554029
0.0053813
0.00522344
0.00506542
0.00490854
0.00475146
0.00459555
0.00443939
0.00428442
0.00412918
0.00397514
0.00382082
0.00366767
0.00351428
0.00336199
0.00320951
0.00305805
0.00290643
0.00275574
0.00260491
0.00245492
0.00230475
0.00215537
0.00200572
0.00185683
0.00170752
0.00155902
0.00140988
0.00126166
0.00111255
0.000964504
0.000815356
0.000667388
0.000518231
0.000370305
0.000221356
7.37458e-05
0.0514562
0.0513878
0.0513505
0.0512828
0.0511201
0.0509406
0.0507267
0.0504953
0.050221
0.0499319
0.0496073
0.0492728
0.0489055
0.0485319
0.0481292
0.0477221
0.047291
0.0468543
0.0464013
0.0459374
0.0454684
0.0449792
0.0444993
0.0439862
0.0435001
0.0429644
0.0424759
0.0419194
0.0414316
0.0408566
0.0403721
0.0397818
0.0393025
0.0387008
0.038228
0.0376196
0.0371543
0.0365444
0.0360869
0.0354811
0.0350318
0.0344355
0.0339946
0.0334132
0.0329814
0.0324195
0.0319979
0.031459
0.031049
0.030536
0.0301392
0.0296533
0.0292711
0.0288128
0.0284462
0.028015
0.0276645
0.0272593
0.0269249
0.0265445
0.0262257
0.0258687
0.0255646
0.0252295
0.0249392
0.0246243
0.0243466
0.0240498
0.0237834
0.0235024
0.0232458
0.0229785
0.0227305
0.0224748
0.0222342
0.0219884
0.0217543
0.0215171
0.0212887
0.0210587
0.0208353
0.0206111
0.0203919
0.0201726
0.0199568
0.0197414
0.0195287
0.0193165
0.0191065
0.0188972
0.0186895
0.0184828
0.0182773
0.0180729
0.0178695
0.0176671
0.0174656
0.017265
0.0170652
0.0168664
0.0166683
0.0164711
0.0162746
0.0160792
0.0158843
0.0156905
0.0154972
0.0153049
0.0151131
0.0149223
0.0147321
0.0145428
0.014354
0.0141661
0.0139788
0.0137923
0.0136064
0.0134213
0.0132367
0.013053
0.0128697
0.0126872
0.0125052
0.0123241
0.0121433
0.0119635
0.0117839
0.0116053
0.0114269
0.0112495
0.0110723
0.0108961
0.01072
0.010545
0.01037
0.0101961
0.0100223
0.00984953
0.00967686
0.00950515
0.00933358
0.00916297
0.0089925
0.00882296
0.00865358
0.00848512
0.0083168
0.00814941
0.00798214
0.00781583
0.00764959
0.00748436
0.00731916
0.00715501
0.00699086
0.0068278
0.0066647
0.00650271
0.00634066
0.00617974
0.00601874
0.00585885
0.00569887
0.00554001
0.00538103
0.00522317
0.00506515
0.00490828
0.0047512
0.00459529
0.00443913
0.00428417
0.00412892
0.00397488
0.00382056
0.00366742
0.00351403
0.00336175
0.00320927
0.00305782
0.00290621
0.00275553
0.00260471
0.00245474
0.00230458
0.00215522
0.00200558
0.00185672
0.00170743
0.00155894
0.00140982
0.00126161
0.00111251
0.000964473
0.000815328
0.00066736
0.0005182
0.000370267
0.000221326
7.37326e-05
0.0515201
0.0514177
0.0513696
0.051305
0.0511472
0.050965
0.0507501
0.0505158
0.0502411
0.0499494
0.0496241
0.0492874
0.0489193
0.0485441
0.0481404
0.0477323
0.0473
0.0468629
0.0464085
0.0459448
0.0454742
0.0449855
0.044504
0.0439915
0.0435038
0.0429687
0.0424787
0.0419226
0.0414336
0.0408588
0.0403733
0.0397829
0.0393028
0.0387007
0.0382274
0.0376183
0.0371526
0.0365418
0.0360842
0.0354774
0.0350279
0.0344308
0.0339897
0.0334075
0.0329754
0.032413
0.0319909
0.031452
0.0310414
0.0305285
0.030131
0.0296456
0.0292627
0.0288049
0.0284378
0.0280071
0.0276564
0.0272516
0.0269171
0.0265372
0.0262184
0.0258617
0.0255578
0.0252231
0.0249331
0.0246185
0.0243411
0.0240446
0.0237785
0.0234979
0.0232416
0.0229746
0.0227268
0.0224714
0.022231
0.0219855
0.0217516
0.0215146
0.0212865
0.0210566
0.0208333
0.0206094
0.0203903
0.0201711
0.0199554
0.0197401
0.0195275
0.0193154
0.0191054
0.0188961
0.0186885
0.0184818
0.0182765
0.018072
0.0178687
0.0176663
0.0174648
0.0172642
0.0170645
0.0168656
0.0166675
0.0164704
0.0162739
0.0160785
0.0158836
0.0156898
0.0154965
0.0153042
0.0151125
0.0149217
0.0147314
0.0145421
0.0143533
0.0141655
0.0139782
0.0137917
0.0136058
0.0134207
0.0132361
0.0130524
0.0128691
0.0126867
0.0125047
0.0123235
0.0121428
0.0119629
0.0117834
0.0116048
0.0114264
0.011249
0.0110718
0.0108956
0.0107195
0.0105445
0.0103696
0.0101956
0.0100219
0.00984905
0.00967638
0.00950468
0.00933312
0.0091625
0.00899204
0.00882251
0.00865312
0.00848467
0.00831635
0.00814896
0.00798169
0.00781538
0.00764914
0.00748391
0.00731872
0.00715457
0.00699042
0.00682735
0.00666426
0.00650227
0.00634023
0.0061793
0.0060183
0.00585842
0.00569845
0.00553959
0.00538062
0.00522276
0.00506475
0.00490788
0.0047508
0.0045949
0.00443874
0.00428378
0.00412854
0.0039745
0.00382019
0.00366705
0.00351366
0.00336139
0.00320892
0.00305747
0.00290588
0.00275522
0.00260441
0.00245446
0.00230433
0.002155
0.00200539
0.00185655
0.00170728
0.00155883
0.00140973
0.00126154
0.00111245
0.000964428
0.000815286
0.000667322
0.00051815
0.000370208
0.000221245
7.36726e-05
0.0515935
0.0514605
0.0514001
0.0513359
0.0511829
0.0509975
0.0507815
0.0505432
0.0502681
0.049973
0.0496468
0.0493072
0.0489379
0.0485606
0.0481555
0.0477461
0.0473122
0.0468746
0.0464183
0.0459547
0.045482
0.0449938
0.0445102
0.0439984
0.0435086
0.0429743
0.0424823
0.0419269
0.0414361
0.0408616
0.0403747
0.0397842
0.0393031
0.0387005
0.0382265
0.0376165
0.0371505
0.0365385
0.0360807
0.0354725
0.0350229
0.0344245
0.0339832
0.0334
0.0329675
0.0324045
0.0319817
0.0314426
0.0310311
0.0305185
0.0301201
0.0296351
0.0292515
0.0287943
0.0284266
0.0279965
0.0276454
0.0272413
0.0269067
0.0265273
0.0262086
0.0258525
0.0255488
0.0252146
0.0249249
0.0246107
0.0243337
0.0240377
0.023772
0.0234918
0.0232359
0.0229693
0.0227219
0.0224669
0.0222268
0.0219817
0.0217481
0.0215113
0.0212834
0.0210538
0.0208308
0.020607
0.0203881
0.0201691
0.0199536
0.0197384
0.0195259
0.0193139
0.0191039
0.0188948
0.0186872
0.0184806
0.0182753
0.0180709
0.0178676
0.0176652
0.0174638
0.0172632
0.0170635
0.0168647
0.0166666
0.0164695
0.016273
0.0160776
0.0158827
0.0156889
0.0154956
0.0153033
0.0151116
0.0149208
0.0147306
0.0145413
0.0143525
0.0141647
0.0139773
0.0137909
0.013605
0.0134199
0.0132353
0.0130516
0.0128683
0.0126859
0.0125039
0.0123228
0.012142
0.0119622
0.0117827
0.0116041
0.0114257
0.0112483
0.0110711
0.0108949
0.0107189
0.0105438
0.0103689
0.010195
0.0100212
0.00984841
0.00967575
0.00950405
0.00933249
0.00916188
0.00899142
0.00882189
0.00865251
0.00848406
0.00831574
0.00814836
0.00798109
0.00781478
0.00764855
0.00748331
0.00731812
0.00715397
0.00698982
0.00682676
0.00666366
0.00650168
0.00633964
0.00617872
0.00601773
0.00585785
0.00569788
0.00553904
0.00538006
0.00522222
0.00506421
0.00490735
0.00475027
0.00459437
0.00443822
0.00428326
0.00412803
0.00397399
0.00381968
0.00366654
0.00351316
0.0033609
0.00320844
0.00305701
0.00290543
0.0027548
0.00260402
0.0024541
0.002304
0.0021547
0.00200512
0.00185632
0.00170709
0.00155867
0.0014096
0.00126144
0.00111238
0.00096437
0.000815231
0.000667274
0.000518084
0.000370133
0.000221122
7.35715e-05
0.051672
0.0515166
0.0514437
0.0513763
0.0512273
0.0510382
0.0508208
0.0505776
0.0503018
0.0500025
0.049675
0.0493319
0.0489612
0.0485814
0.0481744
0.0477636
0.0473274
0.0468893
0.0464305
0.0459672
0.0454917
0.0450044
0.0445179
0.0440073
0.0435147
0.0429814
0.0424869
0.0419323
0.0414393
0.0408653
0.0403766
0.039786
0.0393036
0.0387002
0.0382255
0.0376142
0.0371478
0.0365342
0.0360762
0.0354663
0.0350166
0.0344165
0.0339749
0.0333905
0.0329574
0.0323937
0.0319701
0.0314308
0.0310183
0.030506
0.0301065
0.0296222
0.0292374
0.0287811
0.0284126
0.0279834
0.0276317
0.0272285
0.0268937
0.026515
0.0261964
0.0258409
0.0255376
0.0252039
0.0249146
0.024601
0.0243245
0.0240291
0.0237638
0.0234842
0.0232288
0.0229628
0.0227158
0.0224613
0.0222216
0.0219768
0.0217436
0.0215072
0.0212796
0.0210503
0.0208275
0.0206041
0.0203854
0.0201666
0.0199513
0.0197363
0.0195238
0.019312
0.0191021
0.0188931
0.0186856
0.0184791
0.0182738
0.0180695
0.0178662
0.0176639
0.0174625
0.017262
0.0170622
0.0168634
0.0166654
0.0164683
0.0162718
0.0160764
0.0158816
0.0156878
0.0154945
0.0153022
0.0151105
0.0149197
0.0147295
0.0145402
0.0143515
0.0141636
0.0139763
0.0137899
0.013604
0.0134189
0.0132344
0.0130507
0.0128674
0.012685
0.012503
0.0123219
0.0121412
0.0119613
0.0117818
0.0116032
0.0114248
0.0112475
0.0110703
0.0108941
0.010718
0.010543
0.0103681
0.0101942
0.0100204
0.00984761
0.00967496
0.00950326
0.00933171
0.00916111
0.00899065
0.00882113
0.00865176
0.00848331
0.00831499
0.00814761
0.00798034
0.00781403
0.0076478
0.00748256
0.00731737
0.00715322
0.00698908
0.00682601
0.00666292
0.00650094
0.00633891
0.006178
0.00601701
0.00585714
0.00569718
0.00553834
0.00537938
0.00522154
0.00506354
0.00490668
0.00474962
0.00459372
0.00443758
0.00428262
0.00412739
0.00397336
0.00381905
0.00366592
0.00351254
0.00336029
0.00320784
0.00305644
0.00290488
0.00275427
0.00260352
0.00245364
0.00230358
0.00215432
0.0020048
0.00185604
0.00170686
0.00155848
0.00140945
0.00126133
0.00111229
0.000964302
0.000815168
0.000667219
0.000518008
0.000370045
0.000220989
7.34682e-05
0.0517545
0.0515854
0.0515002
0.0514261
0.0512804
0.0510869
0.0508682
0.0506191
0.0503423
0.050038
0.049709
0.0493618
0.0489891
0.0486064
0.048197
0.0477847
0.0473456
0.0469071
0.046445
0.0459823
0.0455034
0.0450171
0.0445271
0.0440178
0.0435218
0.0429899
0.0424923
0.0419387
0.0414431
0.0408696
0.0403788
0.039788
0.0393041
0.0386999
0.0382243
0.0376115
0.0371447
0.0365291
0.036071
0.0354589
0.0350091
0.034407
0.0339652
0.0333791
0.0329455
0.0323807
0.0319562
0.0314166
0.0310028
0.0304909
0.03009
0.0296065
0.0292205
0.0287652
0.0283956
0.0279675
0.0276152
0.0272129
0.026878
0.0265001
0.0261817
0.025827
0.0255241
0.0251911
0.0249023
0.0245894
0.0243134
0.0240187
0.023754
0.0234752
0.0232203
0.0229549
0.0227084
0.0224545
0.0222153
0.0219711
0.0217382
0.0215023
0.021275
0.0210461
0.0208237
0.0206006
0.0203821
0.0201636
0.0199485
0.0197337
0.0195214
0.0193097
0.0191
0.018891
0.0186837
0.0184772
0.0182721
0.0180678
0.0178646
0.0176623
0.0174609
0.0172604
0.0170607
0.016862
0.0166639
0.0164668
0.0162704
0.016075
0.0158802
0.0156864
0.0154932
0.0153009
0.0151092
0.0149184
0.0147282
0.0145389
0.0143502
0.0141624
0.0139751
0.0137887
0.0136028
0.0134178
0.0132332
0.0130495
0.0128662
0.0126839
0.0125019
0.0123208
0.0121401
0.0119603
0.0117807
0.0116022
0.0114238
0.0112464
0.0110693
0.0108931
0.010717
0.010542
0.0103671
0.0101932
0.0100195
0.00984665
0.00967401
0.00950231
0.00933078
0.00916017
0.00898973
0.00882021
0.00865084
0.0084824
0.00831409
0.00814671
0.00797944
0.00781313
0.0076469
0.00748166
0.00731648
0.00715232
0.00698818
0.00682512
0.00666203
0.00650006
0.00633803
0.00617712
0.00601614
0.00585629
0.00569633
0.00553751
0.00537855
0.00522073
0.00506273
0.00490589
0.00474883
0.00459294
0.0044368
0.00428185
0.00412662
0.00397259
0.00381829
0.00366516
0.0035118
0.00335956
0.00320713
0.00305574
0.00290421
0.00275364
0.00260293
0.00245309
0.00230308
0.00215387
0.0020044
0.0018557
0.00170658
0.00155825
0.00140927
0.00126118
0.00111218
0.000964221
0.000815097
0.000667157
0.000517927
0.000369947
0.000220856
7.33721e-05
0.05184
0.0516664
0.0515698
0.0514856
0.0513422
0.0511437
0.0509235
0.0506674
0.0503893
0.0500793
0.0497485
0.0493966
0.0490215
0.0486357
0.0482233
0.0478093
0.0473668
0.046928
0.046462
0.046
0.0455169
0.0450322
0.0445378
0.0440304
0.0435302
0.043
0.0424987
0.0419464
0.0414476
0.0408747
0.0403814
0.0397905
0.0393048
0.0386996
0.0382229
0.0376083
0.037141
0.036523
0.0360649
0.0354501
0.0350004
0.0343957
0.0339537
0.0333656
0.0329314
0.0323654
0.0319398
0.0314
0.0309847
0.0304733
0.0300707
0.0295883
0.0292006
0.0287467
0.0283758
0.027949
0.027596
0.0271948
0.0268597
0.0264828
0.0261646
0.0258107
0.0255083
0.0251761
0.0248879
0.0245758
0.0243005
0.0240066
0.0237426
0.0234646
0.0232103
0.0229458
0.0226999
0.0224467
0.022208
0.0219644
0.021732
0.0214966
0.0212697
0.0210413
0.0208192
0.0205965
0.0203784
0.0201602
0.0199453
0.0197307
0.0195186
0.0193071
0.0190975
0.0188887
0.0186815
0.0184751
0.01827
0.0180658
0.0178627
0.0176605
0.0174591
0.0172587
0.017059
0.0168603
0.0166622
0.0164652
0.0162688
0.0160734
0.0158786
0.0156848
0.0154916
0.0152994
0.0151077
0.0149169
0.0147267
0.0145375
0.0143488
0.0141609
0.0139737
0.0137873
0.0136014
0.0134164
0.0132318
0.0130482
0.0128649
0.0126826
0.0125006
0.0123195
0.0121388
0.011959
0.0117795
0.0116009
0.0114226
0.0112452
0.0110681
0.0108919
0.0107159
0.0105408
0.010366
0.0101921
0.0100183
0.00984553
0.00967291
0.00950121
0.00932969
0.00915909
0.00898866
0.00881914
0.00864978
0.00848134
0.00831304
0.00814566
0.0079784
0.00781208
0.00764586
0.00748062
0.00731544
0.00715128
0.00698715
0.00682408
0.006661
0.00649902
0.006337
0.00617611
0.00601513
0.00585529
0.00569535
0.00553654
0.00537759
0.00521978
0.0050618
0.00490496
0.00474792
0.00459203
0.0044359
0.00428095
0.00412573
0.0039717
0.0038174
0.00366428
0.00351093
0.0033587
0.00320629
0.00305493
0.00290343
0.00275289
0.00260223
0.00245244
0.00230249
0.00215335
0.00200394
0.00185531
0.00170625
0.00155798
0.00140906
0.00126103
0.00111206
0.000964138
0.000815025
0.000667096
0.000517843
0.000369849
0.000220706
7.32592e-05
0.0519289
0.0517592
0.0516516
0.0515548
0.0514129
0.0512085
0.0509867
0.0507228
0.050443
0.0501264
0.0497934
0.0494363
0.0490585
0.0486691
0.0482533
0.0478375
0.0473909
0.0469519
0.0464813
0.0460203
0.0455322
0.0450493
0.0445499
0.0440446
0.0435396
0.0430115
0.0425057
0.0419551
0.0414525
0.0408805
0.0403843
0.0397932
0.0393056
0.0386991
0.0382214
0.0376045
0.037137
0.036516
0.0360581
0.03544
0.0349906
0.0343828
0.0339408
0.0333502
0.0329155
0.0323479
0.0319211
0.0313809
0.0309639
0.0304531
0.0300485
0.0295673
0.0291777
0.0287253
0.0283529
0.0279276
0.0275738
0.027174
0.0268386
0.0264629
0.026145
0.0257921
0.0254903
0.0251589
0.0248715
0.0245603
0.0242857
0.0239928
0.0237295
0.0234525
0.023199
0.0229354
0.0226902
0.0224378
0.0221997
0.0219567
0.0217248
0.0214901
0.0212637
0.0210358
0.0208141
0.0205919
0.0203741
0.0201563
0.0199416
0.0197274
0.0195154
0.0193041
0.0190947
0.018886
0.0186789
0.0184727
0.0182677
0.0180636
0.0178606
0.0176584
0.0174571
0.0172567
0.017057
0.0168583
0.0166603
0.0164633
0.0162669
0.0160716
0.0158768
0.015683
0.0154898
0.0152976
0.0151059
0.0149152
0.014725
0.0145358
0.0143471
0.0141593
0.013972
0.0137857
0.0135998
0.0134148
0.0132303
0.0130466
0.0128634
0.0126811
0.0124991
0.0123181
0.0121374
0.0119576
0.0117781
0.0115995
0.0114212
0.0112439
0.0110667
0.0108905
0.0107146
0.0105395
0.0103647
0.0101908
0.0100171
0.00984424
0.00967164
0.00949995
0.00932844
0.00915785
0.00898742
0.00881792
0.00864856
0.00848013
0.00831183
0.00814445
0.0079772
0.00781088
0.00764467
0.00747941
0.00731424
0.00715008
0.00698595
0.00682288
0.00665981
0.00649784
0.00633583
0.00617494
0.00601397
0.00585415
0.00569422
0.00553542
0.00537649
0.00521869
0.00506073
0.0049039
0.00474686
0.00459098
0.00443486
0.00427991
0.0041247
0.00397067
0.00381638
0.00366327
0.00350992
0.00335771
0.00320532
0.00305399
0.00290252
0.00275204
0.00260142
0.0024517
0.00230181
0.00215274
0.00200342
0.00185485
0.00170588
0.00155768
0.00140883
0.00126085
0.00111193
0.000964046
0.000814949
0.000667035
0.000517761
0.000369758
0.000220543
7.31315e-05
0.0520226
0.0518628
0.0517452
0.051634
0.0514926
0.0512812
0.0510578
0.0507849
0.0505031
0.0501792
0.0498437
0.0494808
0.0490997
0.0487066
0.0482868
0.0478693
0.0474178
0.046979
0.0465028
0.0460435
0.0455494
0.045069
0.0445636
0.044061
0.0435502
0.0430248
0.0425138
0.0419652
0.0414582
0.0408872
0.0403877
0.0397964
0.0393066
0.0386986
0.0382198
0.0376002
0.0371326
0.0365079
0.0360505
0.0354283
0.0349796
0.0343678
0.0339262
0.0333325
0.0328973
0.032328
0.0318999
0.0313593
0.0309404
0.0304303
0.0300234
0.0295438
0.029152
0.0287013
0.0283272
0.0279037
0.0275488
0.0271505
0.0268149
0.0264404
0.026123
0.0257711
0.02547
0.0251395
0.024853
0.0245427
0.0242691
0.0239772
0.0237148
0.0234389
0.0231863
0.0229237
0.0226793
0.0224277
0.0221903
0.0219481
0.0217169
0.0214828
0.0212569
0.0210297
0.0208084
0.0205867
0.0203693
0.0201519
0.0199376
0.0197236
0.0195119
0.0193008
0.0190915
0.018883
0.0186761
0.0184699
0.0182651
0.0180611
0.0178582
0.0176561
0.0174548
0.0172544
0.0170548
0.0168561
0.0166582
0.0164612
0.0162648
0.0160695
0.0158748
0.015681
0.0154878
0.0152956
0.015104
0.0149132
0.0147231
0.0145339
0.0143452
0.0141574
0.0139702
0.0137839
0.013598
0.013413
0.0132286
0.0130449
0.0128617
0.0126794
0.0124975
0.0123165
0.0121358
0.011956
0.0117765
0.011598
0.0114197
0.0112423
0.0110652
0.010889
0.0107131
0.010538
0.0103632
0.0101893
0.0100156
0.00984281
0.00967023
0.00949854
0.00932704
0.00915646
0.00898604
0.00881655
0.0086472
0.00847878
0.00831048
0.00814311
0.00797586
0.00780954
0.00764333
0.00747807
0.00731291
0.00714873
0.00698462
0.00682154
0.00665848
0.00649651
0.00633451
0.00617363
0.00601268
0.00585287
0.00569295
0.00553417
0.00537526
0.00521748
0.00505953
0.00490271
0.00474569
0.00458982
0.00443371
0.00427875
0.00412355
0.00396952
0.00381524
0.00366213
0.0035088
0.0033566
0.00320423
0.00305293
0.00290151
0.00275107
0.00260051
0.00245086
0.00230105
0.00215206
0.00200283
0.00185435
0.00170547
0.00155735
0.00140858
0.00126067
0.00111181
0.000963958
0.000814883
0.000666983
0.000517692
0.000369682
0.000220409
7.30333e-05
0.0521248
0.0519756
0.0518497
0.0517231
0.0515813
0.0513618
0.0511366
0.0508539
0.0505697
0.0502376
0.0498992
0.04953
0.0491452
0.0487481
0.0483236
0.0479045
0.0474474
0.0470091
0.0465265
0.0460692
0.0455682
0.0450908
0.0445784
0.0440793
0.0435618
0.0430395
0.0425225
0.0419763
0.0414644
0.0408947
0.0403913
0.0397999
0.0393077
0.038698
0.0382182
0.0375954
0.0371279
0.036499
0.0360424
0.0354155
0.0349677
0.0343514
0.0339102
0.0333129
0.0328773
0.0323058
0.0318763
0.0313351
0.030914
0.0304048
0.0299952
0.0295174
0.0291229
0.0286745
0.0282983
0.0278768
0.0275208
0.0271242
0.0267884
0.0264153
0.0260984
0.0257476
0.0254474
0.025118
0.0248325
0.0245233
0.0242507
0.0239599
0.0236986
0.0234238
0.0231722
0.0229107
0.0226672
0.0224167
0.02218
0.0219387
0.0217081
0.0214747
0.0212494
0.0210229
0.0208021
0.0205811
0.020364
0.0201472
0.0199331
0.0197194
0.0195079
0.0192971
0.019088
0.0188797
0.0186729
0.0184669
0.0182623
0.0180584
0.0178555
0.0176535
0.0174523
0.0172519
0.0170523
0.0168537
0.0166558
0.0164588
0.0162625
0.0160672
0.0158725
0.0156788
0.0154856
0.0152934
0.0151018
0.0149111
0.014721
0.0145317
0.0143431
0.0141553
0.0139682
0.0137818
0.013596
0.0134111
0.0132266
0.013043
0.0128598
0.0126775
0.0124956
0.0123146
0.012134
0.0119542
0.0117748
0.0115962
0.011418
0.0112406
0.0110635
0.0108873
0.0107114
0.0105364
0.0103616
0.0101877
0.010014
0.0098412
0.00966865
0.00949695
0.00932548
0.00915491
0.0089845
0.00881502
0.00864567
0.00847726
0.00830897
0.0081416
0.00797436
0.00780803
0.00764184
0.00747656
0.00731141
0.00714722
0.00698312
0.00682004
0.00665699
0.00649502
0.00633303
0.00617216
0.00601123
0.00585143
0.00569153
0.00553277
0.00537388
0.00521611
0.00505819
0.00490138
0.00474438
0.00458851
0.00443241
0.00427746
0.00412227
0.00396823
0.00381396
0.00366085
0.00350753
0.00335536
0.00320301
0.00305175
0.00290036
0.00274998
0.00259949
0.00244991
0.0023002
0.00215129
0.00200216
0.00185378
0.00170501
0.00155698
0.00140831
0.00126046
0.00111167
0.000963865
0.00081482
0.000666934
0.000517638
0.000369624
0.000220345
7.30073e-05
0.0522385
0.052096
0.0519643
0.0518222
0.0516794
0.0514504
0.0512232
0.0509296
0.0506426
0.0503015
0.0499597
0.0495837
0.0491946
0.0487934
0.0483636
0.0479431
0.0474796
0.0470422
0.0465523
0.0460977
0.0455888
0.0451152
0.0445947
0.0440998
0.0435745
0.0430561
0.0425322
0.041989
0.0414712
0.0409032
0.0403955
0.039804
0.0393091
0.0386974
0.0382165
0.03759
0.0371228
0.0364889
0.0360335
0.0354009
0.0349545
0.0343327
0.0338926
0.0332908
0.0328551
0.032281
0.0318501
0.0313084
0.0308847
0.0303767
0.029964
0.0294885
0.0290909
0.028645
0.0282664
0.0278472
0.0274899
0.0270952
0.0267593
0.0263876
0.0260714
0.0257217
0.0254226
0.0250942
0.0248099
0.0245018
0.0242303
0.0239408
0.0236806
0.0234072
0.0231566
0.0228965
0.022654
0.0224045
0.0221687
0.0219283
0.0216984
0.0214658
0.0212412
0.0210154
0.0207952
0.0205749
0.0203583
0.0201419
0.0199281
0.0197149
0.0195036
0.019293
0.0190842
0.018876
0.0186695
0.0184636
0.0182592
0.0180553
0.0178526
0.0176506
0.0174495
0.0172492
0.0170496
0.016851
0.0166531
0.0164562
0.0162599
0.0160647
0.01587
0.0156763
0.0154832
0.015291
0.0150994
0.0149087
0.0147186
0.0145294
0.0143408
0.0141531
0.013966
0.0137796
0.0135939
0.0134089
0.0132245
0.0130409
0.0128578
0.0126755
0.0124936
0.0123126
0.012132
0.0119523
0.0117729
0.0115943
0.0114161
0.0112387
0.0110617
0.0108855
0.0107096
0.0105345
0.0103598
0.0101859
0.0100123
0.00983944
0.00966692
0.00949523
0.00932377
0.00915322
0.00898282
0.00881336
0.00864401
0.00847562
0.00830733
0.00813996
0.00797273
0.00780639
0.00764021
0.00747492
0.00730978
0.00714558
0.00698149
0.00681839
0.00665537
0.00649339
0.00633142
0.00617056
0.00600964
0.00584987
0.00568999
0.00553125
0.00537238
0.00521463
0.00505673
0.00489993
0.00474295
0.00458709
0.00443101
0.00427605
0.00412086
0.00396683
0.00381256
0.00365946
0.00350615
0.00335398
0.00320166
0.00305044
0.0028991
0.00274878
0.00259836
0.00244887
0.00229925
0.00215045
0.00200144
0.00185317
0.00170452
0.00155659
0.00140803
0.00126026
0.00111155
0.000963787
0.000814778
0.000666902
0.000517608
0.000369586
0.000220345
7.30504e-05
0.0523655
0.0522237
0.0520886
0.0519312
0.0517869
0.051547
0.0513177
0.051012
0.0507221
0.0503708
0.0500254
0.049642
0.0492481
0.0488426
0.0484067
0.0479849
0.0475141
0.0470781
0.0465798
0.0461286
0.0456107
0.0451417
0.044612
0.044122
0.0435879
0.0430742
0.0425423
0.0420027
0.0414784
0.0409124
0.0403998
0.0398084
0.0393104
0.0386967
0.0382147
0.0375841
0.0371176
0.0364778
0.0360243
0.035385
0.0349408
0.0343125
0.0338738
0.0332668
0.0328312
0.0322539
0.0318215
0.031279
0.0308524
0.0303458
0.0299294
0.0294565
0.0290553
0.0286124
0.028231
0.0278146
0.0274558
0.0270632
0.0267273
0.0263571
0.0260418
0.0256933
0.0253956
0.0250682
0.0247853
0.0244783
0.0242081
0.02392
0.0236611
0.0233892
0.0231398
0.0228811
0.0226396
0.0223914
0.0221565
0.021917
0.0216879
0.0214562
0.0212323
0.0210074
0.0207878
0.0205682
0.020352
0.0201363
0.0199228
0.01971
0.019499
0.0192886
0.01908
0.0188721
0.0186658
0.0184601
0.0182558
0.0180521
0.0178495
0.0176475
0.0174465
0.0172462
0.0170467
0.0168481
0.0166502
0.0164534
0.0162571
0.0160619
0.0158673
0.0156736
0.0154805
0.0152883
0.0150967
0.0149061
0.014716
0.0145268
0.0143383
0.0141506
0.0139635
0.0137772
0.0135915
0.0134065
0.0132222
0.0130386
0.0128555
0.0126732
0.0124914
0.0123105
0.0121298
0.0119502
0.0117707
0.0115922
0.011414
0.0112367
0.0110597
0.0108834
0.0107076
0.0105325
0.0103579
0.0101839
0.0100103
0.00983751
0.00966501
0.00949333
0.00932189
0.00915135
0.00898096
0.00881152
0.00864218
0.0084738
0.00830551
0.00813816
0.00797092
0.00780458
0.00763841
0.00747311
0.00730799
0.00714376
0.0069797
0.00681658
0.00665358
0.00649159
0.00632965
0.00616879
0.0060079
0.00584814
0.00568828
0.00552957
0.00537072
0.005213
0.00505512
0.00489834
0.00474138
0.00458552
0.00442946
0.0042745
0.00411932
0.00396528
0.00381102
0.00365791
0.00350462
0.00335247
0.00320017
0.00304899
0.0028977
0.00274745
0.00259711
0.00244771
0.00229821
0.00214952
0.00200064
0.00185249
0.00170398
0.00155616
0.00140772
0.00126004
0.00111142
0.00096371
0.000814743
0.00066688
0.000517588
0.00036956
0.000220352
7.30975e-05
0.0525046
0.05236
0.0522231
0.0520501
0.0519041
0.0516516
0.0514202
0.051101
0.0508079
0.0504454
0.0500961
0.0497045
0.0493055
0.0488953
0.0484529
0.0480298
0.047551
0.0471168
0.0466092
0.0461621
0.045634
0.0451705
0.0446303
0.0441463
0.0436023
0.0430941
0.0425532
0.042018
0.0414862
0.0409227
0.0404046
0.0398134
0.0393121
0.0386959
0.038213
0.0375774
0.037112
0.0364653
0.0360144
0.0353671
0.0349259
0.0342898
0.0338533
0.0332401
0.0328051
0.0322241
0.0317903
0.0312471
0.0308173
0.0303125
0.0298918
0.0294222
0.0290166
0.0285773
0.0281926
0.0277792
0.0274188
0.0270284
0.0266926
0.0263239
0.0260099
0.0256624
0.0253664
0.0250399
0.0247586
0.0244528
0.024184
0.0238974
0.0236398
0.0233697
0.0231216
0.0228645
0.0226241
0.0223772
0.0221433
0.0219049
0.0216766
0.0214459
0.0212227
0.0209987
0.0207798
0.020561
0.0203453
0.0201302
0.0199171
0.0197047
0.019494
0.0192839
0.0190756
0.0188678
0.0186618
0.0184563
0.0182522
0.0180486
0.0178461
0.0176442
0.0174432
0.0172429
0.0170435
0.016845
0.0166472
0.0164503
0.0162541
0.0160589
0.0158644
0.0156707
0.0154776
0.0152855
0.0150939
0.0149033
0.0147132
0.0145241
0.0143356
0.0141479
0.0139609
0.0137746
0.0135889
0.013404
0.0132197
0.0130361
0.012853
0.0126708
0.012489
0.0123081
0.0121275
0.0119479
0.0117685
0.01159
0.0114118
0.0112345
0.0110575
0.0108813
0.0107055
0.0105304
0.0103558
0.0101818
0.0100083
0.00983543
0.00966298
0.00949131
0.00931988
0.00914937
0.00897897
0.00880957
0.00864021
0.00847187
0.00830357
0.00813623
0.007969
0.00780265
0.00763649
0.00747116
0.00730607
0.00714181
0.00697778
0.00681463
0.00665166
0.00648966
0.00632774
0.00616689
0.00600602
0.00584628
0.00568645
0.00552777
0.00536895
0.00521125
0.0050534
0.00489664
0.00473971
0.00458384
0.0044278
0.00427283
0.00411767
0.00396361
0.00380936
0.00365625
0.00350296
0.00335083
0.00319856
0.00304742
0.00289618
0.002746
0.00259576
0.00244646
0.00229708
0.00214851
0.00199979
0.00185176
0.00170342
0.00155572
0.00140742
0.00125984
0.00111132
0.000963665
0.00081474
0.000666889
0.000517586
0.000369548
0.000220317
7.30991e-05
0.0526547
0.0525066
0.0523682
0.0521789
0.052031
0.0517643
0.0515306
0.0511966
0.0509001
0.0505252
0.0501719
0.0497712
0.0493668
0.0489515
0.0485019
0.0480778
0.04759
0.0471582
0.0466401
0.0461979
0.0456584
0.0452013
0.0446495
0.0441724
0.0436171
0.0431153
0.0425644
0.0420344
0.0414942
0.0409338
0.0404095
0.0398187
0.0393139
0.038695
0.0382113
0.0375701
0.0371064
0.0364517
0.0360042
0.0353477
0.0349104
0.0342652
0.0338319
0.0332112
0.0327773
0.0321919
0.0317567
0.0312125
0.0307791
0.0302764
0.0298507
0.0293849
0.0289743
0.0285392
0.0281506
0.0277407
0.0273784
0.0269906
0.0266549
0.0262879
0.0259754
0.025629
0.0253349
0.0250094
0.0247299
0.0244253
0.0241581
0.0238732
0.023617
0.0233488
0.023102
0.0228467
0.0226076
0.0223621
0.0221292
0.0218919
0.0216645
0.0214348
0.0212125
0.0209895
0.0207713
0.0205534
0.0203382
0.0201238
0.019911
0.0196991
0.0194886
0.0192788
0.0190708
0.0188633
0.0186575
0.0184522
0.0182483
0.0180448
0.0178424
0.0176406
0.0174396
0.0172394
0.01704
0.0168415
0.0166438
0.016447
0.0162509
0.0160557
0.0158612
0.0156675
0.0154745
0.0152823
0.0150908
0.0149002
0.0147102
0.0145211
0.0143327
0.014145
0.013958
0.0137717
0.0135861
0.0134012
0.0132169
0.0130334
0.0128504
0.0126682
0.0124864
0.0123056
0.012125
0.0119454
0.011766
0.0115875
0.0114094
0.011232
0.0110551
0.0108789
0.0107032
0.010528
0.0103535
0.0101795
0.010006
0.00983317
0.00966075
0.00948909
0.00931768
0.0091472
0.00897679
0.00880744
0.00863807
0.00846976
0.00830144
0.00813412
0.00796689
0.00780053
0.0076344
0.00746904
0.00730398
0.00713968
0.00697568
0.0068125
0.00664956
0.00648755
0.00632566
0.00616481
0.00600397
0.00584426
0.00568446
0.0055258
0.00536702
0.00520934
0.00505153
0.00489478
0.00473788
0.00458202
0.004426
0.00427102
0.00411587
0.0039618
0.00380755
0.00365443
0.00350115
0.00334904
0.00319679
0.0030457
0.00289451
0.00274441
0.00259426
0.00244507
0.00229583
0.0021474
0.00199884
0.00185096
0.00170279
0.00155523
0.0014071
0.00125963
0.00111121
0.000963626
0.000814747
0.000666914
0.00051759
0.000369538
0.000220235
7.30501e-05
0.0528163
0.0526647
0.0525244
0.0523175
0.0521679
0.051885
0.051649
0.0512984
0.0509986
0.0506098
0.0502523
0.0498419
0.0494317
0.049011
0.0485536
0.0481287
0.0476311
0.0472023
0.0466726
0.0462363
0.045684
0.0452345
0.0446696
0.0442006
0.0436328
0.0431386
0.0425764
0.0420524
0.0415029
0.0409461
0.0404151
0.0398248
0.0393161
0.0386942
0.0382098
0.037562
0.0371006
0.0364365
0.0359935
0.0353258
0.0348938
0.0342377
0.0338086
0.0331792
0.0327472
0.0321567
0.0317202
0.0311753
0.0307378
0.0302379
0.0298064
0.0293454
0.0289288
0.0284986
0.0281054
0.0276995
0.0273351
0.0269499
0.0266146
0.026249
0.0259386
0.0255929
0.0253013
0.0249764
0.024699
0.0243956
0.0241302
0.0238471
0.0235925
0.0233264
0.0230811
0.0228278
0.02259
0.022346
0.0221142
0.021878
0.0216517
0.0214231
0.0212016
0.0209797
0.0207622
0.0205454
0.0203307
0.0201171
0.0199046
0.0196931
0.0194829
0.0192735
0.0190658
0.0188585
0.0186531
0.0184478
0.0182442
0.0180408
0.0178386
0.0176368
0.0174359
0.0172357
0.0170364
0.0168379
0.0166402
0.0164435
0.0162474
0.0160523
0.0158578
0.0156642
0.0154712
0.0152791
0.0150876
0.014897
0.014707
0.0145179
0.0143296
0.0141419
0.013955
0.0137687
0.0135832
0.0133983
0.013214
0.0130305
0.0128476
0.0126654
0.0124837
0.0123029
0.0121223
0.0119428
0.0117634
0.011585
0.0114069
0.0112295
0.0110526
0.0108764
0.0107007
0.0105256
0.0103511
0.010177
0.0100037
0.00983078
0.00965841
0.00948676
0.00931536
0.00914492
0.0089745
0.0088052
0.0086358
0.00846754
0.00829921
0.00813191
0.00796468
0.00779831
0.0076322
0.00746679
0.00730178
0.00713742
0.00697347
0.00681024
0.00664735
0.00648531
0.00632346
0.00616261
0.00600181
0.00584211
0.00568235
0.00552373
0.00536498
0.00520734
0.00504956
0.00489283
0.00473596
0.0045801
0.0044241
0.00426911
0.00411396
0.00395987
0.00380563
0.0036525
0.00349923
0.00334712
0.0031949
0.00304385
0.00289272
0.00274271
0.00259266
0.00244359
0.0022945
0.00214622
0.00199785
0.00185013
0.00170216
0.00155475
0.0014068
0.00125945
0.00111116
0.000963639
0.000814807
0.000666987
0.000517627
0.000369548
0.000220157
7.30041e-05
0.0529916
0.0528344
0.0526917
0.052466
0.0523148
0.052014
0.0517755
0.0514068
0.0511033
0.0506995
0.0503375
0.0499164
0.0495
0.0490738
0.0486079
0.0481824
0.047674
0.0472489
0.0467064
0.046277
0.0457106
0.0452697
0.0446904
0.0442306
0.0436489
0.0431633
0.0425886
0.0420716
0.0415118
0.0409593
0.0404208
0.0398312
0.0393184
0.0386933
0.0382084
0.0375533
0.0370951
0.03642
0.0359828
0.0353023
0.034877
0.0342081
0.0337845
0.0331447
0.0327152
0.0321188
0.0316811
0.0311353
0.0306931
0.0301966
0.0297583
0.029303
0.0288793
0.0284549
0.0280563
0.027655
0.0272882
0.026906
0.0265713
0.0262073
0.0258993
0.0255543
0.0252655
0.0249413
0.0246663
0.024364
0.0241005
0.0238193
0.0235664
0.0233027
0.023059
0.0228078
0.0225713
0.0223289
0.0220982
0.0218633
0.021638
0.0214105
0.02119
0.0209694
0.0207527
0.0205369
0.0203228
0.0201099
0.0198978
0.0196868
0.0194769
0.0192678
0.0190604
0.0188533
0.0186483
0.0184432
0.0182399
0.0180366
0.0178345
0.0176327
0.0174319
0.0172317
0.0170324
0.016834
0.0166364
0.0164397
0.0162437
0.0160486
0.0158541
0.0156606
0.0154676
0.0152755
0.015084
0.0148934
0.0147036
0.0145145
0.0143262
0.0141385
0.0139517
0.0137654
0.01358
0.0133951
0.0132109
0.0130274
0.0128445
0.0126624
0.0124807
0.0123
0.0121194
0.0119399
0.0117606
0.0115822
0.0114041
0.0112267
0.0110499
0.0108736
0.0106981
0.0105228
0.0103485
0.0101744
0.0100011
0.00982818
0.00965585
0.00948422
0.00931282
0.00914244
0.008972
0.00880277
0.00863333
0.00846513
0.00829678
0.0081295
0.00796227
0.00779588
0.0076298
0.00746434
0.00729939
0.00713496
0.00697108
0.00680779
0.00664495
0.00648287
0.00632107
0.00616022
0.00599945
0.00583978
0.00568005
0.00552147
0.00536276
0.00520516
0.00504742
0.00489071
0.00473388
0.00457802
0.00442205
0.00426703
0.0041119
0.00395779
0.00380354
0.0036504
0.00349713
0.00334503
0.00319283
0.00304183
0.00289076
0.00274084
0.0025909
0.00244196
0.00229304
0.00214492
0.00199676
0.00184921
0.00170147
0.00155423
0.00140648
0.00125925
0.00111111
0.000963666
0.000814886
0.000667079
0.000517681
0.000369567
0.000220097
7.2979e-05
0.0531821
0.0530161
0.0528705
0.0526247
0.0524719
0.0521511
0.05191
0.0515211
0.051214
0.0507936
0.0504271
0.0499945
0.0495717
0.0491394
0.0486646
0.0482387
0.0477187
0.0472981
0.0467416
0.0463201
0.0457381
0.0453073
0.0447119
0.0442628
0.0436657
0.04319
0.0426016
0.0420925
0.0415213
0.0409739
0.0404271
0.0398386
0.0393213
0.0386925
0.0382075
0.0375438
0.0370896
0.0364018
0.0359719
0.035276
0.0348592
0.034175
0.0337587
0.0331066
0.0326808
0.0320775
0.0316389
0.0310925
0.030645
0.0301532
0.0297066
0.0292586
0.0288262
0.028409
0.0280038
0.0276079
0.0272382
0.0268591
0.0265254
0.0261625
0.0258577
0.0255129
0.0252276
0.0249036
0.0246313
0.0243302
0.0240687
0.0237898
0.0235386
0.0232776
0.0230355
0.0227867
0.0225517
0.0223109
0.0220815
0.0218478
0.0216236
0.0213973
0.0211779
0.0209586
0.0207427
0.0205282
0.0203145
0.0201026
0.0198907
0.0196802
0.0194706
0.0192618
0.0190548
0.018848
0.0186434
0.0184385
0.0182354
0.0180322
0.0178302
0.0176284
0.0174276
0.0172276
0.0170283
0.01683
0.0166324
0.0164358
0.0162399
0.0160448
0.0158504
0.0156568
0.0154638
0.0152718
0.0150803
0.0148898
0.0147
0.0145109
0.0143227
0.0141351
0.0139483
0.013762
0.0135766
0.0133917
0.0132077
0.0130242
0.0128413
0.0126593
0.0124777
0.012297
0.0121165
0.011937
0.0117577
0.0115793
0.0114012
0.0112239
0.0110471
0.0108708
0.0106954
0.01052
0.0103458
0.0101716
0.00999842
0.00982548
0.00965321
0.0094816
0.0093102
0.00913989
0.0089694
0.00880027
0.00863078
0.00846265
0.00829426
0.008127
0.00795978
0.00779336
0.00762733
0.00746179
0.00729691
0.00713239
0.00696858
0.00680521
0.00664244
0.00648032
0.00631856
0.00615772
0.00599698
0.00583736
0.00567765
0.00551913
0.00536045
0.0052029
0.0050452
0.00488852
0.00473172
0.00457586
0.00441991
0.00426488
0.00410976
0.00395561
0.00380136
0.00364819
0.00349492
0.00334282
0.00319064
0.00303968
0.00288868
0.00273885
0.00258904
0.00244023
0.0022915
0.00214354
0.00199563
0.00184827
0.00170078
0.00155372
0.0014062
0.00125912
0.00111113
0.000963772
0.000815045
0.000667243
0.00051779
0.000369624
0.000220066
7.29769e-05
0.0533884
0.0532106
0.0530614
0.0527937
0.0526393
0.0522965
0.0520525
0.0516415
0.0513307
0.0508922
0.0505213
0.050076
0.0496466
0.049208
0.0487236
0.0482976
0.047765
0.0473495
0.0467778
0.0463653
0.0457663
0.0453468
0.0447338
0.0442967
0.0436826
0.0432182
0.0426145
0.0421147
0.0415309
0.0409895
0.0404334
0.0398465
0.0393243
0.0386917
0.0382068
0.0375335
0.0370846
0.0363821
0.0359613
0.0352477
0.0348415
0.0341395
0.0337322
0.0330657
0.0326447
0.0320333
0.0315938
0.0310469
0.0305931
0.030107
0.0296506
0.0292114
0.0287686
0.0283599
0.0279469
0.0275572
0.0271844
0.0268087
0.0264764
0.0261147
0.0258138
0.0254689
0.0251878
0.0248636
0.0245945
0.0242943
0.024035
0.0237585
0.0235092
0.0232513
0.0230108
0.0227647
0.022531
0.022292
0.0220638
0.0218313
0.0216084
0.0213834
0.0211651
0.0209473
0.0207322
0.0205191
0.0203058
0.0200948
0.0198831
0.0196732
0.0194639
0.0192554
0.0190489
0.0188423
0.0186382
0.0184334
0.0182307
0.0180274
0.0178256
0.0176238
0.0174231
0.0172231
0.0170238
0.0168256
0.0166281
0.0164316
0.0162357
0.0160407
0.0158462
0.0156527
0.0154597
0.0152677
0.0150763
0.0148858
0.014696
0.014507
0.0143189
0.0141312
0.0139446
0.0137583
0.013573
0.0133881
0.0132041
0.0130207
0.0128379
0.0126559
0.0124743
0.0122937
0.0121132
0.0119338
0.0117544
0.0115761
0.0113981
0.0112207
0.0110441
0.0108677
0.0106924
0.010517
0.0103429
0.0101686
0.00999551
0.00982254
0.00965032
0.00947874
0.00930733
0.00913711
0.00896656
0.00879755
0.00862798
0.00845995
0.0082915
0.00812429
0.00795707
0.00779062
0.00762464
0.00745902
0.00729422
0.00712959
0.00696588
0.00680242
0.00663973
0.00647755
0.00631585
0.00615501
0.00599431
0.00583472
0.00567505
0.00551659
0.00535794
0.00520045
0.00504279
0.00488614
0.00472939
0.00457353
0.00441762
0.00426255
0.00410744
0.00395325
0.003799
0.00364579
0.00349252
0.00334042
0.00318826
0.00303734
0.00288641
0.00273667
0.00258699
0.00243834
0.0022898
0.00214204
0.00199438
0.00184723
0.00170002
0.00155316
0.0014059
0.00125898
0.00111117
0.000963901
0.000815232
0.000667439
0.000517921
0.000369693
0.000220019
7.29593e-05
0.0536106
0.0534189
0.0532654
0.0529734
0.0528173
0.05245
0.052203
0.0517675
0.0514532
0.0509947
0.0506195
0.0501606
0.0497245
0.049279
0.0487847
0.0483588
0.0478128
0.0474033
0.046815
0.0464128
0.0457952
0.0453885
0.0447562
0.0443327
0.0437
0.0432484
0.0426278
0.0421388
0.0415409
0.0410066
0.0404403
0.0398555
0.0393279
0.0386912
0.0382068
0.0375226
0.03708
0.0363605
0.0359509
0.0352163
0.0348233
0.0341
0.0337043
0.0330205
0.032606
0.0319852
0.0315452
0.0309983
0.0305372
0.0300588
0.0295905
0.0291626
0.028707
0.0283089
0.0278862
0.0275037
0.0271272
0.026755
0.0264248
0.0260636
0.0257679
0.025422
0.0251459
0.024821
0.0245554
0.0242562
0.0239991
0.0237256
0.023478
0.0232238
0.022985
0.0227418
0.0225096
0.0222723
0.0220455
0.0218141
0.0215925
0.0213689
0.0211518
0.0209356
0.0207214
0.0205098
0.0202969
0.020087
0.0198754
0.019666
0.019457
0.0192488
0.0190429
0.0188365
0.018633
0.0184283
0.0182259
0.0180227
0.0178209
0.0176192
0.0174184
0.0172185
0.0170193
0.0168212
0.0166237
0.0164273
0.0162314
0.0160365
0.015842
0.0156485
0.0154555
0.0152636
0.0150722
0.0148818
0.0146921
0.0145031
0.014315
0.0141274
0.0139408
0.0137545
0.0135693
0.0133844
0.0132005
0.0130171
0.0128344
0.0126525
0.0124709
0.0122904
0.0121098
0.0119305
0.0117512
0.0115729
0.0113949
0.0112175
0.011041
0.0108645
0.0106894
0.0105138
0.0103399
0.0101655
0.00999256
0.00981953
0.00964738
0.00947584
0.0093044
0.00913431
0.00896366
0.0087948
0.00862512
0.00845722
0.00828869
0.00812153
0.00795431
0.0077878
0.0076219
0.00745615
0.00729148
0.00712669
0.00696311
0.00679952
0.00663693
0.00647469
0.00631305
0.00615221
0.00599154
0.00583201
0.00567236
0.00551398
0.00535537
0.00519794
0.00504033
0.00488371
0.00472701
0.00457114
0.00441526
0.00426015
0.00410506
0.0039508
0.00379656
0.00364329
0.00349002
0.0033379
0.00318576
0.00303487
0.00288401
0.00273437
0.00258484
0.00243633
0.00228803
0.00214046
0.0019931
0.00184617
0.00169929
0.00155264
0.00140567
0.00125893
0.00111132
0.000964145
0.000815535
0.000667742
0.00051813
0.000369819
0.000219969
7.29252e-05
0.0538493
0.0536422
0.053483
0.053164
0.0530059
0.0526117
0.0523614
0.0518991
0.0515813
0.0511011
0.0507218
0.0502481
0.0498052
0.0493525
0.0488478
0.0484222
0.0478619
0.0474592
0.046853
0.0464624
0.0458245
0.0454321
0.0447787
0.0443704
0.0437172
0.0432801
0.0426409
0.0421641
0.0415506
0.0410248
0.040447
0.0398651
0.0393316
0.0386908
0.038207
0.0375109
0.0370761
0.0363374
0.0359413
0.0351826
0.0348058
0.0340576
0.0336761
0.0329721
0.0325657
0.0319339
0.0314935
0.0309467
0.0304771
0.030008
0.0295255
0.0291111
0.02864
0.0282545
0.0278203
0.0274464
0.0270657
0.0266974
0.02637
0.0260091
0.0257198
0.0253722
0.0251022
0.0247758
0.0245143
0.0242158
0.0239612
0.0236909
0.0234451
0.0231951
0.0229578
0.0227179
0.0224871
0.0222515
0.0220261
0.0217958
0.0215757
0.0213534
0.0211379
0.0209235
0.0207101
0.0205002
0.0202875
0.0200787
0.0198671
0.0196583
0.0194496
0.0192417
0.0190365
0.0188303
0.0186274
0.0184228
0.0182207
0.0180174
0.0178157
0.017614
0.0174132
0.0172134
0.0170142
0.0168163
0.0166189
0.0164226
0.0162267
0.0160318
0.0158373
0.0156439
0.0154509
0.015259
0.0150676
0.0148773
0.0146877
0.0144987
0.0143107
0.0141231
0.0139366
0.0137503
0.0135652
0.0133803
0.0131965
0.0130132
0.0128305
0.0126487
0.0124671
0.0122867
0.0121061
0.011927
0.0117476
0.0115694
0.0113914
0.011214
0.0110376
0.010861
0.010686
0.0105103
0.0103366
0.0101621
0.00998932
0.00981623
0.00964414
0.00947265
0.00930118
0.00913123
0.00896046
0.0087918
0.00862197
0.00845422
0.00828561
0.00811851
0.00795129
0.00778473
0.00761892
0.00745303
0.00728851
0.00712354
0.00696011
0.00679637
0.00663389
0.00647157
0.00631
0.00614917
0.00598852
0.00582907
0.00566944
0.00551116
0.00535257
0.00519523
0.00503766
0.00488109
0.00472444
0.00456856
0.00441273
0.00425756
0.0041025
0.00394816
0.00379392
0.00364059
0.00348731
0.00333515
0.00318304
0.00303218
0.0028814
0.00273185
0.00258248
0.00243413
0.00228608
0.00213872
0.00199168
0.001845
0.00169847
0.00155206
0.00140542
0.00125887
0.00111149
0.000964425
0.000815881
0.000668093
0.00051837
0.000369965
0.000219882
7.28511e-05
0.0541051
0.0538814
0.0537152
0.0533661
0.0532053
0.0527815
0.0525276
0.0520357
0.0517146
0.0512109
0.0508278
0.050338
0.0498885
0.049428
0.0489126
0.0484877
0.0479122
0.0475173
0.0468919
0.0465142
0.0458544
0.0454781
0.0448017
0.0444104
0.0437348
0.043314
0.0426544
0.0421916
0.0415607
0.0410448
0.0404541
0.0398762
0.0393357
0.0386908
0.0382077
0.0374984
0.0370727
0.0363119
0.0359322
0.0351451
0.0347883
0.0340106
0.0336471
0.0329189
0.0325231
0.0318784
0.0314382
0.0308925
0.0304125
0.0299559
0.0294559
0.0290588
0.0285686
0.0281986
0.0277502
0.0273862
0.0270007
0.0266362
0.0263129
0.0259511
0.0256702
0.0253193
0.0250568
0.024728
0.024471
0.0241733
0.023921
0.0236548
0.0234105
0.0231656
0.0229298
0.0226935
0.0224641
0.0222302
0.0220063
0.0217769
0.0215585
0.0213376
0.0211236
0.0209113
0.0206987
0.0204908
0.020278
0.0200705
0.0198587
0.0196506
0.0194422
0.0192346
0.0190302
0.0188241
0.018622
0.0184174
0.0182157
0.0180124
0.0178107
0.017609
0.0174081
0.0172084
0.0170093
0.0168115
0.0166142
0.016418
0.0162221
0.0160273
0.0158327
0.0156393
0.0154463
0.0152545
0.0150632
0.0148729
0.0146833
0.0144945
0.0143065
0.0141189
0.0139325
0.0137461
0.0135612
0.0133762
0.0131926
0.0130093
0.0128267
0.012645
0.0124634
0.0122831
0.0121025
0.0119235
0.011744
0.0115659
0.0113879
0.0112105
0.0110342
0.0108575
0.0106828
0.0105069
0.0103334
0.0101587
0.0099861
0.00981292
0.00964091
0.00946949
0.00929794
0.0091282
0.00895725
0.00878883
0.00861881
0.00845126
0.00828252
0.00811549
0.00794827
0.00778162
0.00761595
0.00744985
0.00728552
0.00712031
0.00695708
0.00679314
0.0066308
0.00646839
0.00630688
0.00614607
0.00598544
0.00582609
0.00566644
0.0055083
0.00534972
0.00519249
0.00503496
0.00487844
0.00472185
0.00456595
0.00441018
0.00425493
0.00409991
0.00394546
0.00379122
0.00363779
0.00348451
0.0033323
0.00318021
0.00302935
0.00287866
0.0027292
0.00258001
0.00243182
0.00228405
0.00213691
0.00199024
0.00184381
0.0016977
0.00155155
0.00140528
0.00125894
0.00111181
0.000964866
0.000816391
0.000668598
0.000518733
0.000370208
0.000219834
7.27929e-05
0.0543795
0.0541376
0.0539626
0.0535799
0.0534158
0.0529594
0.0527013
0.0521774
0.051853
0.0513238
0.0509372
0.0504302
0.0499741
0.0495054
0.048979
0.048555
0.0479634
0.0475773
0.0469312
0.046568
0.0458845
0.045526
0.0448246
0.0444524
0.0437522
0.0433498
0.0426676
0.0422208
0.0415705
0.0410663
0.0404608
0.039888
0.0393395
0.0386908
0.0382086
0.0374848
0.0370699
0.0362843
0.0359241
0.0351047
0.0347718
0.03396
0.0336184
0.0328619
0.0324793
0.0318195
0.0313797
0.0308353
0.0303432
0.0299014
0.0293803
0.029004
0.0284906
0.0281393
0.0276738
0.0273217
0.0269306
0.0265705
0.0262526
0.0258892
0.0256186
0.0252632
0.0250098
0.0246774
0.0244255
0.0241283
0.0238785
0.0236168
0.023374
0.0231349
0.0229003
0.0226681
0.0224399
0.0222076
0.0219852
0.0217565
0.0215402
0.0213208
0.0211086
0.0208984
0.0206867
0.0204808
0.0202679
0.0200617
0.0198496
0.0196421
0.0194341
0.0192268
0.0190233
0.0188173
0.0186161
0.0184114
0.0182101
0.0180066
0.0178049
0.0176032
0.0174023
0.0172027
0.0170036
0.0168061
0.0166088
0.0164127
0.0162169
0.0160221
0.0158275
0.0156341
0.0154411
0.0152493
0.0150581
0.0148679
0.0146784
0.0144896
0.0143018
0.0141141
0.0139278
0.0137414
0.0135566
0.0133716
0.0131882
0.0130049
0.0128224
0.0126408
0.0124592
0.0122791
0.0120983
0.0119195
0.01174
0.011562
0.011384
0.0112066
0.0110305
0.0108536
0.0106791
0.010503
0.0103298
0.0101549
0.00998253
0.00980924
0.00963733
0.00946598
0.00929435
0.00912485
0.00895367
0.00878557
0.00861529
0.008448
0.0082791
0.00811216
0.00794495
0.00777821
0.00761269
0.00744635
0.00728228
0.00711677
0.00695379
0.00678961
0.00662744
0.00646492
0.00630348
0.0061427
0.00598206
0.00582284
0.00566317
0.00550519
0.00534661
0.00518952
0.00503203
0.00487557
0.00471906
0.00456313
0.00440744
0.00425208
0.00409711
0.00394253
0.00378831
0.00363475
0.00348148
0.00332919
0.00317712
0.00302627
0.00287567
0.00272629
0.00257729
0.00242928
0.00228181
0.00213491
0.00198865
0.0018425
0.00169684
0.00155097
0.00140512
0.00125902
0.00111217
0.000965363
0.000816968
0.000669172
0.000519152
0.000370496
0.000219813
7.27613e-05
0.0546736
0.0544121
0.054226
0.0538059
0.0536375
0.0531452
0.0528823
0.0523233
0.0519958
0.0514392
0.0510497
0.0505241
0.0500617
0.0495842
0.0490467
0.0486238
0.0480156
0.047639
0.0469711
0.0466239
0.0459149
0.0455762
0.0448478
0.0444967
0.0437699
0.0433881
0.0426811
0.0422524
0.0415805
0.0410902
0.0404678
0.0399019
0.0393436
0.0386919
0.0382097
0.0374706
0.0370676
0.0362539
0.0359167
0.0350596
0.0347561
0.0339038
0.0335896
0.0327994
0.0324338
0.0317562
0.0313177
0.0307758
0.030269
0.0298466
0.0292994
0.0289496
0.0284075
0.0280793
0.0275928
0.0272544
0.0268572
0.0265008
0.0261905
0.0258234
0.0255662
0.0252038
0.0249615
0.024624
0.024378
0.0240814
0.0238336
0.0235779
0.023336
0.0231042
0.0228704
0.0226426
0.0224156
0.0221846
0.0219642
0.0217357
0.0215219
0.0213038
0.0210936
0.020886
0.0206749
0.0204716
0.0202581
0.0200534
0.0198408
0.019634
0.0194263
0.0192192
0.019017
0.0188109
0.0186108
0.0184059
0.0182051
0.0180014
0.0177995
0.0175978
0.0173967
0.0171974
0.0169983
0.016801
0.0166039
0.0164079
0.016212
0.0160172
0.0158226
0.0156292
0.0154361
0.0152445
0.0150532
0.0148632
0.0146738
0.014485
0.0142973
0.0141095
0.0139234
0.0137368
0.0135523
0.0133672
0.013184
0.0130007
0.0128183
0.0126368
0.0124551
0.0122753
0.0120944
0.0119158
0.0117361
0.0115583
0.0113803
0.0112029
0.0110269
0.0108498
0.0106756
0.0104991
0.0103264
0.0101511
0.00997907
0.00980562
0.00963382
0.00946258
0.0092908
0.00912162
0.00895012
0.00878243
0.0086118
0.00844484
0.00827572
0.00810889
0.00794169
0.0077748
0.0076095
0.00744282
0.00727908
0.00711319
0.00695051
0.00678604
0.00662406
0.00646142
0.00630003
0.00613931
0.00597863
0.00581959
0.00565986
0.00550209
0.00534348
0.00518655
0.00502911
0.00487271
0.00471629
0.00456031
0.00440471
0.00424922
0.00409432
0.00393956
0.00378537
0.00363164
0.00347836
0.00332598
0.00317392
0.00302306
0.00287254
0.00272326
0.00257445
0.00242662
0.00227949
0.00213285
0.00198703
0.00184119
0.00169604
0.00155048
0.00140511
0.00125926
0.00111275
0.00096608
0.000817767
0.000669958
0.000519753
0.000370935
0.000219912
7.28157e-05
0.0549884
0.0547065
0.0545064
0.0540446
0.0538704
0.0533386
0.0530701
0.0524731
0.0521429
0.0515569
0.051165
0.0506196
0.0501512
0.0496644
0.0491155
0.0486942
0.0480683
0.0477025
0.0470112
0.0466817
0.0459453
0.0456285
0.0448708
0.0445432
0.0437872
0.0434283
0.0426939
0.042286
0.0415898
0.0411157
0.0404741
0.0399169
0.0393471
0.0386929
0.0382106
0.0374548
0.0370655
0.0362204
0.0359104
0.0350102
0.0347419
0.0338425
0.033562
0.032732
0.0323877
0.0316888
0.0312523
0.0307134
0.0301889
0.0297898
0.0292108
0.028893
0.0283158
0.0280156
0.0275038
0.0271821
0.0267778
0.0264258
0.0261252
0.0257528
0.0255124
0.0251404
0.0249117
0.0245671
0.0243278
0.0240315
0.0237858
0.0235371
0.0232955
0.0230721
0.0228385
0.0226159
0.0223897
0.0221598
0.0219415
0.0217131
0.0215021
0.0212854
0.0210776
0.0208728
0.0206622
0.0204616
0.0202471
0.0200442
0.0198306
0.0196246
0.0194174
0.0192105
0.0190097
0.0188034
0.0186048
0.0183994
0.0181991
0.0179951
0.0177931
0.0175914
0.0173901
0.0171911
0.016992
0.016795
0.016598
0.0164021
0.0162063
0.0160114
0.0158167
0.0156234
0.0154302
0.0152388
0.0150475
0.0148577
0.0146683
0.0144796
0.014292
0.0141042
0.0139183
0.0137315
0.0135473
0.0133621
0.0131791
0.0129958
0.0128135
0.0126322
0.0124505
0.0122709
0.0120898
0.0119115
0.0117316
0.011554
0.0113759
0.0111986
0.0110227
0.0108454
0.0106717
0.0104947
0.0103225
0.0101468
0.0099752
0.00980155
0.00962989
0.00945877
0.0092868
0.00911803
0.00894611
0.00877894
0.00860787
0.00844132
0.00827194
0.00810525
0.00793807
0.00777101
0.007606
0.00743892
0.00727559
0.00710923
0.00694695
0.00678211
0.00662037
0.00645759
0.00629625
0.00613561
0.00597485
0.00581605
0.00565621
0.00549871
0.00534005
0.00518333
0.00502592
0.0048696
0.0047133
0.00455725
0.00440179
0.00424613
0.00409132
0.00393634
0.00378219
0.00362827
0.00347499
0.00332247
0.00317043
0.00301955
0.00286912
0.00271993
0.00257133
0.0024237
0.00227691
0.00213056
0.00198522
0.00183972
0.00169513
0.00154992
0.00140508
0.00125953
0.00111338
0.000966883
0.000818665
0.000670851
0.000520439
0.000371451
0.000220051
7.29077e-05
0.0553252
0.0550228
0.0548045
0.0542965
0.0541145
0.0535393
0.0532638
0.0526261
0.0522934
0.0516761
0.0512826
0.0507158
0.0502421
0.0497453
0.0491854
0.0487656
0.0481217
0.0477674
0.0470518
0.0467414
0.0459762
0.0456831
0.0448943
0.044592
0.0438049
0.043471
0.0427069
0.0423222
0.0415991
0.0411443
0.0404803
0.0399348
0.0393507
0.038696
0.0382118
0.0374391
0.0370643
0.0361842
0.0359055
0.0349554
0.0347296
0.0337746
0.0335357
0.0326583
0.0323413
0.0316171
0.0311842
0.0306494
0.0301037
0.029734
0.0291159
0.0288384
0.0282178
0.0279524
0.0274097
0.0271076
0.0266957
0.0263468
0.0260596
0.0256781
0.0254592
0.0250734
0.0248616
0.0245075
0.024276
0.0239804
0.0237359
0.0234965
0.0232539
0.0230411
0.0228068
0.0225898
0.0223645
0.0221351
0.0219195
0.0216903
0.0214831
0.0212676
0.0210623
0.0208607
0.0206502
0.020453
0.0202368
0.0200361
0.0198213
0.0196161
0.0194094
0.0192025
0.0190036
0.0187968
0.0185998
0.0183938
0.018194
0.0179897
0.0177874
0.0175859
0.0173842
0.0171856
0.0169865
0.0167898
0.0165928
0.016397
0.0162012
0.0160063
0.0158114
0.0156181
0.0154249
0.0152336
0.0150423
0.0148527
0.0146634
0.0144747
0.0142872
0.0140993
0.0139135
0.0137266
0.0135427
0.0133573
0.0131746
0.0129913
0.0128092
0.012628
0.0124461
0.0122669
0.0120854
0.0119076
0.0117273
0.0115501
0.0113719
0.0111945
0.0110189
0.0108412
0.010668
0.0104905
0.0103189
0.0101426
0.00997152
0.00979761
0.0096261
0.00945514
0.00928291
0.00911467
0.00894218
0.00877569
0.00860401
0.008438
0.00826825
0.00810174
0.00793458
0.00776727
0.00760264
0.00743501
0.00727222
0.00710526
0.00694345
0.00677817
0.0066167
0.00645376
0.00629244
0.00613193
0.00597104
0.00581254
0.00565254
0.00549537
0.00533663
0.00518015
0.00502278
0.00486654
0.00471037
0.00455422
0.00439893
0.00424304
0.00408836
0.0039331
0.003779
0.00362483
0.00347155
0.00331887
0.00316682
0.00301592
0.00286554
0.00271646
0.00256806
0.00242065
0.00227423
0.00212819
0.00198339
0.00183827
0.00169429
0.00154949
0.00140523
0.00126003
0.00111427
0.000967981
0.000819852
0.000672031
0.000521361
0.000372177
0.000220309
7.30644e-05
0.0556855
0.0553622
0.0551217
0.0545623
0.0543699
0.0537468
0.053463
0.0527815
0.0524468
0.0517964
0.051402
0.0508127
0.0503342
0.049827
0.0492559
0.048838
0.0481752
0.0478336
0.0470919
0.0468028
0.0460065
0.0457396
0.044917
0.0446429
0.0438217
0.0435157
0.0427188
0.0423602
0.041607
0.0411743
0.0404849
0.0399538
0.0393528
0.0386992
0.038212
0.0374215
0.037063
0.0361436
0.0359016
0.034894
0.0347188
0.0336986
0.0335107
0.0325769
0.0322942
0.0315395
0.0311122
0.0305821
0.0300109
0.0296764
0.0290104
0.0287816
0.0281079
0.0278851
0.027305
0.0270269
0.0266066
0.0262609
0.0259912
0.0255969
0.025405
0.0250006
0.0248096
0.024443
0.0242205
0.0239257
0.0236819
0.0234539
0.0232088
0.0230086
0.0227723
0.0225617
0.0223369
0.0221076
0.0218954
0.0216648
0.0214622
0.0212476
0.0210454
0.0208473
0.0206365
0.0204431
0.0202246
0.0200264
0.01981
0.0196057
0.0193998
0.0191927
0.0189962
0.0187885
0.0185936
0.0183867
0.0181875
0.0179828
0.0177801
0.0175788
0.0173767
0.0171786
0.0169794
0.0167831
0.0165863
0.0163906
0.0161947
0.0159998
0.0158049
0.0156116
0.0154183
0.0152273
0.015036
0.0148466
0.0146573
0.0144688
0.0142813
0.0140933
0.0139079
0.0137207
0.0135371
0.0133516
0.0131693
0.0129859
0.012804
0.012623
0.012441
0.0122622
0.0120803
0.011903
0.0117223
0.0115455
0.0113671
0.0111898
0.0110144
0.0108363
0.0106638
0.0104856
0.0103148
0.0101378
0.00996738
0.00979313
0.00962182
0.00945105
0.00927847
0.0091109
0.00893769
0.00877206
0.00859961
0.0084343
0.00826409
0.00809781
0.0079307
0.00776309
0.00759895
0.00743064
0.00726856
0.00710084
0.00693964
0.00677382
0.00661267
0.00644956
0.00628824
0.00612792
0.00596682
0.00580872
0.00564847
0.00549174
0.00533287
0.00517669
0.00501937
0.00486321
0.00470722
0.00455094
0.00439588
0.0042397
0.0040852
0.00392959
0.00377557
0.0036211
0.00346781
0.00331496
0.00316287
0.00301195
0.00286161
0.00271266
0.00256444
0.0024173
0.00227125
0.00212558
0.00198132
0.00183664
0.00169333
0.00154899
0.00140537
0.00126058
0.00111526
0.000969222
0.000821182
0.00067338
0.000522408
0.000373026
0.000220618
7.32623e-05
0.0560725
0.0557271
0.0554587
0.0548431
0.0546356
0.0539605
0.0536659
0.0529387
0.0526019
0.051917
0.0515225
0.0509094
0.0504271
0.0499085
0.0493271
0.0489104
0.048229
0.0479002
0.0471323
0.0468653
0.0460371
0.045798
0.0449404
0.0446962
0.0438392
0.0435633
0.0427315
0.0424019
0.0416154
0.0412088
0.04049
0.0399778
0.0393557
0.0387068
0.0382137
0.0374064
0.0370639
0.0361017
0.0359005
0.034827
0.0347113
0.0336144
0.0334886
0.0324875
0.0322488
0.0314573
0.031039
0.0305147
0.0299137
0.0296223
0.0288976
0.0287292
0.0279903
0.0278201
0.0271947
0.0269453
0.0265161
0.0261718
0.0259249
0.0255116
0.0253537
0.0249238
0.0247585
0.024376
0.0241641
0.0238712
0.0236268
0.0234137
0.0231637
0.022979
0.0227389
0.0225354
0.022311
0.0220807
0.0218732
0.02164
0.0214434
0.0212294
0.0210304
0.0208363
0.0206244
0.0204358
0.0202138
0.0200189
0.0198003
0.0195972
0.0193923
0.0191845
0.0189909
0.0187818
0.0185893
0.0183812
0.0181826
0.0179775
0.0177742
0.0175732
0.0173705
0.017173
0.0169737
0.0167778
0.016581
0.0163853
0.0161895
0.0159944
0.0157993
0.0156061
0.0154127
0.0152219
0.0150305
0.0148414
0.0146521
0.0144636
0.0142763
0.0140881
0.0139029
0.0137154
0.0135323
0.0133464
0.0131646
0.0129811
0.0127993
0.0126186
0.0124363
0.0122581
0.0120756
0.011899
0.0117177
0.0115414
0.0113627
0.0111855
0.0110104
0.0108317
0.01066
0.0104808
0.010311
0.0101332
0.00996355
0.00978883
0.00961775
0.00944723
0.00927416
0.00910747
0.00893328
0.00876877
0.00859531
0.00843087
0.00826006
0.00809405
0.007927
0.00775897
0.00759546
0.00742627
0.00726507
0.00709639
0.00693595
0.00676947
0.00660868
0.0064454
0.00628402
0.00612398
0.00596254
0.00580498
0.00564437
0.00548819
0.00532912
0.0051733
0.00501603
0.00485994
0.00470419
0.00454771
0.00439294
0.00423638
0.00408211
0.00392608
0.00377215
0.00361732
0.00346399
0.00331094
0.00315878
0.00300784
0.00285749
0.00270871
0.00256063
0.00241381
0.00226812
0.00212288
0.0019792
0.00183503
0.00169243
0.00154864
0.00140572
0.00126141
0.00111658
0.00097084
0.000822872
0.000675102
0.000523751
0.000374151
0.0002211
7.35828e-05
0.0564877
0.056119
0.0558182
0.0551392
0.0549118
0.0541788
0.0538719
0.0530962
0.0527583
0.0520371
0.0516436
0.0510057
0.0505203
0.0499905
0.0493983
0.0489836
0.0482819
0.0479678
0.0471711
0.0469289
0.0460658
0.0458574
0.0449618
0.0447506
0.0438547
0.0436118
0.0427417
0.0424441
0.0416208
0.0412436
0.0404916
0.0400019
0.0393554
0.0387139
0.038213
0.0373884
0.0370637
0.0360532
0.0358992
0.0347489
0.0347041
0.0335163
0.0334666
0.032385
0.0322016
0.0313661
0.0309605
0.0304431
0.0298058
0.0295668
0.028769
0.0286746
0.0278546
0.0277501
0.0270697
0.0268559
0.0264178
0.0260736
0.0258568
0.0254166
0.0253018
0.0248374
0.0247042
0.0243011
0.0241018
0.0238123
0.0235655
0.0233718
0.0231133
0.0229474
0.0227009
0.0225052
0.0222811
0.022049
0.0218481
0.0216108
0.0214222
0.021208
0.0210128
0.0208229
0.0206088
0.0204261
0.0201993
0.0200088
0.0197875
0.0195858
0.0193823
0.0191735
0.0189836
0.0187724
0.0185828
0.0183731
0.0181753
0.0179698
0.0177658
0.0175656
0.017362
0.0171655
0.0169659
0.0167704
0.0165738
0.0163781
0.0161824
0.0159872
0.0157921
0.015599
0.0154054
0.015215
0.0150235
0.0148348
0.0146454
0.0144571
0.0142699
0.0140815
0.0138968
0.0137088
0.0135264
0.0133401
0.0131589
0.0129752
0.0127937
0.0126133
0.0124306
0.0122531
0.0120699
0.0118943
0.0117122
0.0115366
0.0113575
0.0111804
0.0110056
0.0108263
0.0106556
0.0104753
0.0103069
0.0101278
0.00995924
0.00978391
0.00961313
0.00944292
0.00926922
0.00910365
0.00892819
0.00876514
0.00859036
0.00842708
0.00825551
0.00808986
0.00792291
0.00775435
0.00759169
0.00742136
0.00726134
0.00709144
0.00693197
0.00676467
0.00660433
0.00644086
0.00627936
0.0061197
0.0059578
0.00580094
0.00563983
0.00548435
0.00532502
0.00516964
0.00501242
0.00485641
0.00470096
0.00454422
0.00438984
0.00423282
0.00407884
0.0039223
0.00376848
0.00361324
0.00345986
0.00330659
0.0031543
0.00300338
0.00285295
0.0027044
0.00255642
0.00240999
0.00226465
0.00211991
0.00197683
0.00183324
0.00169141
0.00154825
0.00140609
0.00126236
0.00111805
0.000972687
0.000824784
0.000677085
0.000525283
0.000375484
0.000221671
7.39819e-05
0.0569336
0.056543
0.0562008
0.0554521
0.0551961
0.0544012
0.0540781
0.0532534
0.0529141
0.0521559
0.0517642
0.0511005
0.0506143
0.0500714
0.0494709
0.0490563
0.0483365
0.0480354
0.0472117
0.0469935
0.0460967
0.0459194
0.0449862
0.0448089
0.0438738
0.0436655
0.0427553
0.0424923
0.0416288
0.0412856
0.0404953
0.0400345
0.0393573
0.03873
0.0382157
0.0373778
0.0370677
0.036007
0.0359026
0.0346662
0.0347019
0.0334085
0.0334503
0.0322732
0.0321604
0.0312712
0.0308858
0.0303748
0.0296961
0.0295183
0.0286317
0.028627
0.0277076
0.0276844
0.0269379
0.0267684
0.0263214
0.0259751
0.0257962
0.0253183
0.0252565
0.0247459
0.0246523
0.0242237
0.02404
0.0237564
0.0235053
0.0233366
0.023065
0.0229219
0.0226653
0.0224781
0.0222542
0.0220187
0.0218271
0.021584
0.0214058
0.0211905
0.0209991
0.0208139
0.020596
0.0204205
0.0201871
0.0200023
0.0197776
0.0195778
0.0193762
0.0191653
0.0189801
0.0187654
0.0185794
0.0183672
0.0181702
0.0179646
0.0177595
0.0175604
0.0173556
0.0171601
0.01696
0.0167649
0.0165683
0.0163724
0.0161768
0.0159814
0.0157862
0.0155933
0.0153995
0.0152094
0.0150176
0.0148293
0.0146397
0.0144516
0.0142644
0.0140758
0.0138915
0.013703
0.0135214
0.0133344
0.013154
0.0129699
0.0127887
0.0126085
0.0124254
0.0122489
0.0120646
0.0118902
0.011707
0.0115323
0.0113527
0.0111757
0.0110013
0.0108212
0.0106517
0.0104698
0.0103031
0.0101225
0.0099553
0.00977916
0.00960875
0.00943891
0.00926437
0.00910024
0.00892311
0.00876193
0.00858544
0.00842361
0.00825107
0.00808585
0.00791903
0.00774975
0.00758819
0.00741638
0.00725784
0.00708639
0.00692814
0.00675983
0.00659999
0.00643634
0.00627461
0.0061155
0.00595293
0.00579699
0.0056352
0.00548059
0.00532089
0.00516604
0.00500888
0.00485292
0.00469787
0.00454077
0.00438688
0.00422926
0.00407567
0.00391849
0.00376482
0.00360909
0.00345562
0.00330212
0.00314962
0.00299875
0.00284815
0.0026999
0.00255195
0.00240599
0.00226096
0.00211681
0.00197435
0.00183142
0.00169045
0.00154798
0.00140671
0.00126362
0.00111992
0.000974979
0.000827151
0.000679524
0.000527182
0.000377177
0.000222446
7.45491e-05
0.0574109
0.057003
0.0566114
0.0557808
0.0554888
0.0546241
0.0542841
0.0534081
0.0530691
0.0522725
0.0518842
0.0511944
0.0507076
0.0501525
0.0495421
0.0491289
0.0483876
0.048102
0.047247
0.0470562
0.0461214
0.045979
0.0450044
0.0448649
0.0438871
0.0437164
0.0427627
0.042537
0.0416294
0.0413234
0.0404907
0.0400632
0.0393516
0.0387426
0.038213
0.037362
0.0370684
0.0359502
0.0359032
0.034565
0.0346963
0.0332767
0.0334303
0.0321394
0.0321155
0.0311635
0.0308049
0.0303031
0.0295721
0.0294694
0.0284692
0.0285751
0.0275306
0.02761
0.0267841
0.026671
0.0262176
0.0258659
0.0257371
0.0252055
0.0252102
0.0246367
0.0245926
0.0241323
0.0239679
0.0236953
0.0234367
0.0233015
0.0230093
0.022894
0.0226217
0.0224436
0.0222201
0.0219794
0.0218014
0.0215504
0.0213863
0.0211686
0.0209815
0.0208013
0.0205771
0.0204108
0.0201684
0.0199915
0.019763
0.0195657
0.019367
0.0191533
0.0189741
0.0187544
0.0185729
0.0183577
0.0181617
0.0179562
0.0177498
0.0175528
0.0173464
0.0171525
0.0169518
0.0167569
0.0165605
0.0163642
0.0161689
0.0159735
0.0157784
0.0155858
0.0153918
0.0152023
0.0150102
0.0148223
0.0146324
0.0144445
0.0142575
0.0140686
0.0138851
0.0136959
0.0135154
0.0133276
0.0131481
0.0129636
0.0127827
0.0126029
0.0124192
0.0122439
0.0120583
0.0118855
0.0117009
0.0115275
0.0113471
0.0111703
0.0109964
0.0108152
0.0106474
0.0104635
0.010299
0.0101164
0.009951
0.00977379
0.00960385
0.0094345
0.00925885
0.0090966
0.00891728
0.00875855
0.00857982
0.00841992
0.00824611
0.00808146
0.00791487
0.00774463
0.00758455
0.00741082
0.00725423
0.0070808
0.0069241
0.00675454
0.00659531
0.0064315
0.0062694
0.00611105
0.00594756
0.00579282
0.00563011
0.00547661
0.00531643
0.00516221
0.00500514
0.00484921
0.00469467
0.0045371
0.00438386
0.00422549
0.00407239
0.00391446
0.00376095
0.00360469
0.00345106
0.00329735
0.00314452
0.00299379
0.0028429
0.00269505
0.00254704
0.00240165
0.0022569
0.00211341
0.00197162
0.00182941
0.0016894
0.00154768
0.00140745
0.00126504
0.0011221
0.000977595
0.000829901
0.000682328
0.000529411
0.000379192
0.000223452
7.53554e-05
0.0579222
0.0575085
0.0570491
0.0561273
0.055785
0.0548474
0.0544848
0.0535596
0.0532197
0.0523856
0.0520026
0.0512864
0.0508042
0.0502342
0.0496199
0.0492035
0.0484467
0.0481712
0.0472903
0.0471226
0.0461545
0.0460447
0.0450326
0.04493
0.0439116
0.0437785
0.0427808
0.0425937
0.0416382
0.0413737
0.0404916
0.0401062
0.0393508
0.0387724
0.0382169
0.0373639
0.0370775
0.0359051
0.0359121
0.0344632
0.0346977
0.033133
0.0334185
0.0319924
0.0320834
0.0310536
0.030739
0.0302418
0.0294548
0.0294343
0.0282962
0.0285315
0.0273329
0.0275404
0.026619
0.0265809
0.0261227
0.0257647
0.025697
0.0250924
0.0251766
0.024519
0.0245359
0.0240363
0.0238976
0.0236426
0.0233739
0.0232822
0.0229602
0.0228781
0.0225824
0.0224133
0.0221902
0.0219419
0.0217832
0.0215214
0.0213763
0.0211542
0.0209713
0.020796
0.0205622
0.020407
0.0201523
0.0199858
0.0197523
0.0195585
0.0193636
0.0191455
0.0189737
0.0187466
0.0185702
0.0183506
0.0181555
0.0179506
0.0177423
0.0175481
0.0173397
0.0171477
0.016946
0.016751
0.0165546
0.0163575
0.0161625
0.0159668
0.0157718
0.0155796
0.0153854
0.0151965
0.0150038
0.0148165
0.0146261
0.0144384
0.0142513
0.0140622
0.0138794
0.0136893
0.0135102
0.0133212
0.013143
0.0129578
0.0127773
0.0125978
0.0124134
0.0122395
0.0120522
0.0118815
0.0116949
0.0115232
0.0113417
0.0111653
0.0109918
0.0108092
0.0106436
0.010457
0.0102955
0.0101101
0.00994705
0.00976841
0.00959909
0.00943032
0.00925321
0.00909337
0.00891119
0.00875562
0.00857398
0.00841654
0.00824111
0.00807715
0.00791085
0.00773936
0.00758119
0.00740498
0.00725089
0.00707493
0.00692018
0.00674909
0.00659056
0.00642662
0.00626396
0.00610665
0.00594188
0.00578871
0.00562477
0.00547267
0.00531184
0.00515839
0.00500142
0.00484548
0.00469161
0.00453339
0.00438099
0.00422167
0.00406919
0.00391036
0.00375704
0.00360016
0.0034463
0.0032924
0.0031391
0.00298859
0.00283725
0.00268993
0.00254174
0.00239703
0.00225254
0.00210977
0.00196872
0.00182726
0.00168839
0.00154744
0.00140847
0.00126675
0.0011248
0.000980671
0.000833267
0.000685589
0.000532156
0.000381591
0.000224892
7.65893e-05
0.0584744
0.058065
0.0575194
0.0564867
0.0560857
0.0550661
0.0546827
0.0537059
0.0533666
0.0524926
0.0521154
0.0513728
0.0508939
0.050311
0.0496884
0.0492721
0.0484926
0.0482317
0.0473167
0.0471774
0.046169
0.0460978
0.0450436
0.0449833
0.0439218
0.04383
0.0427857
0.0426392
0.0416322
0.0414111
0.0404753
0.0401357
0.0393334
0.0387901
0.0382092
0.0373546
0.0370811
0.0358439
0.0359168
0.0343331
0.0346902
0.0329487
0.0333931
0.0318066
0.0320393
0.0309238
0.0306643
0.0301816
0.0293202
0.0294033
0.028084
0.0284781
0.0270826
0.0274502
0.026417
0.0264745
0.0260232
0.0256522
0.0256677
0.0249591
0.0251421
0.0243699
0.0244614
0.0239145
0.0238073
0.0235825
0.0232983
0.0232661
0.022901
0.0228596
0.0225307
0.0223699
0.0221483
0.0218883
0.0217574
0.0214812
0.0213622
0.0211342
0.0209558
0.0207867
0.0205386
0.020398
0.0201267
0.0199742
0.0197352
0.019546
0.0193575
0.0191332
0.0189716
0.0187344
0.0185646
0.0183394
0.0181451
0.0179416
0.0177309
0.0175412
0.0173303
0.017141
0.0169383
0.0167431
0.0165469
0.0163486
0.0161541
0.0159581
0.0157634
0.0155719
0.0153774
0.0151896
0.0149962
0.0148097
0.0146185
0.0144311
0.014244
0.0140545
0.0138729
0.0136816
0.0135043
0.0133138
0.0131374
0.0129512
0.0127713
0.0125921
0.0124067
0.0122348
0.0120452
0.0118772
0.0116881
0.0115187
0.0113358
0.0111598
0.010987
0.0108026
0.0106397
0.0104497
0.0102919
0.0101031
0.00994305
0.00976254
0.00959399
0.00942601
0.00924697
0.00909031
0.00890437
0.00875293
0.0085675
0.00841325
0.00823575
0.00807264
0.00790682
0.00773362
0.00757802
0.00739854
0.00724773
0.00706853
0.00691628
0.00674329
0.00658557
0.00642159
0.00625809
0.00610222
0.00593572
0.00578459
0.00561902
0.00546868
0.00530701
0.00515446
0.00499765
0.00484161
0.00468863
0.00452954
0.00437824
0.00421772
0.00406604
0.00390612
0.00375302
0.00359547
0.00344127
0.00328723
0.00313327
0.00298311
0.00283114
0.00268449
0.00253599
0.00239207
0.00224781
0.00210581
0.00196561
0.00182488
0.00168738
0.00154714
0.00140978
0.00126866
0.00112806
0.000984149
0.000837331
0.000689258
0.000535539
0.000384332
0.000227066
7.8452e-05
0.0590803
0.0586857
0.0580171
0.056862
0.0563805
0.0552789
0.0548689
0.053849
0.0535097
0.0526006
0.0522341
0.0514663
0.0510006
0.0504003
0.049782
0.0493566
0.0485673
0.0483089
0.0473707
0.0472483
0.0462085
0.0461674
0.0450783
0.0450559
0.0439567
0.0439041
0.0428157
0.042709
0.0416477
0.0414727
0.0404735
0.0401896
0.039324
0.0388356
0.0382083
0.0373777
0.0370956
0.0358132
0.0359361
0.0342177
0.0346964
0.0327552
0.0333807
0.0315993
0.0320166
0.0307864
0.0306229
0.0301395
0.0292126
0.0293994
0.0278661
0.0284385
0.0267969
0.0273633
0.0261891
0.0263804
0.0259368
0.0255605
0.0256756
0.0248338
0.0251353
0.0242107
0.0243955
0.0237863
0.0237217
0.0235371
0.0232328
0.0232775
0.0228531
0.0228625
0.0224868
0.0223346
0.0221136
0.0218364
0.0217428
0.0214456
0.0213617
0.0211238
0.0209511
0.0207883
0.0205198
0.0203972
0.0201025
0.019968
0.0197208
0.0195377
0.0193573
0.0191245
0.0189763
0.0187252
0.0185636
0.0183306
0.0181366
0.017935
0.0177202
0.0175366
0.017322
0.0171362
0.0169323
0.0167365
0.0165407
0.0163405
0.0161467
0.0159499
0.0157555
0.0155648
0.01537
0.0151833
0.014989
0.0148034
0.0146112
0.0144243
0.0142369
0.014047
0.0138665
0.0136738
0.0134988
0.0133063
0.013132
0.0129444
0.0127654
0.0125866
0.0123999
0.0122303
0.0120378
0.0118734
0.0116808
0.0115144
0.0113294
0.0111542
0.0109821
0.0107955
0.0106361
0.0104417
0.0102888
0.0100953
0.00993928
0.00975623
0.00958876
0.00942168
0.00924017
0.00908757
0.00889675
0.00875064
0.00856028
0.00841016
0.00822998
0.00806797
0.00790279
0.00772738
0.00757511
0.00739142
0.00724485
0.00706152
0.00691242
0.0067371
0.00658031
0.0064164
0.00625168
0.00609776
0.00592893
0.00578046
0.00561273
0.00546461
0.00530188
0.00515039
0.00499383
0.00483757
0.00468576
0.00452553
0.00437563
0.00421363
0.00406295
0.00390173
0.0037489
0.0035906
0.00343593
0.00328182
0.00312698
0.00297733
0.00282449
0.0026787
0.00252973
0.00238673
0.00224268
0.00210148
0.00196226
0.0018222
0.00168638
0.00154675
0.00141142
0.00127077
0.00113198
0.00098806
0.000842236
0.000693281
0.00053968
0.000387202
0.000230361
8.1104e-05
0.0597759
0.0593674
0.0585396
0.0572488
0.0566828
0.0554837
0.055046
0.0539737
0.0536309
0.05268
0.0523194
0.0515265
0.0510684
0.0504573
0.049836
0.0494129
0.0486043
0.0483615
0.0473888
0.0472948
0.0462124
0.0462102
0.0450785
0.0451002
0.0439602
0.0439513
0.0428187
0.0427548
0.0416386
0.0415112
0.0404458
0.0402179
0.0392864
0.0388517
0.0381827
0.0373703
0.0370974
0.035752
0.0359547
0.0340652
0.0347006
0.0325105
0.033351
0.031335
0.0319631
0.0306116
0.03055
0.0300958
0.0290712
0.0294107
0.0275938
0.0283946
0.0264381
0.0272441
0.0259051
0.0262485
0.0258395
0.0254377
0.0256989
0.0246726
0.0251303
0.0240076
0.0243051
0.023624
0.023602
0.0234803
0.0231399
0.023291
0.0227866
0.0228627
0.0224294
0.0222838
0.022068
0.0217627
0.0217196
0.0213929
0.021355
0.0211063
0.0209404
0.0207892
0.0204931
0.0203955
0.0200696
0.0199576
0.0197003
0.0195232
0.0193552
0.0191103
0.0189814
0.0187124
0.0185621
0.01832
0.0181256
0.0179274
0.0177064
0.0175311
0.0173116
0.0171305
0.0169256
0.0167289
0.0165343
0.0163315
0.0161389
0.0159412
0.0157471
0.0155572
0.0153619
0.0151768
0.0149813
0.0147971
0.0146036
0.0144174
0.0142298
0.0140393
0.0138604
0.0136656
0.0134937
0.0132983
0.013127
0.0129375
0.0127596
0.0125812
0.0123929
0.0122265
0.01203
0.0118702
0.0116733
0.0115107
0.0113231
0.0111488
0.0109777
0.0107881
0.0106333
0.0104331
0.0102865
0.0100871
0.00993609
0.00974992
0.00958358
0.00941795
0.00923294
0.00908582
0.00888849
0.00874936
0.00855263
0.00840771
0.00822428
0.00806337
0.00789935
0.00772073
0.00757307
0.00738373
0.00724275
0.00705411
0.00690899
0.0067309
0.00657504
0.00641153
0.00624494
0.00609375
0.00592171
0.00577672
0.00560616
0.00546077
0.00529673
0.0051464
0.00499026
0.00483353
0.00468331
0.00452152
0.00437348
0.00420959
0.0040602
0.00389745
0.00374489
0.00358583
0.00343049
0.00327645
0.00312041
0.00297149
0.00281749
0.00267275
0.00252313
0.00238113
0.00223728
0.00209682
0.00195876
0.00181921
0.00168541
0.00154622
0.00141338
0.00127308
0.00113661
0.00099249
0.000848124
0.000697793
0.000544784
0.000390086
0.000235173
8.43657e-05
0.0606266
0.0601193
0.0590444
0.0576293
0.0569778
0.0557047
0.0552451
0.0541405
0.0537956
0.0528083
0.0524557
0.0516315
0.0511896
0.0505537
0.0499467
0.0495087
0.0487041
0.0484589
0.047474
0.0473904
0.0462809
0.0463009
0.0451348
0.0451867
0.0440106
0.0440358
0.0428638
0.042838
0.0416696
0.0415911
0.040451
0.0402907
0.0392656
0.0389131
0.0381564
0.0374112
0.0370961
0.0357455
0.0359901
0.033968
0.0347505
0.0323014
0.0333825
0.0310692
0.0319667
0.0304088
0.0305221
0.030035
0.0289617
0.0294423
0.0273312
0.0283991
0.0260611
0.0271734
0.0255952
0.0261504
0.0257415
0.0253331
0.0257585
0.0245176
0.0251792
0.0238058
0.0242577
0.0234678
0.0235007
0.0234409
0.0230487
0.0233326
0.0227225
0.0228924
0.0223832
0.022251
0.0220379
0.0216912
0.0217099
0.0213361
0.0213583
0.0210906
0.0209365
0.0208001
0.0204694
0.0204057
0.0200366
0.019954
0.0196798
0.0195092
0.0193554
0.0190936
0.0189905
0.0186981
0.0185637
0.0183102
0.0181151
0.0179216
0.0176911
0.0175265
0.0172996
0.0171241
0.016918
0.0167201
0.0165278
0.0163215
0.0161308
0.0159317
0.0157378
0.0155489
0.0153527
0.0151695
0.0149724
0.0147901
0.0145948
0.0144098
0.0142216
0.0140306
0.0138535
0.0136561
0.013488
0.0132889
0.0131215
0.0129293
0.012753
0.0125751
0.0123848
0.0122224
0.0120208
0.011867
0.0116641
0.0115067
0.0113156
0.0111426
0.0109727
0.0107794
0.0106305
0.0104229
0.0102845
0.0100773
0.00993284
0.00974263
0.00957775
0.00941397
0.00922442
0.00908436
0.00887866
0.00874845
0.00854364
0.00840523
0.00821788
0.00805814
0.00789589
0.00771297
0.00757141
0.00737486
0.00724098
0.00704584
0.0069055
0.00672433
0.00656923
0.00640668
0.00623734
0.00608988
0.00591359
0.005773
0.00559891
0.00545675
0.00529125
0.00514206
0.00498669
0.0048291
0.00468107
0.00451722
0.00437157
0.00420544
0.0040576
0.00389322
0.00374088
0.00358117
0.00342487
0.00327116
0.00311354
0.00296564
0.00281013
0.00266664
0.0025162
0.00237522
0.00223158
0.00209169
0.00195498
0.00181569
0.00168421
0.00154527
0.00141529
0.0012753
0.00114153
0.000997307
0.000854683
0.000702862
0.000550579
0.000392732
0.00024084
8.6963e-05
0.0617409
0.0609413
0.0595419
0.0579744
0.0572145
0.055838
0.0553525
0.054209
0.0538627
0.0528404
0.0524925
0.0516436
0.0512095
0.0505635
0.0499604
0.0495322
0.048721
0.0485044
0.0474959
0.0474514
0.046302
0.0463622
0.0451482
0.045237
0.0440153
0.0440762
0.0428616
0.0428769
0.0416576
0.0416322
0.0404191
0.0403244
0.0392079
0.0389212
0.0380903
0.0373784
0.0370648
0.0356602
0.0360297
0.0338162
0.034846
0.0320741
0.0334636
0.0307953
0.0319585
0.0301732
0.0303949
0.0299324
0.0287153
0.029474
0.026973
0.0284457
0.0256509
0.0271156
0.0252687
0.0259813
0.0256148
0.0251074
0.0258041
0.0242758
0.0252402
0.0235816
0.0242101
0.0233139
0.0233551
0.0233945
0.0228944
0.023364
0.0226233
0.0229176
0.0223391
0.0222113
0.0220219
0.0216044
0.0217042
0.0212634
0.0213533
0.0210692
0.0209207
0.0208169
0.0204387
0.0204252
0.0200036
0.0199542
0.0196635
0.0194914
0.0193607
0.0190711
0.0190034
0.0186824
0.0185673
0.0183045
0.0181051
0.0179215
0.0176761
0.0175256
0.017289
0.0171192
0.016913
0.0167121
0.016524
0.0163133
0.0161251
0.0159247
0.0157305
0.0155432
0.0153453
0.0151644
0.0149652
0.0147851
0.014588
0.014404
0.0142157
0.0140234
0.0138491
0.0136478
0.0134846
0.0132809
0.0131178
0.012923
0.0127477
0.0125714
0.0123776
0.0122209
0.0120124
0.0118661
0.0116563
0.0115043
0.0113101
0.0111371
0.0109702
0.0107707
0.0106304
0.0104128
0.0102845
0.0100685
0.00993067
0.00973731
0.00957193
0.00941269
0.00921541
0.0090856
0.00886866
0.00874947
0.00853546
0.0084035
0.00821336
0.00805266
0.00789493
0.00770465
0.00757211
0.00736588
0.00724083
0.00703838
0.00690272
0.00671936
0.00656346
0.00640375
0.00622959
0.00608769
0.00590557
0.00577035
0.00559218
0.00545317
0.00528667
0.00513776
0.00498419
0.00482466
0.00467988
0.00451316
0.00437059
0.00420193
0.00405577
0.00389
0.00373756
0.00357772
0.0034199
0.00326705
0.00310733
0.00296074
0.00280346
0.00266114
0.0025099
0.00236953
0.00222632
0.0020864
0.00195128
0.00181167
0.00168263
0.00154366
0.00141652
0.00127705
0.00114587
0.00100227
0.000861248
0.000708887
0.000556823
0.000395806
0.000245383
8.65481e-05
0.0632871
0.0616952
0.0600092
0.0584349
0.0576007
0.0561414
0.0556176
0.0544364
0.0540724
0.0530076
0.0526547
0.0517642
0.0513402
0.0506593
0.0500775
0.0496289
0.0488402
0.0486208
0.0476211
0.0475863
0.0464215
0.0464963
0.0452474
0.0453515
0.044091
0.0441701
0.0429228
0.0429656
0.0417082
0.0417297
0.0404449
0.0404263
0.0391879
0.0390078
0.0380293
0.0374321
0.0370192
0.0356773
0.0360849
0.0337939
0.0350375
0.0319821
0.0337041
0.0305923
0.0320837
0.0298952
0.0303231
0.0297465
0.0285096
0.0295356
0.0267226
0.0286826
0.0253705
0.0272607
0.0249812
0.0258785
0.0254469
0.0248569
0.0258594
0.0240446
0.0254078
0.0234163
0.0242665
0.0232006
0.0232302
0.0233561
0.0227109
0.0234055
0.0225077
0.0229647
0.0223079
0.022188
0.0220312
0.0215192
0.0217165
0.0211829
0.0213494
0.0210404
0.0208945
0.0208342
0.020398
0.0204507
0.0199671
0.0199565
0.0196477
0.0194673
0.0193663
0.0190386
0.0190144
0.0186598
0.0185661
0.0182968
0.018089
0.0179212
0.0176559
0.0175224
0.0172748
0.0171095
0.0169053
0.0166992
0.0165174
0.0163015
0.0161163
0.0159152
0.0157202
0.0155349
0.0153349
0.0151567
0.0149552
0.0147775
0.0145786
0.0143958
0.0142078
0.0140137
0.0138432
0.0136371
0.0134796
0.0132708
0.0131121
0.0129152
0.01274
0.0125666
0.0123678
0.0122184
0.0120019
0.011864
0.0116472
0.0115
0.0113042
0.0111293
0.0109679
0.0107599
0.0106301
0.0104014
0.0102837
0.0100596
0.00992661
0.00973273
0.00956377
0.00941231
0.00920453
0.00908708
0.00885801
0.00874954
0.00852795
0.00839984
0.0082103
0.00804509
0.00789531
0.00769508
0.0075733
0.00735705
0.00724014
0.00703228
0.00689877
0.00671629
0.00655666
0.00640243
0.00622155
0.00608629
0.0058981
0.00576762
0.0055865
0.0054489
0.00528313
0.00513267
0.00498237
0.00481976
0.00467892
0.00450923
0.00436954
0.00419918
0.00405396
0.00388805
0.00373463
0.00357582
0.00341586
0.00326449
0.00310251
0.0029572
0.00279839
0.00265669
0.00250513
0.00236451
0.00222215
0.00208133
0.00194783
0.00180729
0.00168019
0.001541
0.00141579
0.00127724
0.0011477
0.00100585
0.000865719
0.000714781
0.000561943
0.000399694
0.000245353
8.137e-05
0.0656666
0.0621746
0.0599417
0.0584197
0.0575931
0.0561058
0.0555976
0.0544102
0.054067
0.0529843
0.0526505
0.0517437
0.0513361
0.0506528
0.0500774
0.0496495
0.0488484
0.048672
0.0476347
0.0476529
0.0464295
0.0465528
0.0452404
0.0453825
0.044071
0.0441839
0.0428993
0.0429836
0.0416829
0.0417608
0.0404064
0.0404519
0.0391295
0.0389908
0.0379776
0.0373475
0.0370445
0.035538
0.0362523
0.033633
0.0353036
0.031797
0.0338723
0.0303489
0.031956
0.0296511
0.0299302
0.0297121
0.028094
0.0298241
0.0264745
0.0290284
0.0252287
0.0272534
0.0248331
0.0254761
0.025392
0.0244073
0.0260045
0.0238336
0.025574
0.0234005
0.0242196
0.023228
0.0229953
0.0233893
0.0225004
0.0234371
0.0224439
0.0229523
0.0223527
0.0221209
0.0220937
0.0214445
0.0217371
0.0211506
0.0213201
0.0210599
0.0208459
0.020876
0.0203656
0.0204745
0.0199658
0.0199448
0.0196696
0.0194366
0.0193919
0.0190171
0.0190252
0.0186602
0.0185582
0.0183106
0.0180742
0.0179325
0.0176476
0.0175232
0.0172755
0.0171031
0.0169086
0.0166934
0.0165176
0.0162992
0.0161132
0.0159147
0.0157163
0.0155342
0.0153316
0.0151553
0.0149526
0.0147752
0.0145771
0.014392
0.0142077
0.0140088
0.0138435
0.0136326
0.0134787
0.0132684
0.0131085
0.0129155
0.0127342
0.0125686
0.0123615
0.01222
0.0119974
0.0118629
0.0116462
0.0114952
0.0113066
0.0111217
0.0109718
0.0107522
0.0106325
0.0103966
0.0102819
0.0100592
0.00992016
0.0097363
0.00955464
0.00941702
0.00919619
0.00908941
0.00885351
0.00874717
0.00852829
0.00839304
0.00821405
0.00803646
0.0078994
0.00768792
0.00757475
0.0073535
0.00723764
0.00703241
0.00689319
0.00671839
0.00655017
0.00640416
0.00621617
0.0060859
0.00589474
0.00576468
0.00558498
0.00544425
0.00528262
0.00512769
0.00498197
0.00481569
0.004678
0.00450671
0.00436794
0.00419816
0.00405186
0.0038879
0.00373235
0.00357572
0.00341362
0.00326372
0.00310038
0.0029554
0.00279639
0.00265392
0.0025032
0.00236115
0.00222011
0.0020778
0.00194541
0.00180394
0.00167731
0.00153818
0.00141289
0.00127558
0.0011458
0.0010062
0.00086585
0.000717687
0.000563667
0.000403074
0.000241484
7.55262e-05
0.0688505
0.0637306
0.0605898
0.058871
0.0579176
0.0563487
0.0557876
0.0545767
0.054211
0.0531164
0.0527735
0.05186
0.0514528
0.0507643
0.0501951
0.0497597
0.0489669
0.0487771
0.0477473
0.0477453
0.0465281
0.0466282
0.0453233
0.045446
0.044146
0.0442471
0.0429766
0.043054
0.0417657
0.0418334
0.0404885
0.0405141
0.0392035
0.0390378
0.0380441
0.0373932
0.0371087
0.0356067
0.0363024
0.0337251
0.0352946
0.0318677
0.0337605
0.030356
0.0317793
0.0296311
0.0298257
0.0297394
0.0281806
0.0298819
0.0266832
0.0289936
0.0253583
0.0270717
0.0248059
0.025282
0.0253117
0.0243765
0.0259526
0.0239483
0.0255222
0.0235026
0.0241388
0.023234
0.0229313
0.0233287
0.0224936
0.0233636
0.0224702
0.0228985
0.0223666
0.0220987
0.0220744
0.0214454
0.0216947
0.0211549
0.0212805
0.0210534
0.0208284
0.0208556
0.0203679
0.0204458
0.0199712
0.0199195
0.0196647
0.0194239
0.0193748
0.0190155
0.0190031
0.0186601
0.0185404
0.0183043
0.0180647
0.0179198
0.017643
0.0175092
0.0172701
0.0170922
0.0169001
0.0166856
0.0165077
0.0162924
0.0161042
0.0159072
0.0157088
0.0155262
0.0153248
0.0151473
0.0149462
0.0147674
0.0145709
0.0143849
0.0142013
0.0140029
0.0138364
0.013628
0.0134709
0.0132643
0.0131011
0.0129109
0.0127282
0.0125627
0.0123574
0.0122127
0.0119949
0.011855
0.0116439
0.0114882
0.0113031
0.011117
0.0109662
0.0107502
0.0106249
0.0103962
0.0102738
0.0100586
0.00991347
0.00973374
0.00955088
0.00941164
0.00919542
0.00908182
0.00885425
0.00873922
0.00852842
0.00838689
0.00821188
0.00803337
0.00789452
0.00768752
0.00756812
0.00735418
0.00723103
0.00703235
0.00688824
0.00671652
0.00654754
0.00640047
0.00621531
0.00608121
0.00589445
0.00576006
0.00558414
0.00544048
0.00528066
0.00512504
0.00497891
0.00481393
0.00467431
0.00450535
0.00436425
0.00419673
0.00404873
0.00388615
0.00373003
0.00357363
0.00341205
0.00326143
0.00309927
0.00295309
0.00279536
0.0026518
0.00250195
0.00235937
0.00221849
0.00207636
0.0019434
0.00180264
0.00167493
0.00153666
0.00141017
0.00127354
0.00114286
0.00100369
0.000862981
0.000715292
0.000561117
0.00040122
0.000237112
7.37327e-05
)
;

boundaryField
{
    inlet
    {
        type            zeroGradient;
    }
    outlet
    {
        type            fixedValue;
        value           uniform 0;
    }
    wall
    {
        type            zeroGradient;
    }
    axis
    {
        type            symmetryPlane;
    }
    frontAndBack
    {
        type            empty;
    }
}


// ************************************************************************* //
