/*--------------------------------*- C++ -*----------------------------------*\
| =========                 |                                                 |
| \\      /  F ield         | OpenFOAM: The Open Source CFD Toolbox           |
|  \\    /   O peration     | Version:  2412                                  |
|   \\  /    A nd           | Website:  www.openfoam.com                      |
|    \\/     M anipulation  |                                                 |
\*---------------------------------------------------------------------------*/
FoamFile
{
    version     2.0;
    format      ascii;
    arch        "LSB;label=32;scalar=64";
    class       volScalarField;
    location    "1000";
    object      p;
}
// * * * * * * * * * * * * * * * * * * * * * * * * * * * * * * * * * * * * * //

dimensions      [0 2 -2 0 0 0 0];

internalField   nonuniform List<scalar> 
8000
(
0.0507371
0.0507053
0.0506265
0.0505161
0.0503725
0.0501949
0.0499853
0.049746
0.0494786
0.0491852
0.0488676
0.0485278
0.0481673
0.0477882
0.0473916
0.0469793
0.0465525
0.0461124
0.0456602
0.0451967
0.0447231
0.0442401
0.0437485
0.043249
0.0427423
0.0422291
0.04171
0.0411857
0.0406566
0.0401234
0.0395868
0.0390473
0.0385055
0.0379622
0.0374178
0.0368733
0.0363291
0.0357861
0.0352449
0.0347064
0.0341711
0.03364
0.0331137
0.0325931
0.0320788
0.0315716
0.0310722
0.0305813
0.0300994
0.0296273
0.0291653
0.028714
0.0282736
0.0278447
0.0274273
0.0270217
0.0266279
0.026246
0.0258757
0.0255172
0.0251699
0.0248339
0.0245085
0.0241937
0.0238888
0.0235935
0.023307
0.0230293
0.0227594
0.0224971
0.0222416
0.0219928
0.0217497
0.0215122
0.0212795
0.0210515
0.0208275
0.0206073
0.0203903
0.0201765
0.0199653
0.0197566
0.0195499
0.0193453
0.0191423
0.0189409
0.0187408
0.018542
0.0183441
0.0181475
0.0179514
0.0177565
0.017562
0.0173684
0.0171752
0.0169829
0.0167909
0.0165997
0.0164088
0.0162187
0.0160289
0.01584
0.0156513
0.0154635
0.015276
0.0150895
0.0149032
0.0147179
0.0145329
0.0143489
0.0141653
0.0139826
0.0138003
0.013619
0.0134381
0.0132581
0.0130785
0.0128999
0.0127217
0.0125444
0.0123674
0.0121915
0.0120158
0.0118411
0.0116668
0.0114934
0.0113203
0.0111482
0.0109764
0.0108056
0.010635
0.0104655
0.0102963
0.0101281
0.00996007
0.00979312
0.00962638
0.00946068
0.00929517
0.00913069
0.00896638
0.00880309
0.00863994
0.00847781
0.0083158
0.00815478
0.00799387
0.00783394
0.00767409
0.00751522
0.00735641
0.00719856
0.00704076
0.00688392
0.00672712
0.00657127
0.00641544
0.00626057
0.0061057
0.00595177
0.00579783
0.00564481
0.00549173
0.00533955
0.00518727
0.00503585
0.00488428
0.00473353
0.00458259
0.00443243
0.00428208
0.00413247
0.00398267
0.00383364
0.00368444
0.00353605
0.00338751
0.00323988
0.00309211
0.00294535
0.00279843
0.00265263
0.00250661
0.00236181
0.00221667
0.00207281
0.00192846
0.00178541
0.00164171
0.00149928
0.00135604
0.00121398
0.00107103
0.000929139
0.000786312
0.000644416
0.000501623
0.000359593
0.000216634
7.32516e-05
0.0507463
0.0507144
0.0506355
0.0505247
0.0503808
0.0502028
0.0499927
0.0497529
0.049485
0.0491912
0.0488731
0.0485328
0.0481719
0.0477924
0.0473955
0.0469829
0.0465557
0.0461154
0.0456629
0.0451992
0.0447254
0.0442421
0.0437503
0.0432506
0.0427438
0.0422305
0.0417112
0.0411867
0.0406574
0.0401242
0.0395873
0.0390477
0.0385057
0.0379623
0.0374177
0.0368731
0.0363286
0.0357855
0.0352441
0.0347054
0.0341699
0.0336386
0.0331121
0.0325914
0.0320769
0.0315695
0.03107
0.0305789
0.0300969
0.0296247
0.0291625
0.0287111
0.0282707
0.0278417
0.0274243
0.0270187
0.0266248
0.026243
0.0258727
0.0255143
0.0251671
0.0248312
0.0245059
0.0241912
0.0238863
0.0235912
0.0233049
0.0230273
0.0227575
0.0224954
0.02224
0.0219913
0.0217483
0.0215109
0.0212783
0.0210505
0.0208265
0.0206065
0.0203896
0.0201758
0.0199646
0.019756
0.0195494
0.0193449
0.0191419
0.0189406
0.0187404
0.0185417
0.0183439
0.0181472
0.0179512
0.0177563
0.0175618
0.0173682
0.017175
0.0169827
0.0167907
0.0165995
0.0164086
0.0162186
0.0160288
0.0158398
0.0156512
0.0154634
0.0152759
0.0150893
0.014903
0.0147177
0.0145327
0.0143487
0.0141651
0.0139824
0.0138001
0.0136188
0.0134379
0.0132579
0.0130783
0.0128998
0.0127215
0.0125442
0.0123673
0.0121913
0.0120156
0.011841
0.0116666
0.0114932
0.0113201
0.011148
0.0109762
0.0108054
0.0106349
0.0104654
0.0102961
0.0101279
0.0099599
0.00979295
0.00962621
0.00946051
0.009295
0.00913053
0.00896622
0.00880293
0.00863979
0.00847766
0.00831565
0.00815464
0.00799372
0.0078338
0.00767395
0.00751508
0.00735627
0.00719842
0.00704063
0.00688378
0.00672698
0.00657113
0.00641531
0.00626044
0.00610557
0.00595165
0.00579771
0.00564469
0.00549162
0.00533945
0.00518717
0.00503576
0.00488419
0.00473344
0.00458251
0.00443235
0.004282
0.00413239
0.00398259
0.00383356
0.00368435
0.00353595
0.00338741
0.00323977
0.00309199
0.00294522
0.0027983
0.0026525
0.00250648
0.00236168
0.00221655
0.0020727
0.00192836
0.00178532
0.00164163
0.00149921
0.00135598
0.00121394
0.001071
0.00092912
0.000786301
0.000644412
0.000501623
0.000359599
0.000216649
7.32617e-05
0.0507648
0.0507328
0.0506534
0.0505421
0.0503974
0.0502186
0.0500076
0.0497669
0.049498
0.0492032
0.0488841
0.048543
0.0481812
0.0478009
0.0474032
0.04699
0.0465622
0.0461213
0.0456682
0.0452041
0.0447298
0.0442462
0.043754
0.043254
0.0427468
0.0422331
0.0417136
0.0411888
0.0406592
0.0401256
0.0395885
0.0390486
0.0385063
0.0379625
0.0374176
0.0368726
0.0363278
0.0357843
0.0352425
0.0347034
0.0341676
0.0336359
0.0331091
0.0325879
0.0320731
0.0315654
0.0310655
0.0305742
0.0300919
0.0296194
0.029157
0.0287054
0.0282649
0.0278358
0.0274183
0.0270126
0.0266188
0.026237
0.0258668
0.0255084
0.0251614
0.0248257
0.0245006
0.0241861
0.0238815
0.0235866
0.0233005
0.0230232
0.0227537
0.0224918
0.0222367
0.0219883
0.0217455
0.0215084
0.021276
0.0210484
0.0208246
0.0206047
0.020388
0.0201744
0.0199634
0.0197549
0.0195484
0.019344
0.019141
0.0189398
0.0187398
0.0185411
0.0183433
0.0181468
0.0179508
0.0177559
0.0175614
0.0173679
0.0171747
0.0169824
0.0167904
0.0165992
0.0164083
0.0162183
0.0160285
0.0158395
0.0156508
0.015463
0.0152755
0.0150889
0.0149027
0.0147174
0.0145324
0.0143484
0.0141647
0.0139821
0.0137998
0.0136185
0.0134375
0.0132576
0.013078
0.0128994
0.0127211
0.0125439
0.0123669
0.0121909
0.0120153
0.0118406
0.0116662
0.0114929
0.0113198
0.0111477
0.0109759
0.0108051
0.0106345
0.010465
0.0102958
0.0101275
0.00995956
0.00979261
0.00962588
0.00946018
0.00929468
0.0091302
0.0089659
0.00880261
0.00863948
0.00847735
0.00831534
0.00815434
0.00799343
0.00783351
0.00767367
0.0075148
0.00735599
0.00719814
0.00704036
0.00688351
0.00672672
0.00657087
0.00641505
0.00626018
0.00610532
0.0059514
0.00579747
0.00564446
0.0054914
0.00533923
0.00518697
0.00503556
0.00488401
0.00473327
0.00458234
0.00443219
0.00428183
0.00413223
0.00398242
0.00383338
0.00368416
0.00353575
0.0033872
0.00323954
0.00309175
0.00294497
0.00279805
0.00265224
0.00250623
0.00236143
0.00221631
0.00207248
0.00192816
0.00178515
0.00164148
0.00149908
0.00135588
0.00121387
0.00107094
0.000929084
0.000786278
0.000644404
0.000501622
0.000359609
0.000216666
7.32782e-05
0.0507927
0.0507604
0.0506803
0.0505681
0.0504224
0.0502423
0.0500299
0.0497878
0.0495174
0.0492212
0.0489007
0.0485582
0.0481952
0.0478136
0.0474149
0.0470006
0.0465719
0.0461301
0.0456763
0.0452115
0.0447365
0.0442523
0.0437596
0.043259
0.0427514
0.0422372
0.0417172
0.0411919
0.0406619
0.0401278
0.0395902
0.0390498
0.038507
0.0379628
0.0374174
0.0368719
0.0363265
0.0357825
0.0352401
0.0347005
0.0341641
0.0336319
0.0331044
0.0325827
0.0320674
0.0315592
0.0310588
0.030567
0.0300843
0.0296114
0.0291487
0.0286969
0.0282561
0.0278268
0.0274092
0.0270035
0.0266097
0.0262279
0.0258579
0.0254997
0.0251529
0.0248174
0.0244927
0.0241785
0.0238742
0.0235797
0.023294
0.0230171
0.022748
0.0224865
0.0222318
0.0219837
0.0217413
0.0215046
0.0212725
0.0210452
0.0208217
0.0206021
0.0203857
0.0201724
0.0199615
0.0197532
0.0195469
0.0193426
0.0191398
0.0189388
0.0187388
0.0185403
0.0183426
0.018146
0.0179501
0.0177553
0.0175608
0.0173673
0.0171742
0.0169819
0.0167899
0.0165988
0.0164079
0.0162178
0.016028
0.015839
0.0156503
0.0154625
0.015275
0.0150884
0.0149022
0.0147168
0.0145318
0.0143478
0.0141642
0.0139815
0.0137992
0.0136179
0.013437
0.013257
0.0130774
0.0128989
0.0127206
0.0125433
0.0123664
0.0121904
0.0120148
0.0118401
0.0116657
0.0114923
0.0113192
0.0111472
0.0109753
0.0108045
0.010634
0.0104645
0.0102953
0.010127
0.00995905
0.0097921
0.00962538
0.00945968
0.00929418
0.00912971
0.00896542
0.00880214
0.00863901
0.00847689
0.00831489
0.00815389
0.00799299
0.00783307
0.00767324
0.00751437
0.00735558
0.00719773
0.00703995
0.00688311
0.00672632
0.00657047
0.00641466
0.00625979
0.00610494
0.00595103
0.0057971
0.00564411
0.00549106
0.00533891
0.00518666
0.00503527
0.00488374
0.00473301
0.0045821
0.00443195
0.0042816
0.00413199
0.00398218
0.00383312
0.00368389
0.00353546
0.00338688
0.0032392
0.0030914
0.0029446
0.00279767
0.00265185
0.00250584
0.00236106
0.00221595
0.00207214
0.00192786
0.00178488
0.00164125
0.00149889
0.00135573
0.00121375
0.00107085
0.00092903
0.000786245
0.000644394
0.000501623
0.000359623
0.000216686
7.32976e-05
0.0508299
0.0507972
0.0507163
0.0506029
0.0504558
0.050274
0.0500598
0.0498156
0.0495433
0.0492451
0.0489227
0.0485784
0.0482137
0.0478306
0.0474303
0.0470147
0.0465847
0.0461419
0.045687
0.0452212
0.0447454
0.0442604
0.0437669
0.0432656
0.0427574
0.0422425
0.0417219
0.041196
0.0406654
0.0401308
0.0395925
0.0390515
0.0385081
0.0379632
0.0374171
0.0368709
0.0363248
0.0357801
0.035237
0.0346966
0.0341594
0.0336264
0.0330983
0.0325758
0.0320598
0.0315509
0.0310499
0.0305574
0.0300742
0.0296008
0.0291377
0.0286854
0.0282443
0.0278149
0.0273971
0.0269914
0.0265976
0.0262159
0.025846
0.0254881
0.0251415
0.0248064
0.0244821
0.0241683
0.0238645
0.0235705
0.0232854
0.0230089
0.0227404
0.0224794
0.0222253
0.0219777
0.0217358
0.0214995
0.0212679
0.021041
0.0208179
0.0205987
0.0203826
0.0201696
0.019959
0.019751
0.0195449
0.0193408
0.0191383
0.0189373
0.0187375
0.0185391
0.0183415
0.0181451
0.0179493
0.0177545
0.0175601
0.0173666
0.0171735
0.0169813
0.0167893
0.0165981
0.0164072
0.0162172
0.0160274
0.0158384
0.0156497
0.0154619
0.0152744
0.0150877
0.0149015
0.0147161
0.0145311
0.0143471
0.0141634
0.0139808
0.0137985
0.0136172
0.0134362
0.0132563
0.0130767
0.0128981
0.0127199
0.0125426
0.0123657
0.0121897
0.0120141
0.0118394
0.011665
0.0114916
0.0113185
0.0111465
0.0109746
0.0108038
0.0106333
0.0104638
0.0102946
0.0101263
0.00995837
0.00979142
0.0096247
0.00945901
0.00929353
0.00912906
0.00896478
0.0088015
0.00863839
0.00847627
0.00831429
0.00815329
0.00799241
0.00783249
0.00767267
0.00751381
0.00735502
0.00719718
0.0070394
0.00688257
0.00672578
0.00656994
0.00641413
0.00625927
0.00610443
0.00595053
0.00579662
0.00564364
0.00549061
0.00533848
0.00518626
0.00503489
0.00488337
0.00473266
0.00458176
0.00443163
0.00428128
0.00413167
0.00398185
0.00383277
0.00368352
0.00353506
0.00338646
0.00323875
0.00309092
0.0029441
0.00279716
0.00265134
0.00250533
0.00236055
0.00221548
0.0020717
0.00192745
0.00178452
0.00164094
0.00149864
0.00135552
0.0012136
0.00107074
0.000928961
0.000786203
0.00064438
0.000501623
0.000359639
0.000216706
7.3319e-05
0.0508766
0.0508435
0.0507614
0.0506466
0.0504976
0.0503137
0.0500971
0.0498505
0.0495757
0.049275
0.0489502
0.0486037
0.0482368
0.0478517
0.0474496
0.0470323
0.0466008
0.0461565
0.0457004
0.0452334
0.0447566
0.0442705
0.0437761
0.0432739
0.0427649
0.0422492
0.0417278
0.0412012
0.0406698
0.0401344
0.0395954
0.0390536
0.0385094
0.0379637
0.0374167
0.0368697
0.0363227
0.0357771
0.035233
0.0346917
0.0341536
0.0336197
0.0330906
0.0325672
0.0320502
0.0315405
0.0310386
0.0305455
0.0300615
0.0295875
0.0291238
0.0286711
0.0282296
0.0277999
0.0273819
0.0269761
0.0265823
0.0262008
0.0258311
0.0254735
0.0251273
0.0247926
0.0244688
0.0241556
0.0238524
0.023559
0.0232745
0.0229988
0.0227308
0.0224706
0.0222171
0.0219701
0.0217289
0.0214932
0.0212622
0.0210358
0.0208132
0.0205944
0.0203787
0.0201661
0.0199559
0.0197482
0.0195424
0.0193386
0.0191363
0.0189355
0.0187359
0.0185377
0.0183402
0.0181439
0.0179482
0.0177535
0.0175592
0.0173658
0.0171727
0.0169805
0.0167885
0.0165974
0.0164065
0.0162164
0.0160266
0.0158376
0.0156489
0.015461
0.0152735
0.0150869
0.0149006
0.0147152
0.0145302
0.0143462
0.0141625
0.0139798
0.0137975
0.0136162
0.0134353
0.0132554
0.0130758
0.0128972
0.012719
0.0125417
0.0123648
0.0121888
0.0120132
0.0118385
0.0116641
0.0114908
0.0113177
0.0111456
0.0109738
0.010803
0.0106324
0.0104629
0.0102937
0.0101255
0.00995751
0.00979057
0.00962387
0.00945818
0.00929271
0.00912825
0.00896398
0.00880071
0.00863761
0.0084755
0.00831353
0.00815255
0.00799168
0.00783177
0.00767196
0.00751311
0.00735433
0.00719649
0.00703873
0.00688189
0.00672511
0.00656927
0.00641348
0.00625862
0.00610379
0.0059499
0.00579601
0.00564305
0.00549005
0.00533794
0.00518575
0.00503441
0.00488292
0.00473224
0.00458136
0.00443123
0.00428089
0.00413127
0.00398144
0.00383235
0.00368306
0.00353457
0.00338594
0.00323819
0.00309033
0.00294348
0.00279651
0.00265068
0.00250468
0.00235992
0.00221487
0.00207113
0.00192694
0.00178407
0.00164055
0.00149832
0.00135527
0.00121341
0.00107061
0.000928878
0.000786154
0.000644369
0.000501627
0.000359664
0.000216733
7.33446e-05
0.050933
0.0508993
0.0508159
0.0506991
0.0505479
0.0503614
0.0501419
0.0498924
0.0496145
0.0493109
0.0489832
0.0486339
0.0482644
0.047877
0.0474726
0.0470533
0.04662
0.046174
0.0457163
0.045248
0.0447698
0.0442826
0.0437871
0.0432839
0.0427739
0.0422572
0.041735
0.0412074
0.0406751
0.0401388
0.0395989
0.0390562
0.0385109
0.0379643
0.0374163
0.0368682
0.0363202
0.0357734
0.0352283
0.0346858
0.0341466
0.0336115
0.0330813
0.0325568
0.0320388
0.031528
0.0310252
0.030531
0.0300462
0.0295715
0.0291071
0.0286539
0.0282119
0.0277819
0.0273637
0.0269578
0.026564
0.0261826
0.0258132
0.0254559
0.0251102
0.024776
0.0244528
0.0241403
0.0238378
0.0235452
0.0232615
0.0229865
0.0227194
0.02246
0.0222073
0.0219611
0.0217206
0.0214856
0.0212553
0.0210295
0.0208075
0.0205893
0.0203741
0.020162
0.0199522
0.0197449
0.0195395
0.0193359
0.0191339
0.0189334
0.018734
0.018536
0.0183387
0.0181425
0.0179469
0.0177523
0.0175581
0.0173647
0.0171717
0.0169795
0.0167876
0.0165964
0.0164055
0.0162155
0.0160256
0.0158366
0.0156479
0.01546
0.0152725
0.0150858
0.0148995
0.0147141
0.0145291
0.0143451
0.0141614
0.0139787
0.0137964
0.0136151
0.0134342
0.0132543
0.0130747
0.0128961
0.0127179
0.0125407
0.0123637
0.0121878
0.0120121
0.0118375
0.0116631
0.0114897
0.0113166
0.0111445
0.0109727
0.0108019
0.0106314
0.0104619
0.0102927
0.0101244
0.00995649
0.00978955
0.00962286
0.00945718
0.00929172
0.00912727
0.00896301
0.00879976
0.00863668
0.00847458
0.00831263
0.00815165
0.0079908
0.0078309
0.00767111
0.00751226
0.0073535
0.00719567
0.00703791
0.00688108
0.00672431
0.00656847
0.00641269
0.00625784
0.00610302
0.00594915
0.00579528
0.00564234
0.00548937
0.00533729
0.00518513
0.00503383
0.00488237
0.00473172
0.00458086
0.00443076
0.00428042
0.0041308
0.00398095
0.00383183
0.00368251
0.00353398
0.00338531
0.00323751
0.00308961
0.00294272
0.00279574
0.00264989
0.0025039
0.00235915
0.00221415
0.00207045
0.00192633
0.00178353
0.00164009
0.00149794
0.00135496
0.00121319
0.00107044
0.000928782
0.000786098
0.000644356
0.000501632
0.000359693
0.000216762
7.33755e-05
0.0509992
0.0509648
0.0508797
0.0507608
0.0506068
0.0504172
0.0501943
0.0499412
0.0496598
0.0493527
0.0490216
0.0486691
0.0482966
0.0479063
0.0474994
0.0470777
0.0466422
0.0461943
0.0457349
0.0452649
0.0447853
0.0442966
0.0437999
0.0432955
0.0427843
0.0422666
0.0417432
0.0412146
0.0406813
0.0401439
0.0396029
0.0390592
0.0385128
0.037965
0.0374158
0.0368665
0.0363172
0.0357692
0.0352228
0.034679
0.0341384
0.033602
0.0330705
0.0325447
0.0320254
0.0315134
0.0310094
0.0305142
0.0300284
0.0295527
0.0290876
0.0286337
0.0281912
0.0277608
0.0273423
0.0269363
0.0265426
0.0261613
0.0257922
0.0254353
0.0250902
0.0247566
0.0244341
0.0241224
0.0238208
0.023529
0.0232463
0.0229723
0.0227061
0.0224476
0.0221958
0.0219506
0.0217109
0.0214768
0.0212472
0.0210222
0.020801
0.0205834
0.0203688
0.0201572
0.0199479
0.019741
0.019536
0.0193329
0.0191312
0.018931
0.0187318
0.018534
0.0183369
0.0181409
0.0179454
0.0177509
0.0175568
0.0173635
0.0171705
0.0169784
0.0167865
0.0165954
0.0164045
0.0162144
0.0160246
0.0158355
0.0156468
0.0154589
0.0152713
0.0150846
0.0148983
0.0147129
0.0145279
0.0143438
0.0141601
0.0139774
0.0137951
0.0136138
0.0134329
0.013253
0.0130734
0.0128949
0.0127167
0.0125394
0.0123625
0.0121866
0.0120109
0.0118363
0.0116619
0.0114885
0.0113154
0.0111433
0.0109715
0.0108007
0.0106302
0.0104607
0.0102915
0.0101232
0.0099553
0.00978836
0.00962168
0.00945601
0.00929057
0.00912613
0.0089619
0.00879865
0.00863559
0.0084735
0.00831158
0.00815061
0.00798978
0.00782989
0.00767012
0.00751128
0.00735253
0.00719471
0.00703696
0.00688013
0.00672338
0.00656754
0.00641177
0.00625692
0.00610213
0.00594826
0.00579443
0.00564151
0.00548858
0.00533654
0.00518442
0.00503316
0.00488175
0.00473113
0.0045803
0.00443021
0.00427988
0.00413026
0.00398039
0.00383124
0.00368189
0.0035333
0.00338457
0.00323672
0.00308877
0.00294183
0.00279482
0.00264896
0.00250297
0.00235825
0.00221328
0.00206965
0.0019256
0.00178288
0.00163954
0.00149749
0.00135461
0.00121293
0.00107026
0.00092868
0.000786043
0.000644353
0.000501648
0.000359736
0.000216804
7.34135e-05
0.0510753
0.0510401
0.0509531
0.0508316
0.0506744
0.0504811
0.0502543
0.0499971
0.0497115
0.0494004
0.0490653
0.0487092
0.0483331
0.0479397
0.0475299
0.0471055
0.0466676
0.0462174
0.045756
0.0452841
0.0448029
0.0443126
0.0438145
0.0433086
0.0427962
0.0422772
0.0417527
0.0412228
0.0406884
0.0401498
0.0396076
0.0390626
0.0385149
0.0379658
0.0374153
0.0368646
0.0363139
0.0357644
0.0352165
0.0346712
0.0341291
0.0335912
0.0330581
0.0325308
0.0320101
0.0314966
0.0309913
0.0304948
0.0300079
0.0295312
0.0290652
0.0286105
0.0281674
0.0277366
0.0273178
0.0269117
0.026518
0.0261369
0.0257682
0.0254118
0.0250672
0.0247344
0.0244127
0.0241019
0.0238013
0.0235106
0.0232289
0.022956
0.0226909
0.0224335
0.0221828
0.0219386
0.0216999
0.0214667
0.0212381
0.0210139
0.0207935
0.0205766
0.0203627
0.0201517
0.0199431
0.0197367
0.0195321
0.0193294
0.019128
0.0189282
0.0187293
0.0185317
0.0183349
0.018139
0.0179437
0.0177493
0.0175553
0.0173622
0.0171692
0.0169771
0.0167852
0.0165941
0.0164033
0.0162132
0.0160233
0.0158342
0.0156455
0.0154575
0.01527
0.0150832
0.0148969
0.0147114
0.0145264
0.0143423
0.0141586
0.0139759
0.0137936
0.0136123
0.0134314
0.0132515
0.013072
0.0128934
0.0127152
0.012538
0.0123611
0.0121851
0.0120095
0.0118349
0.0116605
0.0114871
0.011314
0.0111419
0.0109701
0.0107993
0.0106288
0.0104593
0.0102901
0.0101218
0.00995393
0.00978699
0.00962034
0.00945467
0.00928926
0.00912482
0.00896061
0.00879738
0.00863434
0.00847227
0.00831037
0.00814942
0.00798861
0.00782874
0.00766898
0.00751015
0.00735142
0.0071936
0.00703587
0.00687905
0.0067223
0.00656647
0.00641071
0.00625587
0.0061011
0.00594725
0.00579344
0.00564056
0.00548767
0.00533567
0.0051836
0.00503239
0.00488102
0.00473044
0.00457966
0.00442959
0.00427927
0.00412964
0.00397976
0.00383056
0.00368116
0.00353252
0.00338373
0.0032358
0.0030878
0.00294081
0.00279377
0.00264788
0.0025019
0.0023572
0.00221229
0.00206873
0.00192476
0.00178215
0.00163892
0.00149699
0.00135421
0.00121264
0.00107006
0.000928567
0.000785985
0.000644352
0.000501669
0.000359785
0.000216852
7.34583e-05
0.0511617
0.0511256
0.0510363
0.0509117
0.0507508
0.0505533
0.0503219
0.05006
0.0497696
0.0494539
0.0491144
0.048754
0.0483741
0.0479771
0.0475639
0.0471366
0.0466959
0.0462432
0.0457796
0.0453056
0.0448225
0.0443305
0.0438308
0.0433234
0.0428096
0.0422892
0.0417633
0.0412321
0.0406963
0.0401564
0.0396128
0.0390665
0.0385173
0.0379668
0.0374147
0.0368625
0.0363101
0.0357591
0.0352094
0.0346624
0.0341186
0.0335789
0.0330442
0.0325151
0.0319928
0.0314777
0.0309709
0.030473
0.0299848
0.0295069
0.0290398
0.0285843
0.0281406
0.0277092
0.0272901
0.0268839
0.0264902
0.0261093
0.025741
0.0253851
0.0250413
0.0247093
0.0243886
0.0240788
0.0237793
0.0234898
0.0232093
0.0229376
0.0226738
0.0224177
0.0221681
0.0219251
0.0216876
0.0214555
0.0212278
0.0210046
0.0207851
0.0205691
0.020356
0.0201456
0.0199376
0.0197318
0.0195278
0.0193255
0.0191246
0.0189251
0.0187266
0.0185292
0.0183326
0.018137
0.0179419
0.0177476
0.0175537
0.0173606
0.0171678
0.0169757
0.0167839
0.0165928
0.0164019
0.0162118
0.0160219
0.0158328
0.015644
0.015456
0.0152684
0.0150816
0.0148953
0.0147098
0.0145248
0.0143406
0.014157
0.0139742
0.013792
0.0136107
0.0134298
0.0132499
0.0130704
0.0128918
0.0127136
0.0125364
0.0123595
0.0121836
0.012008
0.0118333
0.0116589
0.0114855
0.0113125
0.0111403
0.0109686
0.0107977
0.0106272
0.0104577
0.0102885
0.0101203
0.00995239
0.00978546
0.00961883
0.00945317
0.00928778
0.00912336
0.00895918
0.00879596
0.00863295
0.00847089
0.00830901
0.00814808
0.0079873
0.00782744
0.00766771
0.00750889
0.00735019
0.00719237
0.00703466
0.00687783
0.0067211
0.00656527
0.00640952
0.00625469
0.00609994
0.00594611
0.00579234
0.00563948
0.00548664
0.00533469
0.00518269
0.00503153
0.00488022
0.0047297
0.00457895
0.00442891
0.00427861
0.00412897
0.00397906
0.00382982
0.00368037
0.00353165
0.00338278
0.00323478
0.00308671
0.00293965
0.00279256
0.00264665
0.00250068
0.002356
0.00221115
0.00206767
0.00192381
0.00178132
0.00163821
0.00149642
0.00135377
0.00121233
0.00106985
0.000928458
0.000785937
0.000644371
0.000501709
0.000359857
0.000216918
7.35133e-05
0.0512585
0.0512213
0.0511294
0.0510013
0.0508362
0.0506338
0.0503972
0.0501299
0.0498342
0.0495132
0.0491687
0.0488037
0.0484194
0.0480184
0.0476015
0.0471708
0.0467271
0.0462717
0.0458056
0.0453294
0.0448442
0.0443502
0.0438489
0.0433397
0.0428244
0.0423024
0.0417751
0.0412424
0.0407052
0.0401638
0.0396187
0.0390708
0.03852
0.0379679
0.0374141
0.0368602
0.036306
0.0357531
0.0352016
0.0346527
0.0341069
0.0335653
0.0330287
0.0324977
0.0319735
0.0314566
0.0309481
0.0304486
0.0299589
0.0294797
0.0290115
0.0285551
0.0281105
0.0276786
0.0272592
0.0268527
0.0264592
0.0260786
0.0257107
0.0253554
0.0250124
0.0246813
0.0243617
0.0240531
0.0237549
0.0234666
0.0231875
0.0229172
0.0226548
0.0224
0.0221518
0.0219101
0.0216739
0.021443
0.0212165
0.0209944
0.0207758
0.0205607
0.0203485
0.0201389
0.0199316
0.0197264
0.019523
0.0193212
0.0191208
0.0189217
0.0187235
0.0185265
0.0183301
0.0181347
0.0179398
0.0177457
0.0175519
0.017359
0.0171662
0.0169742
0.0167824
0.0165913
0.0164004
0.0162103
0.0160204
0.0158312
0.0156424
0.0154544
0.0152667
0.0150799
0.0148935
0.014708
0.0145229
0.0143388
0.0141551
0.0139724
0.0137901
0.0136088
0.0134279
0.013248
0.0130685
0.01289
0.0127118
0.0125346
0.0123577
0.0121818
0.0120062
0.0118315
0.0116572
0.0114838
0.0113107
0.0111386
0.0109668
0.010796
0.0106255
0.010456
0.0102868
0.0101186
0.00995068
0.00978375
0.00961714
0.00945149
0.00928613
0.00912172
0.00895757
0.00879436
0.00863139
0.00846935
0.0083075
0.00814658
0.00798583
0.00782599
0.00766629
0.00750749
0.0073488
0.007191
0.0070333
0.00687648
0.00671976
0.00656393
0.0064082
0.00625337
0.00609864
0.00594483
0.0057911
0.00563828
0.00548549
0.0053336
0.00518166
0.00503056
0.00487933
0.00472886
0.00457816
0.00442815
0.00427787
0.00412822
0.00397829
0.003829
0.00367948
0.00353067
0.00338173
0.00323362
0.00308548
0.00293834
0.00279121
0.00264526
0.00249931
0.00235465
0.00220988
0.00206648
0.00192274
0.00178039
0.00163743
0.00149579
0.00135328
0.00121199
0.00106962
0.000928346
0.000785893
0.000644397
0.000501759
0.000359939
0.000216992
7.35776e-05
0.0513662
0.0513277
0.0512328
0.0511006
0.0509307
0.0507227
0.0504802
0.0502068
0.0499051
0.0495783
0.0492282
0.048858
0.0484688
0.0480635
0.0476425
0.0472083
0.0467612
0.0463028
0.045834
0.0453553
0.044868
0.0443719
0.0438686
0.0433576
0.0428406
0.0423169
0.0417881
0.0412537
0.0407149
0.0401719
0.0396251
0.0390756
0.0385231
0.0379692
0.0374135
0.0368577
0.0363015
0.0357466
0.035193
0.034642
0.0340941
0.0335503
0.0330115
0.0324784
0.0319522
0.0314333
0.030923
0.0304217
0.0299304
0.0294497
0.0289802
0.0285227
0.0280773
0.0276447
0.0272249
0.0268183
0.0264248
0.0260445
0.0256771
0.0253226
0.0249805
0.0246504
0.024332
0.0240247
0.0237279
0.0234411
0.0231635
0.0228948
0.0226339
0.0223807
0.022134
0.0218938
0.0216589
0.0214293
0.0212041
0.0209832
0.0207657
0.0205516
0.0203403
0.0201316
0.0199251
0.0197206
0.0195178
0.0193166
0.0191166
0.0189179
0.0187202
0.0185235
0.0183274
0.0181323
0.0179376
0.0177437
0.01755
0.0173572
0.0171645
0.0169725
0.0167807
0.0165897
0.0163988
0.0162086
0.0160187
0.0158295
0.0156407
0.0154526
0.0152649
0.015078
0.0148916
0.014706
0.0145209
0.0143367
0.0141531
0.0139703
0.0137881
0.0136067
0.0134259
0.013246
0.0130665
0.012888
0.0127099
0.0125327
0.0123558
0.0121799
0.0120043
0.0118296
0.0116553
0.0114819
0.0113088
0.0111367
0.0109649
0.0107941
0.0106236
0.010454
0.0102849
0.0101167
0.0099488
0.00978188
0.0096153
0.00944966
0.00928433
0.00911993
0.00895582
0.00879262
0.00862968
0.00846766
0.00830585
0.00814495
0.00798424
0.00782442
0.00766475
0.00750596
0.0073473
0.0071895
0.00703182
0.006875
0.00671829
0.00656246
0.00640674
0.00625192
0.00609721
0.00594342
0.00578973
0.00563695
0.00548423
0.0053324
0.00518054
0.00502952
0.00487836
0.00472796
0.00457733
0.00442735
0.00427709
0.00412743
0.00397747
0.00382812
0.00367853
0.00352962
0.00338058
0.00323236
0.00308412
0.00293688
0.0027897
0.00264371
0.00249776
0.00235314
0.00220844
0.00206514
0.00192154
0.00177935
0.00163656
0.0014951
0.00135276
0.00121163
0.0010694
0.000928249
0.000785872
0.000644456
0.000501839
0.000360052
0.000217092
7.36541e-05
0.051485
0.0514451
0.0513467
0.0512099
0.0510344
0.0508202
0.0505709
0.0502908
0.0499823
0.0496491
0.0492928
0.0489169
0.0485224
0.0481123
0.0476869
0.0472487
0.0467981
0.0463365
0.0458648
0.0453833
0.0448937
0.0443953
0.04389
0.043377
0.0428583
0.0423327
0.0418022
0.0412661
0.0407255
0.0401808
0.0396322
0.0390809
0.0385264
0.0379707
0.0374128
0.0368551
0.0362966
0.0357396
0.0351836
0.0346303
0.0340801
0.0335339
0.0329928
0.0324574
0.0319289
0.0314078
0.0308954
0.0303921
0.029899
0.0294168
0.0289459
0.0284872
0.0280408
0.0276076
0.0271873
0.0267805
0.0263871
0.0260071
0.0256403
0.0252865
0.0249455
0.0246165
0.0242995
0.0239936
0.0236984
0.0234132
0.0231373
0.0228703
0.0226111
0.0223596
0.0221145
0.0218759
0.0216426
0.0214145
0.0211907
0.020971
0.0207548
0.0205418
0.0203315
0.0201237
0.0199181
0.0197143
0.0195122
0.0193115
0.0191122
0.018914
0.0187167
0.0185203
0.0183246
0.0181297
0.0179352
0.0177415
0.017548
0.0173552
0.0171626
0.0169707
0.0167789
0.0165879
0.016397
0.0162068
0.0160168
0.0158276
0.0156387
0.0154506
0.0152628
0.0150759
0.0148894
0.0147038
0.0145187
0.0143345
0.0141508
0.013968
0.0137858
0.0136045
0.0134237
0.0132438
0.0130643
0.0128858
0.0127077
0.0125305
0.0123537
0.0121778
0.0120022
0.0118275
0.0116532
0.0114798
0.0113067
0.0111346
0.0109628
0.0107919
0.0106215
0.0104519
0.0102828
0.0101146
0.00994673
0.00977981
0.00961327
0.00944764
0.00928235
0.00911796
0.00895389
0.00879071
0.00862781
0.0084658
0.00830404
0.00814316
0.00798248
0.00782268
0.00766305
0.00750427
0.00734564
0.00718785
0.00703019
0.00687337
0.00671668
0.00656084
0.00640514
0.00625032
0.00609564
0.00594187
0.00578822
0.00563549
0.00548284
0.00533108
0.00517931
0.00502836
0.0048773
0.00472697
0.00457641
0.00442648
0.00427624
0.00412657
0.00397658
0.00382717
0.00367749
0.00352847
0.00337931
0.00323096
0.00308261
0.00293527
0.00278803
0.00264198
0.00249605
0.00235146
0.00220685
0.00206367
0.00192022
0.0017782
0.0016356
0.00149435
0.00135219
0.00121126
0.00106916
0.000928158
0.000785863
0.000644531
0.000501936
0.000360181
0.0002172
7.3739e-05
0.0516154
0.0515738
0.0514714
0.0513293
0.0511475
0.0509262
0.0506694
0.0503818
0.0500657
0.0497254
0.0493623
0.0489803
0.04858
0.0481647
0.0477346
0.0472921
0.0468376
0.0463726
0.0458978
0.0454135
0.0449213
0.0444204
0.0439131
0.0433979
0.0428773
0.0423498
0.0418174
0.0412794
0.040737
0.0401905
0.0396399
0.0390867
0.0385301
0.0379723
0.0374122
0.0368522
0.0362914
0.035732
0.0351735
0.0346177
0.0340649
0.0335161
0.0329725
0.0324345
0.0319036
0.03138
0.0308654
0.0303599
0.0298649
0.0293809
0.0289084
0.0284484
0.028001
0.027567
0.0271462
0.0267393
0.026346
0.0259664
0.0256002
0.0252473
0.0249073
0.0245797
0.0242641
0.0239598
0.0236663
0.0233829
0.0231089
0.0228438
0.0225864
0.0223368
0.0220935
0.0218567
0.021625
0.0213985
0.0211762
0.0209579
0.020743
0.0205312
0.0203221
0.0201152
0.0199105
0.0197075
0.0195062
0.0193062
0.0191075
0.0189097
0.0187129
0.0185169
0.0183215
0.0181269
0.0179326
0.0177391
0.0175458
0.0173532
0.0171606
0.0169688
0.016777
0.016586
0.0163951
0.0162049
0.0160149
0.0158256
0.0156367
0.0154484
0.0152607
0.0150736
0.0148871
0.0147014
0.0145163
0.014332
0.0141484
0.0139656
0.0137834
0.013602
0.0134213
0.0132414
0.013062
0.0128835
0.0127054
0.0125282
0.0123514
0.0121755
0.012
0.0118253
0.011651
0.0114776
0.0113045
0.0111323
0.0109605
0.0107897
0.0106192
0.0104497
0.0102805
0.0101123
0.00994451
0.0097776
0.00961109
0.00944547
0.00928022
0.00911584
0.00895181
0.00878865
0.0086258
0.00846381
0.00830209
0.00814124
0.0079806
0.00782082
0.00766123
0.00750247
0.00734387
0.00718609
0.00702845
0.00687163
0.00671495
0.0065591
0.00640342
0.00624859
0.00609394
0.00594018
0.00578659
0.0056339
0.00548133
0.00532965
0.00517798
0.00502713
0.00487618
0.00472594
0.00457546
0.00442558
0.00427538
0.0041257
0.00397568
0.00382618
0.00367641
0.00352724
0.00337796
0.00322945
0.00308097
0.0029335
0.00278618
0.00264007
0.00249414
0.00234958
0.00220508
0.00206203
0.00191876
0.00177694
0.00163456
0.00149354
0.00135159
0.00121088
0.00106894
0.000928101
0.000785895
0.000644657
0.000502078
0.000360354
0.000217341
7.38383e-05
0.0517579
0.0517143
0.0516073
0.0514592
0.0512702
0.051041
0.0507758
0.0504797
0.0501554
0.0498073
0.0494368
0.0490481
0.0486415
0.0482206
0.0477853
0.0473384
0.0468798
0.0464111
0.0459329
0.0454456
0.0449508
0.0444473
0.0439378
0.0434203
0.0428977
0.0423681
0.0418338
0.0412938
0.0407495
0.0402009
0.0396483
0.039093
0.0385341
0.0379742
0.0374116
0.0368493
0.0362858
0.0357238
0.0351627
0.0346041
0.0340486
0.0334969
0.0329506
0.0324097
0.0318762
0.0313499
0.0308328
0.030325
0.0298279
0.0293419
0.0288677
0.0284064
0.0279578
0.027523
0.0271017
0.0266946
0.0263014
0.0259221
0.0255567
0.0252047
0.024866
0.0245398
0.0242258
0.0239233
0.0236316
0.0233503
0.0230782
0.0228152
0.0225598
0.0223123
0.0220709
0.021836
0.0216061
0.0213814
0.0211607
0.0209439
0.0207305
0.0205199
0.020312
0.0201062
0.0199025
0.0197003
0.0194999
0.0193005
0.0191024
0.0189052
0.0187088
0.0185133
0.0183182
0.018124
0.0179299
0.0177366
0.0175434
0.017351
0.0171585
0.0169667
0.016775
0.016584
0.016393
0.0162028
0.0160128
0.0158234
0.0156344
0.0154461
0.0152583
0.0150711
0.0148846
0.0146988
0.0145137
0.0143294
0.0141457
0.0139629
0.0137807
0.0135994
0.0134186
0.0132388
0.0130594
0.0128809
0.0127029
0.0125258
0.012349
0.0121731
0.0119975
0.0118229
0.0116485
0.0114751
0.011302
0.0111299
0.0109581
0.0107872
0.0106168
0.0104472
0.0102781
0.0101099
0.00994209
0.00977518
0.00960871
0.0094431
0.0092779
0.00911354
0.00894955
0.00878641
0.00862361
0.00846164
0.00829997
0.00813914
0.00797855
0.00781879
0.00765924
0.0075005
0.00734194
0.00718417
0.00702655
0.00686973
0.00671306
0.00655721
0.00640153
0.00624671
0.00609208
0.00593834
0.0057848
0.00563216
0.00547968
0.00532808
0.00517653
0.00502579
0.00487496
0.00472481
0.00457443
0.00442461
0.00427445
0.00412476
0.0039747
0.00382511
0.00367523
0.00352592
0.00337648
0.00322779
0.00307918
0.00293155
0.00278415
0.00263797
0.00249205
0.00234753
0.00220313
0.00206023
0.00191717
0.00177557
0.00163344
0.00149267
0.00135096
0.00121048
0.00106873
0.000928062
0.000785951
0.00064481
0.000502247
0.00036055
0.000217496
7.39501e-05
0.0519129
0.0518671
0.0517549
0.0515998
0.0514027
0.0511645
0.0508899
0.0505846
0.0502512
0.0498946
0.049516
0.04912
0.0487067
0.0482799
0.0478391
0.0473874
0.0469244
0.0464518
0.0459702
0.0454797
0.0449821
0.0444759
0.043964
0.0434441
0.0429194
0.0423876
0.0418513
0.0413092
0.0407628
0.0402122
0.0396573
0.0390998
0.0385385
0.0379763
0.0374111
0.0368462
0.03628
0.0357152
0.0351511
0.0345896
0.0340311
0.0334764
0.0329271
0.0323831
0.0318467
0.0313175
0.0307978
0.0302874
0.0297879
0.0292998
0.0288238
0.028361
0.0279111
0.0274755
0.0270536
0.0266463
0.0262532
0.0258744
0.0255098
0.0251588
0.0248215
0.0244968
0.0241846
0.023884
0.0235944
0.0233152
0.0230453
0.0227845
0.0225314
0.022286
0.0220468
0.021814
0.021586
0.0213632
0.0211442
0.0209291
0.0207172
0.020508
0.0203014
0.0200966
0.0198941
0.0196928
0.0194932
0.0192945
0.0190971
0.0189005
0.0187046
0.0185095
0.0183148
0.0181209
0.0179271
0.0177341
0.017541
0.0173487
0.0171563
0.0169646
0.0167729
0.0165819
0.0163909
0.0162006
0.0160105
0.0158211
0.015632
0.0154436
0.0152557
0.0150685
0.014882
0.0146961
0.014511
0.0143265
0.0141429
0.01396
0.0137779
0.0135966
0.0134159
0.013236
0.0130567
0.0128783
0.0127003
0.0125231
0.0123464
0.0121705
0.011995
0.0118203
0.011646
0.0114725
0.0112995
0.0111273
0.0109555
0.0107846
0.0106141
0.0104446
0.0102755
0.0101073
0.00993952
0.00977262
0.0096062
0.00944059
0.00927544
0.0091111
0.00894717
0.00878404
0.00862129
0.00845935
0.00829773
0.00813693
0.0079764
0.00781666
0.00765716
0.00749844
0.00733991
0.00718215
0.00702455
0.00686772
0.00671107
0.0065552
0.00639954
0.0062447
0.0060901
0.00593636
0.00578288
0.0056303
0.00547792
0.00532641
0.005175
0.00502437
0.00487369
0.00472366
0.00457339
0.00442364
0.00427353
0.00412383
0.00397373
0.00382403
0.00367403
0.00352454
0.00337492
0.00322602
0.00307724
0.00292943
0.00278193
0.00263566
0.00248974
0.00234525
0.00220099
0.00205825
0.00191542
0.00177408
0.00163223
0.00149176
0.00135031
0.0012101
0.00106855
0.000928079
0.000786072
0.000645036
0.00050248
0.000360807
0.000217696
7.40833e-05
0.0520811
0.0520328
0.0519146
0.0517515
0.0515452
0.0512969
0.051012
0.0506963
0.0503529
0.0499871
0.0495998
0.049196
0.0487754
0.0483423
0.0478958
0.047439
0.0469714
0.0464948
0.0460096
0.0455157
0.0450152
0.0445061
0.0439918
0.0434694
0.0429425
0.0424083
0.04187
0.0413257
0.0407771
0.0402242
0.0396669
0.0391072
0.0385433
0.0379786
0.0374106
0.0368431
0.0362738
0.0357061
0.0351389
0.0345741
0.0340125
0.0334544
0.0329019
0.0323546
0.0318151
0.0312828
0.0307602
0.030247
0.0297449
0.0292546
0.0287766
0.0283121
0.0278608
0.0274243
0.0270018
0.0265943
0.0262013
0.0258231
0.0254594
0.0251095
0.0247737
0.0244506
0.0241404
0.0238418
0.0235545
0.0232776
0.0230101
0.0227518
0.022501
0.0222581
0.0220211
0.0217906
0.0215647
0.0213439
0.0211268
0.0209134
0.0207031
0.0204953
0.0202901
0.0200866
0.0198852
0.0196848
0.0194862
0.0192882
0.0190916
0.0188955
0.0187002
0.0185055
0.0183113
0.0181177
0.0179241
0.0177313
0.0175384
0.0173463
0.0171539
0.0169623
0.0167706
0.0165796
0.0163886
0.0161982
0.0160081
0.0158186
0.0156294
0.0154409
0.015253
0.0150656
0.014879
0.0146931
0.0145079
0.0143235
0.0141398
0.0139569
0.0137748
0.0135935
0.0134128
0.013233
0.0130537
0.0128753
0.0126974
0.0125203
0.0123436
0.0121677
0.0119922
0.0118175
0.0116432
0.0114697
0.0112967
0.0111244
0.0109527
0.0107817
0.0106113
0.0104417
0.0102727
0.0101044
0.00993673
0.00976983
0.00960346
0.00943787
0.00927278
0.00910845
0.00894457
0.00878147
0.00861878
0.00845686
0.0082953
0.00813452
0.00797405
0.00781435
0.0076549
0.0074962
0.00733771
0.00717996
0.00702239
0.00686556
0.00670891
0.00655302
0.00639737
0.00624251
0.00608794
0.00593421
0.0057808
0.00562826
0.00547599
0.00532458
0.00517332
0.00502284
0.00487231
0.00472241
0.00457228
0.00442261
0.00427255
0.00412284
0.0039727
0.00382289
0.00367275
0.00352305
0.00337324
0.00322411
0.00307513
0.00292712
0.00277949
0.00263312
0.00248721
0.00234276
0.00219864
0.00205608
0.00191351
0.00177246
0.00163092
0.00149078
0.00134964
0.00120972
0.00106839
0.000928133
0.000786235
0.000645307
0.000502754
0.000361097
0.000217919
7.42348e-05
0.0522633
0.0522121
0.0520868
0.0519147
0.051698
0.0514384
0.0511418
0.0508148
0.0504605
0.0500846
0.0496879
0.0492759
0.0488476
0.0484078
0.0479551
0.0474931
0.0470207
0.0465398
0.0460508
0.0455534
0.0450499
0.0445379
0.0440211
0.043496
0.0429669
0.0424303
0.0418898
0.0413431
0.0407923
0.0402371
0.0396773
0.0391152
0.0385485
0.0379813
0.0374102
0.0368399
0.0362673
0.0356965
0.0351259
0.0345578
0.0339927
0.033431
0.0328751
0.0323241
0.0317814
0.0312456
0.0307199
0.0302037
0.0296989
0.0292061
0.0287259
0.0282597
0.0278069
0.0273694
0.0269462
0.0265386
0.0261458
0.025768
0.0254053
0.0250567
0.0247225
0.0244012
0.0240933
0.0237969
0.0235121
0.0232377
0.0229728
0.0227171
0.0224688
0.0222286
0.021994
0.0217659
0.0215422
0.0213236
0.0211085
0.020897
0.0206884
0.0204822
0.0202785
0.0200761
0.019876
0.0196766
0.0194789
0.0192817
0.0190859
0.0188904
0.0186957
0.0185015
0.0183076
0.0181144
0.0179211
0.0177286
0.0175358
0.0173438
0.0171516
0.01696
0.0167683
0.0165773
0.0163863
0.0161958
0.0160056
0.015816
0.0156268
0.0154381
0.0152501
0.0150627
0.014876
0.0146899
0.0145048
0.0143202
0.0141366
0.0139537
0.0137716
0.0135903
0.0134097
0.0132299
0.0130507
0.0128723
0.0126944
0.0125174
0.0123407
0.0121648
0.0119893
0.0118146
0.0116403
0.0114668
0.0112938
0.0111215
0.0109497
0.0107788
0.0106084
0.0104387
0.0102697
0.0101015
0.00993383
0.00976693
0.00960062
0.00943504
0.00927
0.00910569
0.00894188
0.00877879
0.00861616
0.00845427
0.00829277
0.00813203
0.00797161
0.00781195
0.00765255
0.00749389
0.00733544
0.0071777
0.00702015
0.0068633
0.00670666
0.00655075
0.00639509
0.00624021
0.00608566
0.00593193
0.00577858
0.0056261
0.00547395
0.00532266
0.00517157
0.00502124
0.00487091
0.00472116
0.00457119
0.00442161
0.00427162
0.0041219
0.00397171
0.00382177
0.00367147
0.00352153
0.00337149
0.00322207
0.00307287
0.00292462
0.00277684
0.00263035
0.00248443
0.00234003
0.00219607
0.00205371
0.00191143
0.00177071
0.00162953
0.00148976
0.00134896
0.00120938
0.00106829
0.000928273
0.00078649
0.000645677
0.000503115
0.000361468
0.000218201
7.44138e-05
0.0524603
0.0524056
0.0522723
0.0520897
0.0518611
0.0515889
0.0512794
0.0509399
0.0505737
0.050187
0.0497803
0.0493594
0.0489229
0.0484762
0.048017
0.0475494
0.0470721
0.0465868
0.0460939
0.0455929
0.0450863
0.0445712
0.0440519
0.043524
0.0429927
0.0424534
0.0419107
0.0413616
0.0408084
0.0402508
0.0396884
0.0391238
0.0385541
0.0379843
0.0374099
0.0368366
0.0362606
0.0356865
0.0351123
0.0345405
0.0339717
0.0334061
0.0328466
0.0322917
0.0317455
0.031206
0.0306769
0.0301575
0.0296497
0.0291543
0.0286717
0.0282036
0.0277492
0.0273107
0.0268867
0.0264789
0.0260863
0.0257092
0.0253476
0.0250003
0.0246679
0.0243486
0.024043
0.023749
0.0234669
0.0231952
0.0229331
0.0226802
0.0224347
0.0221973
0.0219652
0.0217399
0.0215185
0.0213023
0.0210892
0.0208797
0.0206729
0.0204683
0.0202662
0.0200651
0.0198663
0.0196679
0.0194713
0.0192749
0.0190798
0.018885
0.0186909
0.0184972
0.0183037
0.0181109
0.0179179
0.0177256
0.017533
0.0173412
0.017149
0.0169575
0.0167658
0.0165748
0.0163837
0.0161932
0.0160029
0.0158131
0.0156239
0.0154351
0.015247
0.0150594
0.0148727
0.0146865
0.0145013
0.0143167
0.0141331
0.0139501
0.0137681
0.0135868
0.0134062
0.0132265
0.0130473
0.012869
0.0126911
0.0125141
0.0123375
0.0121617
0.0119862
0.0118115
0.0116372
0.0114637
0.0112906
0.0111183
0.0109465
0.0107755
0.0106051
0.0104355
0.0102665
0.0100983
0.00993066
0.00976377
0.00959752
0.00943195
0.00926698
0.00910268
0.00893894
0.00877588
0.00861332
0.00845145
0.00829003
0.00812931
0.00796897
0.00780934
0.00765001
0.00749137
0.00733297
0.00717525
0.00701772
0.00686087
0.00670424
0.00654829
0.00639263
0.00623772
0.00608318
0.00592945
0.00577617
0.00562374
0.00547173
0.00532055
0.00516967
0.0050195
0.00486939
0.00471981
0.00457002
0.00442055
0.00427065
0.00412092
0.00397069
0.00382059
0.00367012
0.00351991
0.00336961
0.00321988
0.00307042
0.00292189
0.00277396
0.00262732
0.0024814
0.00233704
0.00219325
0.00205113
0.00190918
0.00176883
0.00162805
0.00148869
0.00134826
0.00120905
0.00106824
0.000928474
0.000786813
0.000646116
0.000503535
0.000361887
0.000218512
7.4615e-05
0.052673
0.0526144
0.0524716
0.0522769
0.0520349
0.0517485
0.0514247
0.0510716
0.0506924
0.0502941
0.0498766
0.0494463
0.0490012
0.0485472
0.0480813
0.047608
0.0471254
0.0466356
0.0461388
0.045634
0.0451243
0.0446059
0.0440841
0.0435533
0.0430197
0.0424778
0.0419328
0.0413811
0.0408255
0.0402654
0.0397002
0.0391331
0.0385602
0.0379876
0.0374097
0.0368334
0.0362537
0.0356761
0.035098
0.0345223
0.0339497
0.0333799
0.0328165
0.0322574
0.0317074
0.0311638
0.0306313
0.0301083
0.0295974
0.0290991
0.0286139
0.0281439
0.0276877
0.0272481
0.0268233
0.0264153
0.026023
0.0256465
0.0252861
0.0249402
0.0246099
0.0242926
0.0239896
0.0236983
0.023419
0.0231503
0.0228912
0.0226415
0.0223989
0.0221645
0.0219352
0.0217126
0.0214938
0.0212801
0.0210692
0.0208618
0.020657
0.0204541
0.0202536
0.0200539
0.0198564
0.019659
0.0194636
0.019268
0.0190738
0.0188796
0.0186861
0.0184929
0.0182999
0.0181075
0.0179147
0.0177228
0.0175303
0.0173387
0.0171465
0.0169552
0.0167634
0.0165724
0.0163812
0.0161906
0.0160002
0.0158103
0.0156209
0.015432
0.0152438
0.0150561
0.0148693
0.014683
0.0144978
0.0143131
0.0141295
0.0139465
0.0137645
0.0135832
0.0134027
0.013223
0.0130439
0.0128657
0.0126879
0.0125109
0.0123343
0.0121585
0.011983
0.0118083
0.011634
0.0114604
0.0112874
0.011115
0.0109432
0.0107722
0.0106018
0.0104322
0.0102632
0.010095
0.00992741
0.00976053
0.00959434
0.00942878
0.00926389
0.0090996
0.00893594
0.00877289
0.0086104
0.00844856
0.00828721
0.00812653
0.00796626
0.00780668
0.00764741
0.00748881
0.00733046
0.00717275
0.00701525
0.00685838
0.00670174
0.00654574
0.00639008
0.00623511
0.00608059
0.00592684
0.00577363
0.00562125
0.00546939
0.00531835
0.00516769
0.00501771
0.00486785
0.00471848
0.0045689
0.00441956
0.00426977
0.00412003
0.00396974
0.00381948
0.00366879
0.00351828
0.00336767
0.00321757
0.0030678
0.00291895
0.00277081
0.002624
0.00247807
0.00233375
0.00219017
0.00204831
0.00190673
0.00176679
0.00162647
0.00148759
0.00134758
0.00120879
0.00106828
0.000928799
0.000787264
0.000646689
0.000504071
0.000362408
0.000218893
7.48458e-05
0.0529026
0.0528393
0.0526856
0.0524768
0.0522195
0.0519172
0.0515776
0.0512095
0.0508163
0.0504055
0.0499765
0.0495364
0.0490822
0.0486206
0.0481477
0.0476685
0.0471806
0.0466861
0.0461852
0.0456766
0.0451638
0.0446421
0.0441177
0.0435839
0.043048
0.0425033
0.0419561
0.0414017
0.0408435
0.0402808
0.0397127
0.039143
0.0385668
0.0379913
0.0374098
0.0368302
0.0362465
0.0356652
0.0350831
0.0345032
0.0339265
0.0333522
0.0327848
0.0322211
0.031667
0.0311192
0.0305828
0.030056
0.0295416
0.0290404
0.0285524
0.0280802
0.0276221
0.0271814
0.0267557
0.0263476
0.0259554
0.0255797
0.0252206
0.0248763
0.0245482
0.0242332
0.023933
0.0236444
0.0233683
0.0231028
0.0228469
0.0226005
0.022361
0.0221299
0.0219035
0.021684
0.0214678
0.0212567
0.0210482
0.0208431
0.0206403
0.0204391
0.0202404
0.0200421
0.0198461
0.0196498
0.0194555
0.0192607
0.0190674
0.0188738
0.018681
0.0184884
0.0182958
0.0181038
0.0179113
0.0177197
0.0175273
0.0173359
0.0171437
0.0169525
0.0167607
0.0165696
0.0163784
0.0161877
0.0159972
0.0158071
0.0156177
0.0154285
0.0152403
0.0150523
0.0148655
0.014679
0.0144938
0.014309
0.0141255
0.0139424
0.0137605
0.0135792
0.0133988
0.0132192
0.0130401
0.012862
0.0126842
0.0125073
0.0123307
0.012155
0.0119795
0.0118048
0.0116305
0.0114569
0.0112838
0.0111114
0.0109396
0.0107686
0.0105982
0.0104285
0.0102596
0.0100913
0.00992386
0.00975698
0.00959087
0.00942532
0.00926051
0.00909624
0.00893266
0.00876963
0.00860723
0.00844541
0.00828414
0.00812351
0.00796331
0.00780378
0.00764458
0.00748604
0.00732773
0.00717005
0.00701257
0.00685569
0.00669904
0.006543
0.00638732
0.00623229
0.00607778
0.005924
0.00577087
0.00561853
0.00546685
0.00531594
0.00516553
0.00501577
0.0048662
0.00471705
0.00456772
0.00441853
0.00426886
0.00411913
0.00396878
0.00381833
0.00366742
0.00351656
0.00336561
0.00321509
0.00306497
0.00291576
0.00276739
0.00262039
0.00247443
0.00233016
0.0021868
0.00204524
0.00190408
0.00176461
0.0016248
0.00148644
0.00134691
0.00120858
0.0010684
0.000929222
0.000787819
0.000647364
0.000504693
0.000362999
0.000219314
7.51015e-05
0.0531504
0.0530816
0.0529149
0.0526899
0.0524151
0.052095
0.0517379
0.0513534
0.0509451
0.050521
0.0500798
0.0496293
0.0491657
0.0486962
0.0482161
0.0477309
0.0472375
0.0467383
0.0462332
0.0457207
0.0452047
0.0446796
0.0441526
0.0436157
0.0430776
0.04253
0.0419804
0.0414234
0.0408625
0.0402972
0.039726
0.0391536
0.0385739
0.0379955
0.03741
0.0368271
0.0362393
0.0356541
0.0350676
0.0344833
0.0339022
0.0333231
0.0327514
0.0321827
0.0316245
0.0310719
0.0305315
0.0300006
0.0294826
0.0289781
0.0284871
0.0280127
0.0275525
0.0271106
0.026684
0.0262757
0.0258839
0.025509
0.0251514
0.0248087
0.0244831
0.0241705
0.0238733
0.0235878
0.0233151
0.023053
0.0228005
0.0225577
0.0223216
0.022094
0.0218707
0.0216545
0.021441
0.0212328
0.0210268
0.0208239
0.0206233
0.020424
0.0202272
0.0200302
0.0198358
0.0196405
0.0194475
0.0192535
0.0190612
0.0188683
0.0186761
0.018484
0.0182919
0.0181003
0.0179081
0.0177168
0.0175246
0.0173334
0.0171412
0.01695
0.0167582
0.0165671
0.0163758
0.016185
0.0159944
0.0158041
0.0156145
0.0154252
0.0152368
0.0150487
0.0148618
0.0146752
0.0144899
0.014305
0.0141215
0.0139384
0.0137565
0.0135753
0.0133949
0.0132154
0.0130364
0.0128584
0.0126806
0.0125038
0.0123273
0.0121516
0.0119761
0.0118014
0.011627
0.0114534
0.0112803
0.0111078
0.010936
0.0107649
0.0105946
0.0104248
0.010256
0.0100877
0.00992027
0.00975339
0.00958736
0.00942183
0.0092571
0.00909285
0.00892935
0.00876633
0.00860401
0.00844222
0.00828103
0.00812044
0.00796033
0.00780086
0.00764173
0.00748324
0.00732499
0.00716734
0.00700987
0.00685297
0.0066963
0.00654019
0.00638448
0.00622936
0.00607485
0.00592102
0.00576797
0.00561567
0.00546417
0.00531341
0.0051633
0.00501378
0.00486455
0.00471566
0.00456662
0.00441762
0.00426809
0.00411836
0.00396796
0.00381729
0.00366611
0.00351485
0.00336349
0.00321248
0.00306196
0.00291231
0.00276367
0.00261643
0.00247044
0.00232622
0.00218311
0.00204187
0.00190119
0.00176225
0.00162302
0.00148527
0.00134628
0.00120847
0.00106865
0.000929816
0.000788548
0.000648215
0.000505464
0.000363717
0.000219819
7.53909e-05
0.0534179
0.0533427
0.0531606
0.0529164
0.0526219
0.0522818
0.0519053
0.051503
0.0510784
0.0506401
0.0501861
0.0497248
0.0492513
0.0487737
0.0482862
0.0477949
0.0472959
0.0467919
0.0462826
0.0457661
0.045247
0.0447183
0.0441889
0.0436488
0.0431084
0.0425578
0.042006
0.0414461
0.0408826
0.0403145
0.0397402
0.039165
0.0385815
0.0380001
0.0374105
0.0368241
0.0362318
0.0356425
0.0350515
0.0344625
0.0338768
0.0332925
0.0327162
0.0321423
0.0315795
0.0310219
0.0304772
0.0299418
0.0294199
0.028912
0.0284176
0.0279409
0.0274783
0.0270353
0.0266076
0.0261992
0.0258077
0.0254337
0.0250777
0.0247368
0.0244139
0.0241038
0.0238101
0.0235277
0.0232588
0.0230003
0.0227515
0.0225126
0.0222799
0.0220562
0.021836
0.0216234
0.0214128
0.0212076
0.0210042
0.0208038
0.0206055
0.020408
0.0202132
0.0200176
0.0198249
0.0196306
0.0194389
0.0192458
0.0190544
0.0188622
0.0186707
0.0184792
0.0182875
0.0180964
0.0179044
0.0177135
0.0175213
0.0173304
0.0171382
0.0169472
0.0167552
0.0165641
0.0163726
0.0161817
0.015991
0.0158006
0.0156108
0.0154212
0.0152328
0.0150444
0.0148575
0.0146707
0.0144855
0.0143004
0.0141169
0.0139338
0.013752
0.0135708
0.0133905
0.0132111
0.0130322
0.0128543
0.0126766
0.0124999
0.0123233
0.0121477
0.0119722
0.0117975
0.0116231
0.0114495
0.0112763
0.0111038
0.010932
0.0107608
0.0105905
0.0104208
0.0102519
0.0100836
0.00991631
0.00974944
0.00958352
0.009418
0.00925337
0.00908913
0.00892573
0.00876273
0.0086005
0.00843874
0.00827764
0.00811711
0.00795708
0.00779768
0.00763864
0.00748022
0.00732203
0.00716441
0.00700697
0.00685004
0.00669336
0.00653717
0.00638142
0.00622621
0.00607169
0.0059178
0.00576482
0.00561255
0.00546126
0.00531067
0.00516087
0.00501163
0.00486278
0.00471419
0.00456548
0.0044167
0.00426734
0.00411763
0.00396716
0.00381627
0.00366478
0.00351308
0.00336126
0.00320971
0.00305871
0.00290858
0.00275962
0.00261211
0.00246609
0.00232192
0.00217908
0.00203822
0.00189807
0.00175974
0.00162116
0.00148407
0.00134568
0.00120845
0.00106904
0.00093056
0.00078943
0.000649212
0.000506357
0.000364535
0.000220384
7.57168e-05
0.053707
0.0536242
0.0534235
0.053157
0.0528398
0.0524774
0.0520796
0.0516578
0.0512158
0.0507625
0.0502949
0.0498224
0.0493388
0.0488529
0.0483577
0.0478603
0.0473556
0.0468468
0.0463334
0.0458129
0.0452906
0.0447584
0.0442265
0.043683
0.0431405
0.0425868
0.0420327
0.0414699
0.0409037
0.0403329
0.0397552
0.0391772
0.0385898
0.0380054
0.0374113
0.0368215
0.0362244
0.0356309
0.035035
0.0344411
0.0338505
0.0332607
0.0326797
0.0320999
0.0315325
0.0309694
0.0304202
0.0298801
0.0293539
0.0288423
0.0283444
0.0278653
0.0274001
0.0269559
0.026527
0.0261186
0.0257275
0.0253545
0.0250003
0.0246613
0.0243413
0.024034
0.023744
0.023465
0.0232001
0.0229455
0.0227007
0.022466
0.022237
0.0220175
0.0218007
0.0215918
0.0213842
0.0211823
0.0209815
0.0207837
0.0205878
0.0203923
0.0201995
0.0200054
0.0198144
0.0196212
0.0194309
0.0192385
0.0190482
0.0188567
0.0186659
0.018475
0.0182837
0.0180931
0.0179013
0.0177108
0.0175187
0.017328
0.0171358
0.0169448
0.0167528
0.0165616
0.01637
0.016179
0.015988
0.0157974
0.0156075
0.0154177
0.0152291
0.0150405
0.0148535
0.0146664
0.0144812
0.014296
0.0141125
0.0139294
0.0137476
0.0135665
0.0133863
0.013207
0.0130282
0.0128504
0.0126727
0.0124962
0.0123196
0.012144
0.0119685
0.0117938
0.0116194
0.0114457
0.0112725
0.0110999
0.0109281
0.0107568
0.0105865
0.0104167
0.0102479
0.0100796
0.00991236
0.0097455
0.00957967
0.00941416
0.00924964
0.00908541
0.00892209
0.00875911
0.00859696
0.00843524
0.00827423
0.00811375
0.00795381
0.0077945
0.00763553
0.0074772
0.00731906
0.00716149
0.00700405
0.0068471
0.00669038
0.0065341
0.00637828
0.00622293
0.00606839
0.0059144
0.0057615
0.00560925
0.00545818
0.00530777
0.00515834
0.00500941
0.004861
0.00471277
0.00456445
0.00441593
0.00426677
0.0041171
0.00396655
0.00381541
0.00366356
0.00351134
0.00335899
0.00320679
0.00305524
0.00290454
0.0027552
0.00260738
0.00246129
0.00231717
0.00217465
0.0020342
0.00189467
0.00175702
0.00161919
0.00148286
0.00134516
0.00120857
0.00106961
0.000931533
0.000790544
0.000650436
0.000507441
0.000365511
0.000221056
7.60901e-05
0.0540199
0.053928
0.0537048
0.0534118
0.0530689
0.0526816
0.0522603
0.0518175
0.0513568
0.0508876
0.050406
0.0499219
0.0494277
0.0489335
0.0484306
0.0479269
0.0474166
0.0469029
0.0463853
0.0458607
0.0453354
0.0447996
0.0442653
0.0437185
0.0431739
0.0426169
0.0420606
0.0414947
0.0409258
0.0403521
0.039771
0.0391902
0.0385986
0.0380111
0.0374123
0.0368188
0.0362166
0.0356188
0.0350177
0.0344185
0.0338229
0.0332271
0.032641
0.032055
0.0314827
0.0309137
0.0303595
0.0298144
0.0292836
0.0287681
0.0282663
0.0277846
0.0273167
0.0268713
0.0264411
0.0260327
0.0256419
0.02527
0.0249178
0.0245808
0.0242641
0.0239597
0.0236737
0.0233984
0.0231378
0.0228874
0.0226469
0.0224167
0.0221916
0.0219765
0.0217631
0.0215584
0.0213539
0.0211554
0.0209574
0.0207623
0.0205689
0.0203754
0.0201848
0.0199921
0.0198029
0.0196108
0.0194219
0.0192304
0.0190411
0.0188503
0.0186602
0.01847
0.018279
0.018089
0.0178974
0.0177073
0.0175153
0.0173248
0.0171326
0.0169417
0.0167495
0.0165584
0.0163666
0.0161754
0.0159843
0.0157934
0.0156034
0.0154132
0.0152246
0.0150356
0.0148486
0.0146613
0.0144761
0.0142908
0.0141074
0.0139242
0.0137426
0.0135615
0.0133814
0.0132022
0.0130235
0.0128459
0.0126683
0.0124919
0.0123154
0.0121399
0.0119643
0.0117897
0.0116152
0.0114414
0.0112682
0.0110955
0.0109237
0.0107523
0.010582
0.0104122
0.0102435
0.0100752
0.00990801
0.00974116
0.00957545
0.00940996
0.00924556
0.00908134
0.00891814
0.00875517
0.00859313
0.00843143
0.00827052
0.00811011
0.00795027
0.00779105
0.00763219
0.00747395
0.00731588
0.00715837
0.00700095
0.00684398
0.00668721
0.00653082
0.00637494
0.00621943
0.00606485
0.00591074
0.00575791
0.00560567
0.00545485
0.00530462
0.00515561
0.00500704
0.00485912
0.00471131
0.00456343
0.00441521
0.00426628
0.00411667
0.00396604
0.00381463
0.00366237
0.00350959
0.00335661
0.00320371
0.00305152
0.00290017
0.0027504
0.00260221
0.00245606
0.00231199
0.00216982
0.00202985
0.00189101
0.00175411
0.00161714
0.00148165
0.00134473
0.00120884
0.00107039
0.000932728
0.000791883
0.000651868
0.000508698
0.000366624
0.000221819
7.65219e-05
0.0543593
0.0542563
0.0540056
0.0536812
0.053309
0.052894
0.0524468
0.0519812
0.0515008
0.051015
0.0505187
0.0500227
0.0495178
0.0490151
0.0485043
0.0479945
0.0474784
0.04696
0.0464382
0.0459097
0.0453813
0.0448419
0.0443054
0.0437551
0.0432085
0.0426483
0.0420898
0.0415209
0.0409492
0.0403726
0.039788
0.0392044
0.0386084
0.038018
0.037414
0.036817
0.0362095
0.0356071
0.0350006
0.0343958
0.0337949
0.0331927
0.0326015
0.0320088
0.0314313
0.0308559
0.0302967
0.029746
0.0292104
0.0286908
0.0281847
0.0277004
0.0272294
0.0267828
0.0263512
0.0259429
0.0255525
0.0251818
0.0248318
0.0244971
0.024184
0.0238826
0.0236011
0.0233296
0.0230738
0.0228279
0.0225919
0.0223665
0.0221455
0.0219352
0.0217255
0.0215251
0.0213238
0.021129
0.020934
0.0207417
0.0205509
0.0203594
0.0201711
0.0199797
0.0197926
0.0196013
0.0194141
0.0192233
0.0190351
0.018845
0.0186556
0.018466
0.0182755
0.0180861
0.0178946
0.017705
0.0175128
0.0173227
0.0171303
0.0169396
0.0167472
0.016556
0.016364
0.0161726
0.0159813
0.0157901
0.0155999
0.0154094
0.0152206
0.0150314
0.0148443
0.0146567
0.0144715
0.0142859
0.0141026
0.0139193
0.0137378
0.0135568
0.0133768
0.0131978
0.0130191
0.0128417
0.0126642
0.0124879
0.0123114
0.012136
0.0119604
0.0117857
0.0116112
0.0114373
0.011264
0.0110913
0.0109193
0.0107479
0.0105776
0.0104077
0.0102391
0.0100707
0.00990368
0.00973684
0.00957125
0.00940578
0.00924149
0.00907728
0.00891418
0.00875122
0.00858926
0.0084276
0.00826678
0.00810643
0.0079467
0.00778759
0.00762882
0.0074707
0.00731269
0.00715526
0.00699784
0.00684085
0.00668401
0.00652748
0.00637149
0.00621578
0.00606114
0.00590686
0.0057541
0.00560184
0.00545129
0.00530127
0.00515273
0.00500456
0.00485722
0.00470989
0.00456253
0.00441469
0.00426603
0.00411651
0.00396578
0.00381407
0.00366133
0.00350791
0.0033542
0.00320047
0.00304752
0.00289543
0.00274513
0.00259651
0.00245028
0.00230625
0.00216449
0.00202503
0.001887
0.00175097
0.00161497
0.00148044
0.00134441
0.00120931
0.00107144
0.000934222
0.000793529
0.000653583
0.000510193
0.000367925
0.000222712
7.70222e-05
0.0547286
0.0546118
0.0543269
0.0539652
0.05356
0.0531141
0.0526384
0.0521484
0.0516471
0.051144
0.0506324
0.0501244
0.0496086
0.0490975
0.0485788
0.0480629
0.0475412
0.047018
0.0464922
0.0459596
0.0454284
0.0448852
0.0443465
0.0437927
0.0432442
0.0426805
0.0421199
0.0415477
0.0409733
0.0403938
0.0398053
0.0392189
0.0386182
0.0380248
0.0374154
0.0368147
0.0362013
0.0355942
0.034982
0.0343713
0.0337648
0.0331557
0.0325591
0.0319591
0.0313762
0.0307938
0.0302292
0.0296726
0.0291318
0.0286078
0.028097
0.02761
0.0271356
0.0266879
0.0262546
0.0258465
0.0254566
0.0250872
0.0247397
0.0244072
0.0240981
0.0237999
0.0235234
0.023256
0.0230052
0.0227641
0.022533
0.0223128
0.0220961
0.021891
0.021685
0.0214894
0.0212914
0.0211005
0.0209084
0.0207191
0.0205311
0.0203416
0.0201558
0.0199658
0.0197807
0.0195904
0.0194047
0.0192147
0.0190277
0.0188383
0.0186496
0.0184607
0.0182705
0.0180818
0.0178904
0.0177013
0.0175091
0.0173194
0.0171268
0.0169363
0.0167437
0.0165525
0.0163603
0.0161687
0.0159772
0.0157857
0.0155953
0.0154045
0.0152156
0.0150259
0.0148388
0.0146509
0.0144658
0.0142801
0.0140969
0.0139135
0.0137321
0.0135512
0.0133714
0.0131926
0.013014
0.0128369
0.0126594
0.0124833
0.0123068
0.0121315
0.0119559
0.0117812
0.0116066
0.0114327
0.0112593
0.0110865
0.0109145
0.010743
0.0105727
0.0104028
0.0102342
0.0100659
0.00989894
0.00973213
0.00956668
0.00940123
0.00923709
0.00907289
0.00890991
0.00874696
0.00858511
0.00842348
0.00826276
0.0081025
0.00794287
0.0077839
0.00762523
0.00746727
0.00730933
0.007152
0.00699458
0.00683757
0.00668066
0.00652398
0.00636787
0.00621192
0.00605719
0.0059027
0.00575001
0.00559771
0.00544746
0.00529766
0.00514964
0.00500193
0.00485524
0.00470848
0.00456169
0.00441431
0.00426596
0.00411656
0.00396572
0.00381369
0.00366042
0.00350626
0.00335173
0.00319706
0.00304326
0.0028903
0.00273941
0.0025903
0.00244396
0.00229997
0.00215867
0.0020198
0.00188269
0.00174762
0.00161274
0.00147927
0.00134425
0.00121001
0.00107279
0.000936035
0.000795503
0.000655583
0.000511928
0.0003694
0.000223732
7.76062e-05
0.0551317
0.0549979
0.0546698
0.0542638
0.0538212
0.053341
0.0528342
0.0523181
0.0517949
0.0512738
0.0507468
0.0502264
0.0496997
0.0491802
0.0486537
0.0481319
0.0476045
0.0470768
0.046547
0.0460106
0.0454766
0.0449298
0.0443892
0.0438318
0.0432817
0.0427146
0.042152
0.0415767
0.0409995
0.0404171
0.0398249
0.0392358
0.0386302
0.0380339
0.0374188
0.0368145
0.036195
0.0355832
0.0349648
0.0343479
0.0337357
0.0331192
0.0325171
0.0319091
0.0313208
0.0307308
0.0301606
0.0295976
0.0290511
0.0285225
0.0280066
0.027517
0.0270387
0.0265899
0.0261548
0.025747
0.0253576
0.0249896
0.0246449
0.0243147
0.0240102
0.0237154
0.0234442
0.0231811
0.0229359
0.0227
0.0224739
0.0222594
0.0220471
0.0218477
0.0216455
0.021455
0.0212603
0.0210737
0.0208846
0.0206984
0.0205132
0.0203257
0.0201426
0.0199537
0.0197709
0.0195813
0.0193975
0.019208
0.0190222
0.0188334
0.0186455
0.0184573
0.0182674
0.0180793
0.0178879
0.0176994
0.0175071
0.0173177
0.0171249
0.0169345
0.0167416
0.0165503
0.0163578
0.016166
0.0159742
0.0157823
0.0155917
0.0154004
0.0152114
0.0150213
0.0148341
0.0146458
0.0144607
0.0142747
0.0140916
0.0139082
0.0137269
0.0135461
0.0133664
0.0131878
0.0130093
0.0128324
0.012655
0.0124792
0.0123026
0.0121274
0.0119517
0.0117771
0.0116023
0.0114283
0.0112548
0.0110818
0.0109098
0.0107382
0.0105679
0.0103978
0.0102293
0.010061
0.00989418
0.00972739
0.00956209
0.00939666
0.00923266
0.00906845
0.0089056
0.00874263
0.00858089
0.00841927
0.00825865
0.00809848
0.00793896
0.00778015
0.00762158
0.0074638
0.00730593
0.00714872
0.00699129
0.00683427
0.00667725
0.00652039
0.00636411
0.00620786
0.00605301
0.00589826
0.00574562
0.00559324
0.00544331
0.00529375
0.00514632
0.00499915
0.00485321
0.00470711
0.004561
0.00441417
0.00426618
0.00411696
0.00396599
0.00381361
0.00365971
0.00350473
0.00334923
0.00319347
0.00303866
0.00288469
0.00273311
0.0025834
0.00243694
0.00229297
0.00215221
0.002014
0.00187796
0.00174396
0.0016104
0.0014781
0.00134428
0.00121098
0.00107451
0.000938236
0.000797888
0.000657934
0.000513958
0.000371075
0.000224888
7.82654e-05
0.0555741
0.0554182
0.055035
0.0545764
0.054092
0.0535738
0.0530331
0.0524893
0.0519433
0.0514038
0.050861
0.0503284
0.0497908
0.049263
0.0487288
0.0482011
0.0476681
0.0471359
0.0466022
0.0460619
0.0455251
0.0449746
0.044432
0.0438709
0.0433191
0.0427483
0.0421838
0.041605
0.0410251
0.0404396
0.0398434
0.0392515
0.0386406
0.0380414
0.0374201
0.0368122
0.0361861
0.0355694
0.0349446
0.0343211
0.0337028
0.0330783
0.0324705
0.0318538
0.0312599
0.0306615
0.0300854
0.0295156
0.0289631
0.0284296
0.0279081
0.0274157
0.0269331
0.0264835
0.0260462
0.0256389
0.0252501
0.0248836
0.024542
0.0242144
0.0239149
0.0236235
0.0233584
0.0230998
0.0228607
0.0226302
0.0224096
0.0222011
0.0219935
0.0218002
0.0216019
0.021417
0.0212257
0.0210436
0.0208576
0.0206747
0.0204925
0.020307
0.0201267
0.0199389
0.0197586
0.0195697
0.0193878
0.0191989
0.0190144
0.0188263
0.0186391
0.0184517
0.018262
0.0180748
0.0178834
0.0176956
0.0175031
0.0173142
0.0171212
0.016931
0.0167379
0.0165465
0.0163538
0.0161617
0.0159697
0.0157775
0.0155867
0.0153949
0.0152058
0.0150152
0.0148281
0.0146394
0.0144544
0.0142682
0.0140852
0.0139018
0.0137207
0.01354
0.0133605
0.0131822
0.0130039
0.0128273
0.0126499
0.0124744
0.0122978
0.0121228
0.011947
0.0117724
0.0115975
0.0114234
0.0112498
0.0110767
0.0109046
0.0107328
0.0105626
0.0103925
0.0102241
0.0100557
0.00988908
0.00972233
0.00955721
0.00939181
0.00922798
0.00906378
0.00890106
0.00873808
0.00857644
0.00841485
0.00825433
0.00809426
0.00793485
0.00777623
0.00761778
0.00746023
0.00730243
0.00714539
0.00698794
0.00683092
0.00667378
0.0065167
0.00636023
0.00620363
0.00604863
0.00589354
0.00574094
0.00558845
0.00543887
0.00528955
0.00514279
0.00499622
0.00485112
0.00470581
0.00456047
0.00441429
0.00426671
0.00411773
0.00396661
0.00381387
0.00365924
0.00350333
0.00334672
0.00318972
0.00303377
0.00287864
0.00272627
0.00257585
0.00242927
0.0022853
0.00214517
0.00200767
0.00187287
0.00174007
0.00160802
0.00147702
0.00134456
0.00121228
0.00107669
0.000940879
0.000800748
0.00066066
0.000516317
0.000372943
0.000226172
7.89916e-05
0.0560626
0.0558772
0.0554227
0.0549021
0.0543714
0.0538112
0.0532338
0.0526609
0.0520913
0.051533
0.0509743
0.0504296
0.0498812
0.0493455
0.0488038
0.0482708
0.0477326
0.0471964
0.0466591
0.0461153
0.0455762
0.0450223
0.0444782
0.0439135
0.0433605
0.0427861
0.0422201
0.0416379
0.0410555
0.040467
0.0398668
0.0392723
0.038656
0.0380541
0.0374262
0.036815
0.0361818
0.0355601
0.0349285
0.0342981
0.0336735
0.0330405
0.0324268
0.0318007
0.0312009
0.0305935
0.0300113
0.029434
0.028875
0.0283364
0.0278087
0.0273136
0.0268261
0.0263758
0.025936
0.0255294
0.0251411
0.0247764
0.0244382
0.0241131
0.0238193
0.0235313
0.0232729
0.023019
0.0227865
0.0225617
0.022347
0.0221451
0.0219422
0.0217556
0.0215611
0.0213823
0.0211943
0.021017
0.0208342
0.0206545
0.0204754
0.0202918
0.0201145
0.0199276
0.0197499
0.0195613
0.0193814
0.0191929
0.0190098
0.0188222
0.0186356
0.018449
0.0182594
0.0180731
0.0178814
0.0176943
0.0175014
0.017313
0.0171196
0.0169295
0.016736
0.0165445
0.0163514
0.016159
0.0159666
0.0157739
0.0155828
0.0153905
0.0152012
0.0150101
0.0148229
0.0146336
0.0144487
0.0142621
0.0140793
0.0138958
0.0137149
0.0135343
0.0133549
0.0131769
0.0129987
0.0128225
0.0126451
0.0124699
0.0122932
0.0121184
0.0119425
0.0117679
0.0115929
0.0114186
0.0112449
0.0110715
0.0108994
0.0107274
0.0105572
0.010387
0.0102187
0.0100503
0.00988382
0.00971712
0.00955219
0.00938682
0.00922315
0.00905894
0.00889636
0.00873335
0.00857182
0.00841023
0.00824981
0.00808984
0.00793055
0.00777215
0.00761381
0.00745654
0.00729882
0.00714199
0.00698451
0.0068275
0.0066702
0.00651288
0.00635616
0.00619913
0.00604392
0.00588841
0.00573583
0.00558318
0.00543397
0.00528492
0.00513892
0.00499305
0.00484892
0.00470454
0.00456009
0.00441471
0.00426761
0.00411893
0.00396765
0.00381452
0.00365905
0.00350209
0.00334418
0.00318575
0.00302847
0.00287197
0.00271869
0.00256743
0.0024207
0.00227671
0.00213732
0.00200061
0.00186727
0.00173581
0.00160553
0.00147598
0.00134513
0.00121395
0.0010794
0.000944027
0.000804172
0.000663814
0.000519051
0.000374981
0.000227541
7.97257e-05
0.056606
0.05638
0.0558327
0.0552396
0.0546578
0.0540512
0.0534345
0.0528315
0.0522381
0.0516609
0.0510863
0.0505296
0.0499704
0.0494269
0.0488775
0.0483389
0.0477952
0.0472548
0.0467136
0.0461661
0.0456245
0.0450667
0.044521
0.0439523
0.0433982
0.0428197
0.0422522
0.0416662
0.0410812
0.0404896
0.0398852
0.0392881
0.0386659
0.0380616
0.0374265
0.036812
0.0361713
0.0355446
0.0349058
0.0342682
0.0336372
0.0329948
0.0323753
0.0317389
0.0311333
0.030516
0.0299274
0.029342
0.0287761
0.0282322
0.0276976
0.0272
0.026707
0.0262563
0.0258137
0.0254081
0.0250204
0.0246575
0.0243234
0.0240008
0.0237134
0.023429
0.0231781
0.022929
0.0227038
0.0224852
0.0222767
0.0220819
0.0218839
0.0217047
0.0215141
0.021342
0.0211573
0.0209853
0.0208057
0.0206296
0.0204538
0.0202721
0.0200981
0.0199119
0.0197372
0.019549
0.0193714
0.0191833
0.0190016
0.0188148
0.0186289
0.0184433
0.0182538
0.0180686
0.0178767
0.0176906
0.0174974
0.0173096
0.0171158
0.016926
0.0167322
0.0165407
0.0163473
0.0161546
0.015962
0.0157688
0.0155776
0.0153847
0.0151953
0.0150035
0.0148165
0.0146267
0.014442
0.014255
0.0140725
0.0138888
0.0137082
0.0135279
0.0133486
0.0131711
0.0129929
0.0128173
0.0126399
0.0124652
0.0122884
0.0121138
0.0119378
0.0117631
0.011588
0.0114136
0.0112397
0.0110661
0.0108939
0.0107217
0.0105515
0.0103812
0.010213
0.0100447
0.0098784
0.00971177
0.00954705
0.00938172
0.00921826
0.00905402
0.0088916
0.00872853
0.00856711
0.00840551
0.0082452
0.00808534
0.00792616
0.00776803
0.00760981
0.00745288
0.00729523
0.00713867
0.00698115
0.00682418
0.00666668
0.00650909
0.00635207
0.00619452
0.00603906
0.00588303
0.00573045
0.00557755
0.00542876
0.00527997
0.00513482
0.00498974
0.00484671
0.00470341
0.00455997
0.00441555
0.00426899
0.00412072
0.00396923
0.0038157
0.00365926
0.00350111
0.00334172
0.00318165
0.00302284
0.00286477
0.00271044
0.00255819
0.00241131
0.00226725
0.00212874
0.00199288
0.00186123
0.00173126
0.00160304
0.00147508
0.0013461
0.00121608
0.00108276
0.000947778
0.000808275
0.000667458
0.000522239
0.000377181
0.000228971
8.04002e-05
0.0572168
0.056932
0.0562629
0.0555866
0.0549496
0.054292
0.053633
0.052999
0.0523816
0.0517858
0.0511962
0.0506285
0.0500598
0.0495095
0.0489536
0.0484108
0.0478626
0.0473191
0.0467748
0.0462244
0.0456808
0.0451199
0.0445732
0.0440009
0.043446
0.0428636
0.042295
0.0417053
0.0411179
0.0405231
0.0399146
0.0393149
0.0386866
0.0380798
0.0374371
0.0368195
0.0361705
0.0355389
0.0348922
0.0342471
0.0336092
0.0329568
0.0323312
0.0316834
0.0310719
0.0304435
0.0298484
0.0292541
0.0286808
0.0281311
0.0275889
0.0270887
0.0265894
0.0261387
0.0256926
0.0252884
0.0249012
0.0245403
0.0242105
0.0238905
0.0236103
0.0233293
0.0230869
0.0228425
0.0226254
0.0224132
0.0222113
0.0220241
0.021831
0.0216598
0.0214727
0.021308
0.0211262
0.0209599
0.0207833
0.0206107
0.0204382
0.020258
0.0200875
0.0199015
0.0197299
0.0195414
0.0193662
0.019178
0.0189978
0.0188114
0.0186259
0.0184413
0.0182516
0.0180675
0.017875
0.0176898
0.0174959
0.0173087
0.0171143
0.0169247
0.0167304
0.0165387
0.0163448
0.0161517
0.0159586
0.0157648
0.0155732
0.0153796
0.0151901
0.0149975
0.0148104
0.0146199
0.0144354
0.0142479
0.0140657
0.0138819
0.0137015
0.0135213
0.0133423
0.0131652
0.0129871
0.0128121
0.0126346
0.0124604
0.0122834
0.0121091
0.0119329
0.0117583
0.0115829
0.0114083
0.0112342
0.0110603
0.010888
0.0107157
0.0105454
0.0103751
0.010207
0.0100387
0.00987257
0.00970602
0.00954154
0.00937626
0.00921302
0.00904875
0.00888649
0.00872334
0.00856204
0.00840041
0.00824019
0.00808047
0.0079214
0.00776359
0.00760549
0.00744899
0.00729141
0.00713521
0.00697763
0.00682073
0.00666299
0.00650508
0.0063477
0.00618954
0.00603377
0.00587708
0.00572447
0.00557125
0.00542292
0.00527442
0.00513022
0.00498607
0.00484431
0.00470229
0.00456002
0.00441677
0.00427082
0.00412309
0.00397136
0.00381741
0.00365985
0.00350035
0.00333925
0.00317728
0.0030167
0.00285679
0.00270126
0.00254784
0.0024008
0.00225663
0.00211914
0.00198425
0.00185457
0.00172627
0.00160045
0.00147427
0.00134747
0.00121873
0.00108685
0.000952207
0.000813147
0.000671644
0.000525933
0.000379482
0.000230364
8.08429e-05
0.0579116
0.057539
0.0567095
0.0559396
0.055244
0.0545314
0.0538287
0.0531633
0.0525213
0.0519062
0.0513006
0.050721
0.0501415
0.0495837
0.0490203
0.0484725
0.047919
0.0473718
0.046824
0.0462703
0.0457247
0.0451602
0.0446125
0.0440362
0.0434809
0.0428944
0.0423249
0.0417314
0.0411419
0.040544
0.0399312
0.0393294
0.0386946
0.038086
0.0374351
0.0368149
0.0361572
0.0355208
0.0348661
0.0342131
0.0335684
0.0329052
0.0322739
0.0316135
0.0309963
0.0303559
0.0297542
0.0291504
0.0285691
0.0280136
0.0274631
0.0269608
0.0264543
0.026004
0.0255541
0.0251517
0.0247651
0.0244064
0.0240818
0.0237642
0.0234925
0.0232148
0.022982
0.0227425
0.0225343
0.0223291
0.0221342
0.0219557
0.0217675
0.0216055
0.0214219
0.0212655
0.0210868
0.0209268
0.0207535
0.0205848
0.0204162
0.0202375
0.0200711
0.0198852
0.0197176
0.0195286
0.0193565
0.0191682
0.0189898
0.0188042
0.0186193
0.0184361
0.0182462
0.0180636
0.0178706
0.0176868
0.0174923
0.017306
0.0171111
0.0169218
0.0167271
0.0165353
0.0163411
0.0161476
0.0159542
0.0157598
0.015568
0.0153737
0.0151841
0.0149907
0.0148039
0.0146126
0.0144284
0.0142404
0.0140585
0.0138746
0.0136945
0.0135147
0.0133358
0.0131594
0.0129813
0.012807
0.0126294
0.0124558
0.0122787
0.0121047
0.0119283
0.0117536
0.0115781
0.0114032
0.0112289
0.0110547
0.0108823
0.0107096
0.0105394
0.0103689
0.010201
0.0100327
0.00986687
0.00970042
0.00953621
0.00937098
0.00920798
0.00904365
0.00888157
0.00871829
0.0085571
0.0083954
0.00823527
0.00807568
0.00791672
0.00775927
0.00760129
0.00744531
0.00728779
0.00713202
0.00697436
0.00681757
0.00665954
0.00650127
0.00634345
0.00618455
0.00602838
0.00587088
0.00571821
0.00556455
0.00541671
0.00526848
0.00512536
0.00498225
0.00484192
0.00470141
0.00456046
0.0044186
0.00427337
0.00412629
0.00397431
0.00381991
0.00366107
0.00350004
0.00333697
0.00317282
0.0030102
0.00284815
0.00269125
0.00253645
0.00238922
0.00224488
0.00210857
0.00197475
0.00184734
0.00172093
0.00159785
0.00147368
0.00134938
0.00122204
0.00109181
0.000957468
0.000818945
0.000676492
0.000530271
0.000381894
0.000231707
8.08417e-05
0.0587137
0.0582058
0.0571676
0.0562947
0.0555354
0.0547625
0.054016
0.053322
0.0526593
0.0520286
0.051411
0.0508228
0.0502358
0.0496728
0.0491041
0.048553
0.0479954
0.0474457
0.0468948
0.0463386
0.0457909
0.0452234
0.0446745
0.0440944
0.0435385
0.0429476
0.0423773
0.0417793
0.0411878
0.0405861
0.0399692
0.0393644
0.0387229
0.0381121
0.0374523
0.0368294
0.0361619
0.0355208
0.0348568
0.0341958
0.0335435
0.0328686
0.0322311
0.0315568
0.0309339
0.0302798
0.0296714
0.0290567
0.0284671
0.0279051
0.0273452
0.0268408
0.026326
0.0258768
0.0254219
0.0250219
0.0246356
0.0242794
0.0239604
0.0236451
0.0233827
0.0231079
0.0228859
0.022651
0.0224526
0.0222542
0.0220667
0.0218971
0.0217136
0.0215614
0.0213805
0.021233
0.0210564
0.0209032
0.0207324
0.0205673
0.0204022
0.0202244
0.0200621
0.0198753
0.0197115
0.0195212
0.019352
0.019163
0.0189861
0.0188008
0.0186162
0.0184341
0.0182435
0.0180625
0.0178684
0.0176859
0.0174904
0.0173049
0.0171092
0.0169201
0.0167247
0.0165327
0.0163379
0.0161439
0.01595
0.0157549
0.0155627
0.0153674
0.0151778
0.0149834
0.0147966
0.0146044
0.0144206
0.0142319
0.0140505
0.0138663
0.0136866
0.0135071
0.0133284
0.0131527
0.0129746
0.0128012
0.0126235
0.0124506
0.0122732
0.0120997
0.0119229
0.0117483
0.0115725
0.0113973
0.0112229
0.0110482
0.0108757
0.0107027
0.0105325
0.0103619
0.0101941
0.010026
0.00986039
0.0096941
0.0095302
0.00936505
0.00920233
0.00903793
0.00887605
0.00871261
0.00855156
0.00838976
0.00822974
0.00807028
0.00791144
0.00775444
0.0075966
0.00744125
0.00728381
0.00712861
0.00697084
0.00681424
0.00665586
0.00649721
0.00633886
0.0061791
0.00602245
0.00586398
0.0057112
0.00555698
0.00540967
0.00526173
0.00511984
0.00497793
0.00483924
0.00470051
0.00456109
0.0044209
0.0042765
0.00413027
0.00397798
0.00382314
0.00366283
0.00350009
0.00333476
0.0031681
0.00300316
0.00283863
0.00268015
0.00252373
0.0023763
0.00223173
0.00209678
0.00196416
0.00183936
0.0017151
0.00159516
0.00147328
0.0013518
0.00122605
0.00109768
0.000963647
0.000825712
0.000682088
0.000535299
0.000384441
0.00023298
8.009e-05
0.0596572
0.0589304
0.0576265
0.0566522
0.0558271
0.0549856
0.0541891
0.0534614
0.052773
0.0521231
0.0514904
0.0508918
0.0502957
0.049727
0.0491525
0.0485982
0.0480369
0.0474851
0.046932
0.0463739
0.0458252
0.0452551
0.0447063
0.0441228
0.0435675
0.0429726
0.0424026
0.0418008
0.0412079
0.0406033
0.0399823
0.0393759
0.0387273
0.0381156
0.0374464
0.0368219
0.0361443
0.0354989
0.0348258
0.0341562
0.0334969
0.0328092
0.0321664
0.0314767
0.0308488
0.0301798
0.0295646
0.0289386
0.0283398
0.0277717
0.0272011
0.0266956
0.0261711
0.025724
0.0252636
0.0248667
0.024481
0.0241273
0.0238152
0.023502
0.0232509
0.0229788
0.0227695
0.0225394
0.0223523
0.0221618
0.0219824
0.0218234
0.0216448
0.0215043
0.0213263
0.0211895
0.0210153
0.02087
0.0207026
0.0205417
0.0203812
0.0202044
0.0200475
0.0198596
0.019701
0.0195093
0.019344
0.0191545
0.0189796
0.0187952
0.0186109
0.0184308
0.0182394
0.0180606
0.0178653
0.0176848
0.0174882
0.0173038
0.0171074
0.0169187
0.0167228
0.0165306
0.0163353
0.0161408
0.0159465
0.0157506
0.0155582
0.0153619
0.0151723
0.0149767
0.0147903
0.0145969
0.0144137
0.0142241
0.0140433
0.0138588
0.0136795
0.0135004
0.0133219
0.0131471
0.0129689
0.0127965
0.0126185
0.0124465
0.0122689
0.0120958
0.0119187
0.011744
0.0115678
0.0113922
0.0112176
0.0110424
0.0108698
0.0106964
0.0105262
0.0103555
0.0101879
0.0100198
0.00985446
0.00968833
0.00952477
0.00935967
0.00919726
0.00903273
0.00887107
0.00870738
0.00854644
0.00838447
0.00822451
0.00806519
0.00790642
0.00774993
0.00759219
0.00743761
0.00728022
0.00712571
0.00696781
0.00681144
0.00665267
0.00649356
0.00633462
0.00617378
0.00601659
0.00585687
0.00570395
0.00554895
0.00540221
0.00525449
0.00511393
0.00497337
0.0048365
0.00469982
0.00456213
0.00442392
0.00428046
0.00413529
0.0039827
0.00382745
0.00366551
0.00350085
0.003333
0.00316349
0.00299593
0.00282852
0.00266824
0.00250989
0.00236221
0.0022173
0.00208385
0.00195254
0.00183063
0.00170878
0.00159232
0.00147305
0.00135468
0.00123079
0.00110443
0.000970818
0.000833457
0.000688578
0.000541089
0.000387329
0.000234364
7.83884e-05
0.0607929
0.0597119
0.0580586
0.0569886
0.0561093
0.0552117
0.0543801
0.053631
0.0529261
0.0522628
0.0516195
0.0510125
0.0504088
0.0498344
0.0492538
0.0486957
0.0481294
0.0475748
0.0470176
0.0464568
0.0459051
0.045332
0.0447814
0.0441938
0.0436378
0.0430377
0.0424674
0.04186
0.0412658
0.0406563
0.0400316
0.0394218
0.038766
0.0381524
0.0374729
0.0368466
0.036157
0.0355078
0.0348234
0.0341458
0.0334775
0.0327766
0.0321277
0.0314211
0.0307881
0.0301018
0.0294805
0.0288406
0.0282329
0.0276572
0.0270752
0.0265684
0.0260327
0.0255886
0.0251207
0.0247281
0.0243418
0.0239914
0.023686
0.0233744
0.0231356
0.0228649
0.0226696
0.0224429
0.022268
0.0220843
0.0219131
0.0217642
0.0215894
0.0214608
0.0212838
0.0211583
0.0209844
0.0208472
0.0206814
0.0205244
0.0203675
0.0201905
0.0200387
0.0198482
0.0196948
0.0195001
0.0193387
0.0191475
0.0189746
0.0187904
0.018606
0.0184276
0.0182348
0.0180584
0.0178614
0.0176828
0.0174848
0.0173015
0.0171041
0.0169157
0.0167191
0.0165267
0.0163308
0.0161357
0.0159409
0.0157442
0.0155514
0.0153541
0.0151644
0.0149676
0.0147816
0.0145869
0.0144044
0.0142139
0.0140338
0.013849
0.0136703
0.0134916
0.0133133
0.0131395
0.0129612
0.0127902
0.0126119
0.012441
0.012263
0.0120904
0.011913
0.0117383
0.0115619
0.0113858
0.011211
0.0110352
0.0108625
0.0106887
0.0105186
0.0103478
0.0101803
0.0100124
0.00984745
0.00968158
0.00951843
0.00935345
0.00919143
0.00902676
0.00886538
0.0087014
0.00854061
0.00837844
0.00821856
0.00805938
0.00790069
0.00774482
0.00758718
0.00743356
0.00727621
0.0071226
0.00696457
0.00680858
0.0066494
0.00648984
0.00633026
0.00616821
0.00601041
0.00584923
0.00569611
0.00554014
0.00539395
0.00524638
0.00510721
0.00496813
0.00483319
0.00469889
0.00456306
0.00442721
0.00428483
0.00414103
0.0039882
0.00383265
0.00366906
0.0035024
0.00333189
0.00315924
0.00298887
0.00281823
0.00265596
0.00249536
0.0023473
0.00220187
0.00206992
0.00193994
0.00182104
0.00170182
0.00158903
0.00147267
0.00135761
0.00123588
0.00111161
0.000978691
0.00084183
0.000695868
0.000547463
0.000390763
0.000235963
7.57806e-05
0.0621772
0.0605577
0.0584826
0.0572912
0.0563195
0.0553417
0.0544657
0.0536927
0.0529721
0.0522989
0.0516493
0.0510391
0.0504328
0.0498579
0.0492759
0.0487184
0.0481512
0.0475973
0.0470397
0.0464789
0.0459277
0.0453532
0.044804
0.0442135
0.0436594
0.0430554
0.0424865
0.041875
0.0412803
0.0406678
0.0400392
0.0394284
0.0387646
0.0381514
0.0374608
0.0368342
0.0361326
0.0354797
0.034785
0.034098
0.0334227
0.0327064
0.0320532
0.0313274
0.0306906
0.0299857
0.0293579
0.0287046
0.0280861
0.0275045
0.0269086
0.0264028
0.0258539
0.0254146
0.0249391
0.0245515
0.0241663
0.0238188
0.0235236
0.0232131
0.0229903
0.0227212
0.0225432
0.0223213
0.0221607
0.0219866
0.0218243
0.0216893
0.0215186
0.0214057
0.0212299
0.0211184
0.0209459
0.0208184
0.0206561
0.0205031
0.0203522
0.0201745
0.0200301
0.0198364
0.0196899
0.0194921
0.0193355
0.0191431
0.018972
0.0187889
0.0186039
0.0184284
0.0182335
0.0180604
0.0178611
0.017685
0.0174853
0.0173034
0.0171049
0.0169168
0.0167196
0.0165267
0.0163304
0.0161344
0.0159392
0.0157415
0.0155485
0.0153498
0.0151603
0.0149618
0.0147764
0.0145801
0.0143983
0.0142066
0.0140272
0.0138421
0.0136636
0.0134855
0.0133071
0.0131347
0.0129559
0.0127864
0.0126075
0.0124379
0.0122593
0.0120873
0.0119095
0.0117346
0.0115581
0.0113812
0.0112064
0.0110297
0.010857
0.0106826
0.0105125
0.0103415
0.0101742
0.0100064
0.00984176
0.0096761
0.00951337
0.00934844
0.00918684
0.00902195
0.00886086
0.0086965
0.0085358
0.00837337
0.00821341
0.00805439
0.00789558
0.00774041
0.0075827
0.00743015
0.00727279
0.00712019
0.00696211
0.00680654
0.00664714
0.00648704
0.00632706
0.00616356
0.0060053
0.00584229
0.00568896
0.00553164
0.00538581
0.00523813
0.00510006
0.00496238
0.0048291
0.00469731
0.00456323
0.00443007
0.00428887
0.00414682
0.00399407
0.00383857
0.00367375
0.00350527
0.00333249
0.00315667
0.00298368
0.00280954
0.00264523
0.00248197
0.00233322
0.00218684
0.00205595
0.00192697
0.00181065
0.00169393
0.00158448
0.00147116
0.00135924
0.00124002
0.00111782
0.000986084
0.000849744
0.000703307
0.000553866
0.000394905
0.000237569
7.29041e-05
0.0639066
0.0613305
0.05891
0.057714
0.0566816
0.0556304
0.05471
0.0539065
0.0531615
0.0524686
0.051804
0.0511816
0.0505653
0.0499826
0.0493933
0.048831
0.0482579
0.0477011
0.0471387
0.0465758
0.0460208
0.0454439
0.0448925
0.0442983
0.0437437
0.0431343
0.042566
0.0419479
0.0413534
0.0407347
0.0401036
0.0394885
0.0388179
0.038203
0.0375008
0.036874
0.0361579
0.0355031
0.0347944
0.0341002
0.0334147
0.0326839
0.0320251
0.031279
0.0306391
0.0299127
0.0292803
0.02861
0.0279824
0.0273925
0.0267827
0.0262776
0.0257136
0.0252803
0.0247941
0.0244128
0.0240259
0.0236815
0.0233946
0.0230835
0.0228761
0.0226053
0.0224445
0.0222236
0.0220765
0.0219089
0.0217538
0.0216307
0.0214611
0.0213627
0.021185
0.0210868
0.0209128
0.0207939
0.0206331
0.0204828
0.020337
0.0201568
0.0200196
0.019821
0.0196815
0.0194793
0.0193273
0.0191331
0.0189634
0.0187817
0.0185952
0.018423
0.0182255
0.0180559
0.0178542
0.0176807
0.0174795
0.0172987
0.0170997
0.0169116
0.0167144
0.016521
0.0163246
0.016128
0.0159327
0.0157341
0.0155413
0.0153414
0.0151524
0.0149524
0.0147679
0.0145701
0.0143892
0.0141966
0.0140178
0.0138326
0.0136542
0.0134771
0.0132983
0.0131275
0.0129481
0.0127804
0.012601
0.0124326
0.0122538
0.0120823
0.0119046
0.0117294
0.0115531
0.0113756
0.0112009
0.0110234
0.0108509
0.0106759
0.0105059
0.0103348
0.0101676
0.0100001
0.00983568
0.0096703
0.00950804
0.00934323
0.00918213
0.00901712
0.00885637
0.00869175
0.0085311
0.00836854
0.00820836
0.00804957
0.00789044
0.00773598
0.00757805
0.00742654
0.00726919
0.00711758
0.00695972
0.0068046
0.00664545
0.00648493
0.00632504
0.00616025
0.00600182
0.00583709
0.00568345
0.00552472
0.0053787
0.00523068
0.00509284
0.00495622
0.00482374
0.00469415
0.00456128
0.00443067
0.00429069
0.00415057
0.00399854
0.0038436
0.00367862
0.00350905
0.00333516
0.0031569
0.00298213
0.00280496
0.00263882
0.00247293
0.00232302
0.00217527
0.00204438
0.0019157
0.00180066
0.0016857
0.00157844
0.00146762
0.0013581
0.00124127
0.00112094
0.000990744
0.000855129
0.00070908
0.000558843
0.000399125
0.000238774
7.14452e-05
0.0663079
0.0618507
0.0588489
0.0576891
0.0566584
0.0555925
0.0546771
0.0538829
0.0531452
0.0524582
0.0517984
0.0511805
0.0505668
0.0499876
0.0493994
0.0488398
0.048267
0.0477119
0.0471497
0.0465871
0.0460331
0.0454545
0.0449053
0.0443074
0.0437555
0.0431413
0.0425747
0.0419527
0.0413567
0.0407365
0.0400992
0.0394859
0.0388044
0.0381927
0.0374772
0.0368514
0.0361237
0.0354633
0.0347481
0.0340399
0.0333532
0.0326019
0.0319441
0.0311763
0.0305342
0.0297915
0.0291498
0.028473
0.027829
0.0272418
0.0266137
0.0261161
0.0255391
0.0251122
0.0246242
0.0242446
0.0238683
0.0235217
0.0232539
0.0229407
0.0227539
0.022486
0.0223408
0.0221303
0.0219911
0.0218404
0.0216867
0.0215831
0.0214123
0.0213307
0.0211536
0.0210656
0.0208965
0.02078
0.0206282
0.0204744
0.0203392
0.0201533
0.0200249
0.0198218
0.0196869
0.0194838
0.0193315
0.01914
0.0189666
0.0187894
0.0185982
0.0184303
0.018229
0.0180621
0.0178584
0.0176855
0.0174842
0.0173025
0.0171042
0.0169146
0.0167182
0.0165233
0.0163275
0.0161296
0.0159348
0.0157348
0.0155425
0.0153411
0.0151528
0.0149514
0.0147673
0.0145685
0.0143876
0.0141948
0.0140151
0.0138307
0.013651
0.0134752
0.013295
0.0131256
0.0129453
0.0127784
0.0125989
0.0124307
0.0122524
0.0120805
0.0119036
0.0117276
0.011552
0.0113737
0.0111993
0.0110213
0.0108487
0.0106734
0.0105031
0.0103319
0.0101646
0.00999697
0.00983269
0.00966727
0.00950534
0.00934048
0.00917973
0.00901472
0.00885408
0.00868957
0.00852863
0.00836631
0.0082055
0.00804709
0.00788724
0.00773322
0.00757485
0.00742375
0.0072665
0.00711512
0.00695794
0.00680272
0.0066446
0.00648358
0.00632464
0.00615899
0.00600099
0.00583528
0.00568129
0.00552178
0.00537482
0.00522652
0.00508761
0.0049514
0.00481828
0.00468972
0.004557
0.00442772
0.00428867
0.00414976
0.00399908
0.00384481
0.00368105
0.00351137
0.0033381
0.00315891
0.00298394
0.00280525
0.00263815
0.00247058
0.00231935
0.00217029
0.00203828
0.00190905
0.00179353
0.00167892
0.00157202
0.00146227
0.00135377
0.00123834
0.00111923
0.000990347
0.000855622
0.000710502
0.000560261
0.000401068
0.000239716
7.32768e-05
0.0693881
0.0634512
0.0595374
0.0581475
0.0569899
0.0558374
0.0548753
0.0540533
0.0532966
0.052596
0.0519267
0.0513014
0.0506823
0.0500985
0.0495068
0.048944
0.0483687
0.0478112
0.0472469
0.0466824
0.0461264
0.0455461
0.0449947
0.0443953
0.0438409
0.0432252
0.0426557
0.042032
0.0414328
0.0408104
0.0401699
0.0395531
0.0388689
0.0382522
0.0375346
0.0369022
0.0361723
0.0355047
0.0347861
0.0340714
0.0333792
0.0326229
0.031957
0.0311861
0.0305341
0.0297892
0.029138
0.0284581
0.0278074
0.0272152
0.0265843
0.0260798
0.0255036
0.0250696
0.0245841
0.0241996
0.023825
0.0234775
0.0232093
0.0228994
0.0227102
0.0224481
0.0223
0.0220956
0.021955
0.0218083
0.0216561
0.0215532
0.0213869
0.0213033
0.0211321
0.0210411
0.0208776
0.020759
0.0206107
0.020457
0.0203225
0.0201391
0.0200089
0.0198099
0.019672
0.019473
0.0193182
0.0191295
0.018955
0.0187787
0.0185881
0.0184195
0.01822
0.0180515
0.01785
0.0176755
0.0174759
0.0172931
0.017096
0.016906
0.0167101
0.0165153
0.0163197
0.016122
0.0159273
0.0157277
0.0155354
0.0153345
0.0151459
0.0149453
0.0147606
0.0145629
0.0143812
0.0141894
0.0140091
0.0138254
0.0136455
0.0134697
0.0132898
0.01312
0.0129404
0.0127729
0.0125942
0.0124254
0.0122478
0.0120755
0.0118991
0.0117231
0.0115476
0.0113696
0.0111952
0.0110176
0.0108448
0.0106698
0.0104994
0.0103284
0.010161
0.00999348
0.00982914
0.00966384
0.00950183
0.00933719
0.00917632
0.00901164
0.00885085
0.0086867
0.00852565
0.00836357
0.00820276
0.00804433
0.00788464
0.00773033
0.00757226
0.00742068
0.00726384
0.007112
0.00695521
0.00679978
0.00664195
0.00648111
0.00632221
0.00615713
0.00599891
0.00583395
0.00567951
0.00552067
0.00537313
0.00522514
0.00508572
0.00494936
0.00481596
0.00468689
0.0045542
0.00442431
0.00428559
0.00414625
0.00399608
0.00384174
0.00367854
0.0035092
0.00333635
0.0031578
0.00298297
0.00280499
0.00263769
0.0024707
0.00231894
0.00217016
0.00203741
0.00190818
0.00179191
0.00167711
0.00156961
0.00145967
0.00135084
0.00123532
0.00111616
0.000987355
0.000852825
0.000707831
0.000557954
0.000398786
0.000238776
7.51611e-05
)
;

boundaryField
{
    inlet
    {
        type            zeroGradient;
    }
    outlet
    {
        type            fixedValue;
        value           uniform 0;
    }
    wall
    {
        type            zeroGradient;
    }
    axis
    {
        type            symmetryPlane;
    }
    frontAndBack
    {
        type            empty;
    }
}


// ************************************************************************* //
